0 0.458320 0.267696 0.124436 0.059202
0 0.525371 0.745174 0.120812 0.054054
0 0.510873 0.658301 0.103898 0.050193
0 0.557386 0.842986 0.158264 0.048906
0 0.240254 0.673102 0.111147 0.046332
0 0.246295 0.751609 0.132893 0.061776
0 0.303680 0.815959 0.126853 0.056628
0 0.348381 0.839768 0.117188 0.055341
0 0.701741 0.351512 0.097405 0.043436
0 0.707404 0.380470 0.092119 0.033784
0 0.708915 0.411036 0.101180 0.043436
0 0.715333 0.446026 0.097405 0.042632
0 0.717220 0.472571 0.096650 0.037806
0 0.724016 0.503941 0.086079 0.036197
0 0.735720 0.601673 0.095895 0.046654
0 0.740628 0.625804 0.104200 0.037001
0 0.745913 0.650740 0.095139 0.045045
0 0.749311 0.693372 0.095895 0.041828
0 0.753086 0.720319 0.089854 0.039414
0 0.758750 0.742037 0.095139 0.034588
0 0.765168 0.784266 0.101935 0.035393
0 0.767810 0.808398 0.096650 0.035393