0 0.665676 0.633729 0.023236 0.053863
0 0.675842 0.635397 0.024481 0.054340
0 0.686630 0.638019 0.025311 0.052910
0 0.698871 0.641832 0.026556 0.046237
0 0.695551 0.672339 0.029875 0.050050
0 0.728331 0.664474 0.039004 0.040993
0 0.734555 0.672101 0.039833 0.037180
0 0.739949 0.681396 0.041493 0.037657
0 0.757584 0.689737 0.039419 0.039087
0 0.772729 0.701177 0.039004 0.041947
0 0.816495 0.738573 0.039030 0.040686
0 0.825349 0.745838 0.040837 0.040271
0 0.845225 0.765143 0.040837 0.040686
0 0.856248 0.768257 0.039753 0.038610
0 0.873233 0.791298 0.040476 0.038195
0 0.881365 0.797526 0.040837 0.039856
0 0.898531 0.806452 0.036139 0.034458
0 0.905758 0.812679 0.038308 0.037780
0 0.913348 0.819944 0.041922 0.039025
0 0.932682 0.848591 0.037946 0.041516
0 0.942621 0.855648 0.039753 0.037365
0 0.942621 0.870802 0.036862 0.036949
0 0.941175 0.894051 0.029634 0.036949
0 0.883171 0.905468 0.016263 0.045668
0 0.873595 0.909619 0.018792 0.053971
0 0.866005 0.900278 0.020961 0.050235
0 0.841973 0.882634 0.019877 0.051480
0 0.833119 0.877652 0.018792 0.052310
0 0.817759 0.867273 0.021322 0.050650
0 0.804569 0.848798 0.018070 0.049404
0 0.794450 0.849006 0.017347 0.049819
0 0.788487 0.841948 0.019154 0.052310
0 0.779452 0.836966 0.016263 0.050650
0 0.772585 0.832399 0.019877 0.051480
0 0.748734 0.812471 0.021322 0.051480
0 0.736085 0.797526 0.022768 0.054801
0 0.719641 0.782580 0.021684 0.058123
0 0.712414 0.774069 0.018070 0.046083
0 0.706451 0.818491 0.041560 0.028646
0 0.683683 0.770540 0.024213 0.053971
0 0.673022 0.771578 0.021684 0.038610
0 0.667240 0.759954 0.029634 0.050235
0 0.636702 0.767426 0.036501 0.041931
0 0.791920 0.919168 0.038308 0.036534
0 0.790294 0.931415 0.032164 0.032798
0 0.779633 0.936605 0.036139 0.039856
0 0.856971 0.984348 0.020238 0.028231
0 0.865102 0.989683 0.018431 0.020634
0 0.875763 0.991136 0.017347 0.017727
0 0.705547 0.332337 0.022406 0.051065
0 0.695790 0.322581 0.027466 0.048989
0 0.681695 0.321335 0.027466 0.053971
0 0.669047 0.314900 0.027466 0.047744
0 0.657663 0.311164 0.022045 0.054386
0 0.641942 0.303691 0.021684 0.051065
0 0.659108 0.263213 0.047342 0.020758
0 0.580325 0.389837 0.045897 0.024910
0 0.679166 0.504629 0.024575 0.056877
0 0.378126 0.084485 0.046258 0.038610
0 0.360598 0.212355 0.045174 0.036119
0 0.353370 0.238926 0.047342 0.036949
0 0.351202 0.253871 0.040837 0.036119
0 0.377584 0.304106 0.053847 0.026986
0 0.425649 0.343754 0.045174 0.029061
0 0.362947 0.326940 0.049872 0.025325
0 0.463595 0.687508 0.023491 0.056462
0 0.414084 0.686055 0.024936 0.054386
0 0.326266 0.396064 0.024213 0.055632
0 0.332229 0.486985 0.020238 0.055632
0 0.315063 0.482833 0.023491 0.051480
0 0.300065 0.476190 0.020238 0.047328
0 0.289223 0.475775 0.019515 0.051480
0 0.273322 0.473700 0.019515 0.053141
0 0.264468 0.473907 0.016985 0.054386
0 0.254349 0.468302 0.019877 0.050650
0 0.174662 0.547183 0.016624 0.053971
0 0.166169 0.535143 0.014817 0.053141
0 0.149364 0.511687 0.015901 0.052726
0 0.186407 0.441524 0.042283 0.031967
0 0.194358 0.422635 0.043006 0.034874
0 0.199237 0.294350 0.031803 0.053141
0 0.238086 0.287499 0.026382 0.042762
0 0.242784 0.278158 0.027104 0.048989
0 0.247663 0.267572 0.026020 0.046083
0 0.248024 0.248059 0.028189 0.048574
0 0.251819 0.234359 0.029273 0.046083
0 0.257601 0.189729 0.029996 0.044007
0 0.261757 0.176859 0.029634 0.049819
0 0.274406 0.122680 0.033248 0.055217
0 0.286332 0.104413 0.023852 0.044422