0 0.028484 0.310167 0.029800 0.088374
0 0.042579 0.405834 0.032217 0.084084
0 0.072782 0.635779 0.034633 0.082368
0 0.088085 0.739168 0.033022 0.091806
0 0.244738 0.346632 0.033827 0.070356
0 0.399377 0.167739 0.033827 0.105534
0 0.443272 0.251823 0.124839 0.035178
0 0.381255 0.392535 0.042687 0.117546
0 0.239503 0.612613 0.107120 0.046332
0 0.237489 0.661090 0.098260 0.036894
0 0.249168 0.722008 0.103898 0.045474
0 0.363536 0.812098 0.042687 0.127842
0 0.446091 0.777778 0.045103 0.112398
0 0.464616 0.751609 0.032217 0.106392
0 0.485959 0.747319 0.028189 0.101244
0 0.525425 0.749893 0.034633 0.096096
0 0.553614 0.737023 0.042687 0.109824
0 0.654291 0.771343 0.037854 0.102960
0 0.672413 0.763621 0.035438 0.101244
0 0.743692 0.743887 0.041076 0.121836
0 0.719126 0.515659 0.107925 0.032604
0 0.700199 0.464178 0.118396 0.044616
0 0.694561 0.435435 0.118396 0.045474
0 0.692548 0.400686 0.114369 0.044616
0 0.686910 0.374088 0.112758 0.048048
0 0.819803 0.426426 0.096650 0.092664
0 0.882625 0.390819 0.101482 0.042042