0 0.529996 0.229628 0.058344 0.060963
0 0.693874 0.172052 0.039468 0.077220
0 0.663415 0.219806 0.042042 0.086026
0 0.612364 0.271964 0.042900 0.073833
0 0.598207 0.297365 0.042042 0.073156
0 0.561313 0.321750 0.043758 0.071801
0 0.546298 0.340717 0.039468 0.070446
0 0.531712 0.357990 0.041184 0.077897
0 0.517126 0.372214 0.044616 0.076543
0 0.500824 0.380343 0.048048 0.077897
0 0.472081 0.425726 0.042042 0.076543
0 0.439477 0.456208 0.042042 0.079252
0 0.412879 0.499898 0.040326 0.079930
0 0.399151 0.517510 0.036894 0.070446
0 0.384565 0.530719 0.040326 0.076543
0 0.365689 0.544605 0.040326 0.055544
0 0.356251 0.564926 0.047190 0.078575
0 0.311635 0.618099 0.045474 0.079252
0 0.299623 0.643839 0.038610 0.073833
0 0.253720 0.688546 0.041184 0.073833
0 0.226264 0.724785 0.044616 0.075865
0 0.212536 0.748154 0.041184 0.079252
0 0.195767 0.766838 0.041434 0.071858
0 0.182522 0.779976 0.040755 0.075611
0 0.166559 0.795260 0.045510 0.080438
0 0.145163 0.809470 0.040755 0.069176
0 0.320749 0.738953 0.068604 0.074003