0 0.351852 0.382036 0.058469 0.070446
0 0.419240 0.294994 0.046577 0.052157
0 0.243338 0.803360 0.065406 0.063673
0 0.318158 0.863984 0.100091 0.031836
0 0.415276 0.720721 0.111983 0.031159
0 0.347393 0.669241 0.061442 0.063673
0 0.467304 0.670595 0.110992 0.024385
0 0.470277 0.652645 0.109010 0.031836
0 0.493277 0.622797 0.101513 0.029097
0 0.501464 0.605730 0.096601 0.031895
0 0.565728 0.523194 0.100694 0.030217
0 0.589469 0.492138 0.094145 0.030776
0 0.612391 0.473113 0.095782 0.029657
0 0.635313 0.440098 0.092508 0.026300
0 0.663557 0.407084 0.098238 0.030776
0 0.669697 0.390857 0.097420 0.026300
0 0.704080 0.366236 0.100694 0.027419
0 0.700806 0.341335 0.079409 0.024621
0 0.785945 0.387220 0.071223 0.072744
0 0.729868 0.466398 0.057306 0.060993
0 0.571049 0.383582 0.058943 0.063231
0 0.410184 0.871244 0.041751 0.045884
0 0.472811 0.788428 0.044207 0.043646