0 0.280897 0.025988 0.092333 0.041085
0 0.313963 0.040838 0.098572 0.044055
0 0.314586 0.054450 0.114792 0.044550
0 0.395690 0.057173 0.067378 0.064845
0 0.242217 0.288833 0.057396 0.053955
0 0.532941 0.108405 0.054901 0.053460
0 0.511106 0.129690 0.063635 0.054450
0 0.517969 0.066578 0.054901 0.038115
0 0.598448 0.395753 0.061139 0.051975
0 0.514849 0.415800 0.121031 0.036630
0 0.550410 0.435105 0.069874 0.021780
0 0.532318 0.440550 0.116040 0.035640
0 0.538556 0.456390 0.111049 0.035640
0 0.541676 0.469013 0.122279 0.037125
0 0.546043 0.493268 0.113545 0.038115
0 0.546667 0.506138 0.122279 0.040095
0 0.556649 0.524948 0.104810 0.038115
0 0.578484 0.544996 0.111049 0.038610
0 0.585347 0.571231 0.122279 0.040590
0 0.590961 0.588803 0.121031 0.036135
0 0.587218 0.601673 0.118536 0.035145
0 0.592833 0.617513 0.114792 0.041085
0 0.628394 0.649441 0.118536 0.037620
0 0.641495 0.669488 0.069874 0.022275
0 0.625898 0.678151 0.116040 0.037620
0 0.635256 0.695723 0.122279 0.037125
0 0.658963 0.725671 0.087342 0.026730
0 0.662707 0.742006 0.119783 0.038610
0 0.655220 0.753391 0.119783 0.037620
0 0.674560 0.773191 0.123527 0.036630
0 0.684542 0.803386 0.123527 0.040590
0 0.693276 0.822691 0.126022 0.042570
0 0.443104 0.403425 0.069874 0.052470
0 0.464316 0.454410 0.069874 0.061380
0 0.493638 0.517276 0.053653 0.054450
0 0.516721 0.573706 0.054901 0.041580
0 0.536685 0.627166 0.062387 0.053460
0 0.575989 0.715276 0.056148 0.054450
0 0.625274 0.805613 0.047414 0.040095
0 0.450590 0.581131 0.064883 0.063360
0 0.467435 0.649688 0.066130 0.057915
0 0.501124 0.719236 0.061139 0.050490
0 0.527950 0.775171 0.059892 0.058410
0 0.540428 0.816998 0.052405 0.030195
0 0.360129 0.702653 0.073617 0.054945
0 0.415030 0.651173 0.041176 0.038115