0 0.702381 0.185328 0.040755 0.074646
0 0.684041 0.203990 0.036680 0.073359
0 0.665294 0.213964 0.033419 0.057272
0 0.652252 0.237130 0.041570 0.085586
0 0.631060 0.257400 0.036680 0.073359
0 0.614758 0.277671 0.030159 0.080438
0 0.597233 0.296332 0.042385 0.090734
0 0.565036 0.330438 0.036680 0.072716
0 0.549550 0.345560 0.036680 0.069498
0 0.520613 0.383848 0.037495 0.066281
0 0.508795 0.409910 0.035049 0.069498
0 0.488009 0.408623 0.039125 0.075933
0 0.471707 0.424389 0.042385 0.080438
0 0.462334 0.462355 0.039940 0.074003
0 0.446847 0.469112 0.035049 0.074646
0 0.413428 0.503539 0.033419 0.072716
0 0.401201 0.527027 0.036680 0.074646
0 0.382046 0.528958 0.022823 0.043758
0 0.355963 0.571750 0.037495 0.072716
0 0.325804 0.607465 0.035864 0.077220
0 0.311540 0.623874 0.036680 0.072716
0 0.297276 0.645753 0.040755 0.081725
0 0.269970 0.681145 0.041570 0.077864
0 0.252038 0.692728 0.036680 0.077864
0 0.221064 0.716860 0.036680 0.072072
0 0.177456 0.784427 0.042385 0.077220
0 0.165637 0.802124 0.041570 0.077864
0 0.149743 0.815637 0.040755 0.081725
0 0.091055 0.930502 0.096182 0.034749
0 0.326619 0.733269 0.070099 0.072716