0 0.215788 0.960751 0.096202 0.077490
0 0.038801 0.955553 0.077602 0.036855
0 0.055914 0.924683 0.098983 0.045045
0 0.279738 0.909091 0.086193 0.082530
0 0.285299 0.876016 0.075071 0.063630
0 0.300313 0.864518 0.079520 0.077175
0 0.319498 0.846091 0.082300 0.077490
0 0.329507 0.822781 0.081188 0.082530
0 0.254158 0.837113 0.076183 0.084735
0 0.354809 0.791753 0.099539 0.087885
0 0.364819 0.759308 0.086193 0.081585
0 0.376218 0.742928 0.072291 0.075915
0 0.402354 0.737731 0.083413 0.085680
0 0.194379 0.789548 0.117890 0.055125
0 0.224686 0.762301 0.131792 0.054810
0 0.239422 0.732691 0.129011 0.056700
0 0.085665 0.758836 0.080632 0.078750
0 0.103459 0.727178 0.066174 0.071505
0 0.271953 0.691268 0.134016 0.045045
0 0.290025 0.653941 0.134572 0.044100
0 0.352307 0.693001 0.075627 0.073710
0 0.419593 0.688118 0.085637 0.080955
0 0.435163 0.673786 0.075627 0.073710
0 0.451846 0.655201 0.073403 0.075600
0 0.469640 0.638191 0.081188 0.077490
0 0.420705 0.606376 0.072291 0.078120
0 0.482430 0.591413 0.084525 0.076545
0 0.501615 0.572986 0.079520 0.075600
0 0.514127 0.550306 0.076740 0.069930
0 0.530254 0.533926 0.066730 0.061740
0 0.475757 0.519908 0.072291 0.065835
0 0.157678 0.522271 0.084525 0.095760
0 0.168243 0.648271 0.048935 0.088200
0 0.553053 0.493605 0.066730 0.077490
0 0.581413 0.488723 0.073403 0.076545
0 0.582525 0.457380 0.072291 0.074970
0 0.600042 0.438323 0.082856 0.085365
0 0.516908 0.450293 0.060057 0.067095
0 0.617837 0.401468 0.077296 0.074655
0 0.640358 0.387450 0.082300 0.074340
0 0.648421 0.361305 0.071735 0.074340
0 0.601432 0.325553 0.084525 0.082215
0 0.659821 0.347760 0.064506 0.068670
0 0.681508 0.304920 0.073403 0.073710
0 0.707922 0.289958 0.082856 0.074655
0 0.735726 0.251370 0.078408 0.078120
0 0.756858 0.211208 0.075071 0.076545
0 0.772150 0.191520 0.077852 0.078750
0 0.798564 0.156870 0.080632 0.074970
0 0.813300 0.136395 0.081188 0.078120
0 0.823588 0.115448 0.079520 0.081585
0 0.943424 0.111353 0.075627 0.075915
0 0.672889 0.228533 0.080632 0.080955
0 0.739063 0.132773 0.066174 0.069615
0 0.782159 0.071505 0.071179 0.073710
0 0.972896 0.039690 0.052272 0.074340
0 0.474367 0.185535 0.081744 0.081270
0 0.873079 0.814906 0.080632 0.081270
0 0.919512 0.834121 0.058945 0.073080
0 0.940365 0.720406 0.076183 0.083160