0 0.708473 0.348639 0.100870 0.024361
0 0.694015 0.365416 0.100197 0.024821
0 0.692334 0.379665 0.100870 0.025740
0 0.685946 0.393914 0.098852 0.025740
0 0.673169 0.411381 0.096162 0.026659
0 0.650305 0.428388 0.096162 0.029417
0 0.649297 0.443786 0.096835 0.030796
0 0.595836 0.492738 0.094817 0.029417
0 0.581378 0.511583 0.094145 0.029417
0 0.569946 0.527900 0.096835 0.028958
0 0.554143 0.545367 0.098852 0.028958
0 0.542711 0.562374 0.097507 0.026200
0 0.538676 0.578001 0.097507 0.032635
0 0.511105 0.608798 0.096162 0.032635
0 0.474120 0.644650 0.098852 0.029877
0 0.464033 0.662116 0.094817 0.028038
0 0.453946 0.675676 0.090783 0.025740
0 0.446885 0.690844 0.095490 0.027579
0 0.442178 0.706472 0.095490 0.028498
0 0.436125 0.722100 0.069936 0.022982
0 0.384346 0.759561 0.096835 0.028038
0 0.383673 0.775878 0.096835 0.031256
0 0.350722 0.805755 0.088765 0.032175
0 0.321806 0.837930 0.099525 0.033094
0 0.320798 0.853558 0.069264 0.019305
0 0.298943 0.742554 0.064557 0.063890
0 0.449911 0.540081 0.057159 0.061592
0 0.509760 0.464470 0.062539 0.063890
0 0.700740 0.505837 0.054470 0.062052
0 0.654340 0.568809 0.053125 0.062971
0 0.566920 0.676135 0.061194 0.065269
0 0.519847 0.740715 0.058504 0.067568
0 0.400148 0.833333 0.057159 0.061592
0 0.415279 0.879987 0.053797 0.059294