0 0.402076 0.960845 0.072847 0.078309
0 0.293640 0.936653 0.078408 0.074025
0 0.312547 0.923266 0.080632 0.076860
0 0.324503 0.902003 0.078964 0.071505
0 0.338405 0.882158 0.075627 0.067095
0 0.357590 0.866723 0.080632 0.080955
0 0.285577 0.859636 0.078964 0.078750
0 0.207169 0.839318 0.127899 0.052605
0 0.233027 0.807976 0.118446 0.061740
0 0.258051 0.772696 0.116221 0.057960
0 0.147668 0.743243 0.058945 0.074025
0 0.378165 0.819473 0.066174 0.068985
0 0.389564 0.800888 0.071179 0.070245
0 0.404301 0.781043 0.070623 0.071505
0 0.424042 0.766396 0.074515 0.074340
0 0.339517 0.779311 0.063394 0.070560
0 0.446007 0.723871 0.069510 0.071190
0 0.463524 0.707491 0.068954 0.074970
0 0.480762 0.681818 0.071179 0.066465
0 0.417369 0.674731 0.090086 0.084420
0 0.365097 0.701978 0.071179 0.077805
0 0.516908 0.635356 0.080076 0.078120
0 0.530254 0.612833 0.073403 0.068985
0 0.558058 0.569678 0.065618 0.072135
0 0.588920 0.538966 0.081744 0.076860
0 0.602266 0.512348 0.071735 0.070875
0 0.451012 0.577081 0.068398 0.083790
0 0.485767 0.573301 0.066730 0.081270
0 0.287245 0.514396 0.066730 0.075600
0 0.538317 0.492818 0.071735 0.074025
0 0.592535 0.413123 0.067842 0.090405
0 0.663436 0.416903 0.083969 0.069615
0 0.625344 0.320040 0.076740 0.081900
0 0.650368 0.330278 0.066730 0.071505
0 0.892820 0.849083 0.095646 0.090405
0 0.642026 0.630158 0.075627 0.086625
0 0.675391 0.397845 0.091198 0.069930
0 0.694298 0.378788 0.084525 0.066465
0 0.730166 0.318150 0.091754 0.076230
0 0.762140 0.285705 0.086749 0.074970
0 0.786886 0.242708 0.080632 0.078435
0 0.807461 0.226013 0.079520 0.072765
0 0.800788 0.199395 0.086193 0.084420
0 0.824700 0.184590 0.081744 0.069930
0 0.855006 0.153090 0.083413 0.076860
0 0.720712 0.228060 0.080632 0.081270
0 0.799954 0.114345 0.073403 0.077490
0 0.940365 0.138443 0.072847 0.079065