0 0.596508 0.399430 0.055815 0.065269
0 0.499337 0.514801 0.051107 0.057915
0 0.446549 0.588114 0.062539 0.060213
0 0.707129 0.393455 0.087420 0.027579
0 0.678885 0.425400 0.088765 0.026200
0 0.670479 0.442866 0.089438 0.022523
0 0.609957 0.526062 0.089438 0.028038
0 0.571627 0.557547 0.088093 0.027579
0 0.484207 0.671999 0.097507 0.031256
0 0.526908 0.614083 0.114319 0.043206
0 0.563221 0.573405 0.084731 0.025280
0 0.452937 0.704863 0.090110 0.030796
0 0.420659 0.753126 0.107594 0.030796
0 0.404183 0.771971 0.090783 0.031715
0 0.367870 0.805985 0.080023 0.027119
0 0.342653 0.866428 0.090110 0.027579
0 0.448902 0.869875 0.052452 0.062052