0 0.218301 0.042878 0.057245 0.028748
0 0.146958 0.047549 0.061517 0.030904
0 0.076897 0.052580 0.061517 0.028029
0 0.020506 0.056533 0.041012 0.028748
0 0.050624 0.120497 0.060236 0.034497
0 0.049129 0.176196 0.054682 0.025154
0 0.049129 0.194523 0.061517 0.027310
0 0.046565 0.215365 0.058100 0.028748
0 0.167464 0.263517 0.023923 0.093430
0 0.178785 0.268907 0.024351 0.098461
0 0.191601 0.273220 0.026914 0.107086
0 0.279819 0.298015 0.063226 0.048871
0 0.306519 0.107561 0.039730 0.099180
0 0.332792 0.103248 0.040157 0.106367
0 0.353298 0.111873 0.038448 0.099180
0 0.398795 0.118700 0.036312 0.105648
0 0.421864 0.124450 0.033749 0.094149
0 0.383843 0.034972 0.063653 0.034497
0 0.461167 0.135590 0.032040 0.099180
0 0.479323 0.145292 0.028195 0.085525
0 0.513286 0.149963 0.032040 0.103492
0 0.534219 0.171165 0.038876 0.101336
0 0.540414 0.321732 0.056391 0.071869
0 0.556220 0.285797 0.066644 0.077619
0 0.482314 0.060845 0.061517 0.044559
0 0.552802 0.095702 0.059809 0.056777
0 0.605135 0.064798 0.058527 0.069713
0 0.658749 0.109717 0.037594 0.041684
0 0.879614 0.278250 0.061517 0.051027
0 0.915713 0.315982 0.079033 0.041684
0 0.986372 0.299093 0.027256 0.025154
0 0.708732 0.307358 0.061517 0.061808
0 0.704887 0.280766 0.055537 0.058933
0 0.330229 0.322810 0.039303 0.108523
0 0.339841 0.332153 0.040584 0.091274
0 0.350948 0.342933 0.038876 0.094149
0 0.370600 0.357307 0.034604 0.088399
0 0.393028 0.367369 0.038448 0.097024
0 0.402854 0.377071 0.041012 0.097742
0 0.412679 0.391086 0.041012 0.097024
0 0.441729 0.418037 0.040157 0.094868
0 0.456681 0.424864 0.029050 0.084087
0 0.466080 0.442472 0.035031 0.097742
0 0.475478 0.454690 0.035885 0.093430
0 0.487013 0.462955 0.035885 0.095586
0 0.522257 0.528356 0.042293 0.097024
0 0.522898 0.560697 0.035031 0.082650
0 0.533365 0.565010 0.038876 0.089837
0 0.546608 0.595554 0.040584 0.091993
0 0.556434 0.615678 0.037167 0.089118
0 0.557929 0.644785 0.036740 0.089837
0 0.569036 0.656643 0.036740 0.089118
0 0.587192 0.676767 0.033749 0.094868
0 0.595523 0.693656 0.035885 0.095586
0 0.613465 0.718092 0.036740 0.097024
0 0.630767 0.741809 0.038021 0.091274
0 0.642088 0.749355 0.036740 0.096305
0 0.682459 0.784571 0.039730 0.099180
0 0.835398 0.904952 0.038021 0.099899
0 0.906100 0.839551 0.036740 0.094149