0 0.162043 0.512599 0.033366 0.017950
0 0.177819 0.520050 0.033003 0.017950
0 0.261959 0.546298 0.033728 0.019644
0 0.372030 0.586940 0.031915 0.018289
0 0.265948 0.365610 0.030827 0.013209
0 0.296775 0.398970 0.014869 0.029127
0 0.286077 0.320734 0.034816 0.016257
0 0.330141 0.233354 0.030827 0.013547
0 0.363727 0.163350 0.029330 0.014520
0 0.390583 0.115500 0.030037 0.013860
0 0.390230 0.108075 0.031450 0.014190
0 0.438642 0.127710 0.016608 0.035640
0 0.378039 0.243540 0.016962 0.027060
0 0.398358 0.368115 0.018022 0.036630
0 0.405602 0.351780 0.018375 0.031020
0 0.432811 0.298815 0.015548 0.026730
0 0.436345 0.289905 0.021202 0.033330
0 0.458431 0.254265 0.015902 0.031350
0 0.468679 0.229350 0.020849 0.034320
0 0.473802 0.222090 0.016255 0.027060
0 0.498892 0.108735 0.012721 0.032670
0 0.516914 0.130515 0.016255 0.030690
0 0.546950 0.177210 0.035337 0.019140
0 0.488114 0.251130 0.022262 0.035640
0 0.499068 0.286275 0.036397 0.015510
0 0.562852 0.740686 0.032510 0.016830
0 0.664800 0.617761 0.019435 0.032340
0 0.771341 0.661156 0.017669 0.030030
0 0.778762 0.644326 0.021909 0.031350
0 0.802791 0.586246 0.016255 0.023430
0 0.823287 0.532951 0.018375 0.029040
0 0.836185 0.513151 0.020142 0.032340
0 0.820813 0.741511 0.018375 0.030360
0 0.859507 0.776491 0.037104 0.017160
0 0.865161 0.759496 0.033570 0.017490
0 0.885303 0.710491 0.028623 0.013200
0 0.900322 0.665116 0.028976 0.018810
0 0.906682 0.648616 0.033217 0.014190
0 0.923644 0.613801 0.028976 0.013860
0 0.928768 0.598456 0.029330 0.016170
0 0.930535 0.581626 0.027916 0.019470