0 0.401538 0.094050 0.031450 0.013860
0 0.401361 0.102465 0.030390 0.016170
0 0.374152 0.150480 0.032510 0.017160
0 0.341111 0.220440 0.032864 0.015840
0 0.352949 0.246345 0.015548 0.030690
0 0.386696 0.234960 0.016608 0.031680
0 0.448890 0.114345 0.017315 0.035970
0 0.526808 0.117975 0.018375 0.029370
0 0.557198 0.163515 0.038164 0.018150
0 0.484227 0.211200 0.015902 0.027720
0 0.481047 0.218790 0.020142 0.031020
0 0.498538 0.240240 0.020496 0.033000
0 0.504192 0.274065 0.028976 0.018150
0 0.447653 0.279345 0.019082 0.033990
0 0.443412 0.289410 0.016255 0.025740
0 0.416203 0.344850 0.018375 0.031020
0 0.407899 0.361515 0.017315 0.035310
0 0.306372 0.391642 0.017992 0.028243
0 0.274854 0.356730 0.030390 0.014520
0 0.295703 0.310530 0.034630 0.018480
0 0.186865 0.511666 0.033924 0.020790
0 0.272027 0.541036 0.033217 0.018150
0 0.380336 0.581626 0.030743 0.019470
0 0.536533 0.752292 0.027563 0.026947
0 0.672613 0.613239 0.020858 0.031305
0 0.777702 0.659506 0.019082 0.030690
0 0.784593 0.643666 0.019435 0.030690
0 0.809329 0.587731 0.015902 0.025080
0 0.828764 0.534601 0.016608 0.025740
0 0.839542 0.513811 0.020496 0.031020
0 0.825407 0.742336 0.020496 0.032670
0 0.865691 0.777316 0.032510 0.016170
0 0.872052 0.759661 0.032510 0.017160
0 0.888837 0.711811 0.032157 0.019140
0 0.941313 0.579976 0.032510 0.018150
0 0.935482 0.596971 0.027210 0.015840
0 0.930888 0.611656 0.029330 0.013530
0 0.907213 0.664126 0.031450 0.016830