0 0.269075 0.134723 0.038149 0.084662
0 0.231331 0.069178 0.051948 0.030041
0 0.539367 0.043234 0.057630 0.054621
0 0.698458 0.146330 0.054383 0.064179
0 0.880276 0.304731 0.047890 0.050524
0 0.813718 0.357303 0.036526 0.071007
0 0.734578 0.326579 0.058442 0.042331
0 0.711445 0.296538 0.057630 0.061448
0 0.657468 0.295172 0.022727 0.107876
0 0.607143 0.151792 0.060065 0.066910
0 0.558442 0.222799 0.038961 0.116069
0 0.504464 0.187979 0.039773 0.117435
0 0.355114 0.364131 0.046266 0.106511
0 0.429383 0.421483 0.042208 0.106511
0 0.482143 0.472007 0.038961 0.117435
0 0.536526 0.561448 0.047078 0.102414
0 0.564529 0.620849 0.049513 0.106511
0 0.633523 0.746476 0.043019 0.106511
0 0.846591 0.923994 0.045455 0.095586
0 0.860390 0.914435 0.045455 0.092855