0 0.681412 0.364382 0.097283 0.030566
0 0.633947 0.416399 0.098068 0.028421
0 0.615903 0.445356 0.099637 0.026276
0 0.604527 0.463320 0.100421 0.034320
0 0.573538 0.493887 0.093360 0.030030
0 0.560985 0.512924 0.088653 0.026276
0 0.541371 0.541613 0.087084 0.025740
0 0.529603 0.561186 0.091791 0.031639
0 0.494691 0.593361 0.095714 0.033784
0 0.468409 0.625536 0.087084 0.029494
0 0.448011 0.644841 0.093360 0.029494
0 0.426044 0.675944 0.091791 0.031639
0 0.403292 0.707314 0.096499 0.031103
0 0.388778 0.723402 0.094145 0.028958
0 0.376618 0.742707 0.093360 0.032175
0 0.349943 0.773810 0.096499 0.031103
0 0.346413 0.789629 0.092576 0.031639
0 0.324838 0.824753 0.102775 0.023595
0 0.298163 0.852370 0.093360 0.028421
0 0.288357 0.868994 0.091007 0.028421
0 0.262074 0.886154 0.094930 0.031639
0 0.205195 0.829311 0.058056 0.064886
0 0.363673 0.624196 0.059625 0.068640
0 0.502929 0.728496 0.065117 0.068104
0 0.726523 0.462248 0.050995 0.058988
0 0.788894 0.379129 0.067471 0.069713