0 0.664106 0.638283 0.018167 0.050089
0 0.676218 0.642283 0.021801 0.052524
0 0.687421 0.643848 0.025434 0.054263
0 0.700743 0.645588 0.023617 0.045915
0 0.711644 0.650805 0.034518 0.044523
0 0.744345 0.675850 0.039362 0.035479
0 0.749492 0.684893 0.039362 0.035479
0 0.756608 0.692024 0.035426 0.037219
0 0.770839 0.706633 0.037849 0.033740
0 0.778409 0.716721 0.038454 0.035132
0 0.798528 0.729796 0.036482 0.038610
0 0.808295 0.735241 0.039355 0.038280
0 0.816912 0.744976 0.041078 0.037290
0 0.841904 0.755866 0.029588 0.032010
0 0.854543 0.770386 0.038780 0.039270
0 0.871348 0.782101 0.040791 0.040260
0 0.896340 0.803551 0.042515 0.042240
0 0.915443 0.817081 0.039929 0.038280
0 0.919608 0.830941 0.033322 0.031680
0 0.936700 0.840181 0.030737 0.045540
0 0.941871 0.853216 0.026141 0.039930
0 0.947472 0.861631 0.029301 0.045540
0 0.949914 0.876646 0.029588 0.043890
0 0.716371 0.666601 0.030162 0.044220
0 0.635076 0.747946 0.041078 0.036630
0 0.659781 0.747286 0.022119 0.038610
0 0.669979 0.752236 0.022981 0.049170
0 0.677016 0.760321 0.018672 0.050820
0 0.686496 0.763456 0.021545 0.053130
0 0.693534 0.769066 0.021257 0.051810
0 0.703157 0.776326 0.016374 0.048510
0 0.714648 0.777481 0.018672 0.057420
0 0.721398 0.782596 0.017236 0.050490
0 0.727000 0.788866 0.025566 0.055110
0 0.748113 0.795466 0.017236 0.055770
0 0.760466 0.807181 0.022981 0.055440
0 0.768365 0.818731 0.014650 0.047520
0 0.775260 0.821536 0.017523 0.053130
0 0.784308 0.824011 0.016661 0.050820
0 0.792064 0.832096 0.020683 0.052470
0 0.803411 0.856846 0.016948 0.051810
0 0.818349 0.864106 0.018097 0.053130
0 0.829552 0.870376 0.016948 0.051810
0 0.838313 0.879286 0.014363 0.054450
0 0.852964 0.889516 0.018385 0.058410
0 0.875513 0.901561 0.018097 0.053460
0 0.890882 0.970531 0.026428 0.048840
0 0.867757 0.988565 0.014076 0.022869
0 0.860432 0.982295 0.024130 0.035409
0 0.849229 0.975316 0.031024 0.040590
0 0.760753 0.850246 0.040216 0.037290
0 0.699854 0.846616 0.024130 0.022110
0 0.783590 0.916741 0.038206 0.034320
0 0.781579 0.926476 0.038780 0.035310
0 0.779856 0.939841 0.039355 0.035640
0 0.418792 0.683302 0.024066 0.054817
0 0.453646 0.677106 0.020747 0.054817
0 0.659781 0.206580 0.024992 0.054780
0 0.672420 0.219285 0.024992 0.049830
0 0.619852 0.181335 0.020970 0.053790
0 0.659637 0.308715 0.024704 0.064350
0 0.648147 0.309210 0.018385 0.046200
0 0.632635 0.302610 0.019534 0.049500
0 0.624017 0.295515 0.018385 0.043890
0 0.584806 0.291225 0.020970 0.049830
0 0.638093 0.420420 0.045962 0.027060
0 0.625310 0.466950 0.044525 0.031680
0 0.624735 0.479655 0.045674 0.023430
0 0.623730 0.491205 0.043089 0.022110
0 0.623011 0.501436 0.043376 0.022110
0 0.617697 0.523546 0.045962 0.027390
0 0.614106 0.537241 0.043376 0.022440
0 0.580497 0.462990 0.026715 0.051480
0 0.606781 0.573541 0.047111 0.025740
0 0.598738 0.585091 0.045387 0.025740
0 0.573603 0.380655 0.042802 0.018810
0 0.537839 0.411510 0.044238 0.023100
0 0.518449 0.429495 0.041078 0.039930
0 0.518161 0.368115 0.043376 0.025410
0 0.468465 0.353100 0.043376 0.025740
0 0.415466 0.338580 0.043664 0.021120
0 0.441176 0.382635 0.041653 0.024090
0 0.359594 0.322245 0.043951 0.022770
0 0.332016 0.331155 0.051994 0.024750
0 0.346092 0.373065 0.049696 0.022770
0 0.296396 0.551266 0.045100 0.022110
0 0.327995 0.486090 0.022119 0.051480
0 0.348247 0.429660 0.018959 0.048840
0 0.324835 0.418440 0.019821 0.048840
0 0.298120 0.417450 0.020395 0.048840
0 0.282895 0.410850 0.020395 0.049500
0 0.272984 0.409200 0.012065 0.043560
0 0.266665 0.461505 0.020683 0.047190
0 0.275857 0.469260 0.019534 0.050820
0 0.285049 0.472395 0.015512 0.055770
0 0.295247 0.473880 0.020395 0.052140
0 0.301998 0.480315 0.020108 0.045210
0 0.286198 0.099825 0.026428 0.047190
0 0.277293 0.119955 0.030450 0.049830
0 0.373813 0.171270 0.046536 0.031020
0 0.360455 0.224895 0.041653 0.036630
0 0.358875 0.250800 0.045962 0.031020
0 0.267527 0.329505 0.057452 0.016170
0 0.263792 0.174900 0.029301 0.049500
0 0.312770 0.231330 0.042802 0.039600
0 0.073626 0.037785 0.046536 0.026730
0 0.032835 0.051315 0.029301 0.020790
0 0.249142 0.258225 0.027577 0.042570
0 0.246126 0.271755 0.029588 0.049830
0 0.211942 0.265320 0.027864 0.046860
0 0.202031 0.306240 0.027577 0.044880
0 0.197291 0.320595 0.027864 0.046530
0 0.198871 0.366630 0.045387 0.032340
0 0.201313 0.398640 0.045674 0.033660
0 0.199302 0.410850 0.041653 0.030360
0 0.196573 0.423720 0.044238 0.031680
0 0.195137 0.439560 0.040791 0.033000
0 0.184077 0.548131 0.015225 0.051480
0 0.138977 0.485925 0.014650 0.055110
0 0.134956 0.341880 0.039355 0.033660
0 0.152910 0.243375 0.037344 0.037950
0 0.101490 0.341550 0.047685 0.036960
0 0.033840 0.334620 0.027864 0.050160