0 0.113401 0.767696 0.048325 0.117117
0 0.269249 0.733591 0.113563 0.041184
0 0.247503 0.616474 0.108731 0.043758
0 0.398595 0.538170 0.053412 0.114475
0 0.406543 0.422678 0.040059 0.111089
0 0.429116 0.414211 0.040695 0.121249
0 0.454868 0.422678 0.032428 0.120572
0 0.508915 0.415905 0.048961 0.117862
0 0.459319 0.278060 0.090927 0.083316
0 0.406861 0.172390 0.043238 0.102283
0 0.693948 0.324460 0.121448 0.043352
0 0.700307 0.380004 0.117633 0.047416
0 0.707619 0.434532 0.123355 0.050803
0 0.724151 0.489399 0.105552 0.041320
0 0.720654 0.520897 0.118904 0.043352
0 0.724469 0.550024 0.106187 0.040642
0 0.729556 0.576780 0.118904 0.037255
0 0.729874 0.604552 0.115725 0.039965
0 0.545385 0.283784 0.093025 0.028314
0 0.390444 0.808880 0.034431 0.110682
0 0.419137 0.797297 0.033827 0.124839
0 0.446320 0.808237 0.036244 0.115830
0 0.509444 0.756113 0.038056 0.108108
0 0.576495 0.751931 0.033223 0.110039
0 0.604885 0.744530 0.039264 0.113256
0 0.625725 0.755470 0.041076 0.119691
0 0.675560 0.766409 0.045305 0.115830
0 0.927756 0.237130 0.095442 0.035393
0 0.935608 0.263514 0.100274 0.039254
0 0.921111 0.294080 0.119604 0.042471
0 0.949804 0.457207 0.075508 0.046976
0 0.915674 0.728764 0.031411 0.106178
0 0.935004 0.724903 0.022954 0.103604
0 0.983510 0.717825 0.032980 0.102317