0 0.502512 0.174691 0.036862 0.013249
0 0.502336 0.182262 0.029489 0.012491
0 0.490926 0.187940 0.034755 0.015520
0 0.461613 0.211598 0.036511 0.016655
0 0.443006 0.222954 0.033702 0.015141
0 0.425453 0.242448 0.035106 0.013249
0 0.397543 0.260050 0.035458 0.017412
0 0.380341 0.273109 0.031245 0.015520
0 0.367001 0.285033 0.034053 0.010599
0 0.304800 0.244695 0.014691 0.032670
0 0.335558 0.215655 0.011324 0.040590
0 0.367235 0.191565 0.007957 0.040590
0 0.410848 0.175230 0.012548 0.036300
0 0.341526 0.311025 0.035503 0.017490
0 0.318113 0.323235 0.032748 0.018150
0 0.283070 0.352110 0.033666 0.015180
0 0.270827 0.357885 0.035503 0.014190
0 0.176409 0.420090 0.022954 0.027720
0 0.131572 0.430485 0.023872 0.024750
0 0.177174 0.493185 0.029381 0.033990
0 0.175185 0.548956 0.025403 0.032670
0 0.178398 0.568756 0.025097 0.028710
0 0.136316 0.557371 0.029075 0.031020
0 0.133561 0.573706 0.027851 0.027390
0 0.407787 0.342705 0.032136 0.031350
0 0.577496 0.240570 0.034890 0.031020
0 0.648807 0.362835 0.039175 0.014190
0 0.666558 0.374385 0.037951 0.013530
0 0.667323 0.386430 0.035809 0.013860
0 0.573976 0.619081 0.031524 0.027720
0 0.628913 0.578161 0.029381 0.033000
0 0.880032 0.571396 0.032136 0.030690
0 0.877737 0.620896 0.033666 0.025410
0 0.876053 0.641191 0.031524 0.029040
0 0.367388 0.817246 0.029687 0.023430
0 0.365858 0.807841 0.029687 0.025740
0 0.823106 0.711646 0.014997 0.035310
0 0.847437 0.747616 0.030606 0.015510
0 0.795254 0.730621 0.015609 0.038280
0 0.807956 0.784576 0.033666 0.016170
0 0.777197 0.745306 0.012548 0.037290
0 0.759905 0.761641 0.009182 0.029040
0 0.747663 0.768241 0.014079 0.036960
0 0.731136 0.778471 0.014691 0.036300
0 0.686145 0.815596 0.012242 0.037950
0 0.670843 0.829456 0.014691 0.035310
0 0.655693 0.842656 0.012548 0.035970
0 0.639931 0.853216 0.011018 0.036630
0 0.595094 0.887536 0.014997 0.035970
0 0.564947 0.906016 0.015303 0.041250
0 0.777044 0.808666 0.034278 0.018150
0 0.732819 0.844306 0.036421 0.017490
0 0.713690 0.857341 0.035503 0.019140
0 0.665334 0.890836 0.037951 0.015510
0 0.644216 0.908326 0.028157 0.016830
0 0.637023 0.917401 0.032748 0.016500
0 0.589891 0.948091 0.038257 0.015840
0 0.587595 0.957001 0.036115 0.016500