0 0.414076 0.139388 0.041336 0.045675
0 0.384583 0.178448 0.056663 0.042525
0 0.333726 0.218295 0.048768 0.041580
0 0.360896 0.253103 0.025080 0.050085
0 0.386209 0.269640 0.025545 0.047880
0 0.386905 0.220500 0.024152 0.040320
0 0.406412 0.219555 0.026938 0.045990
0 0.413844 0.264443 0.025080 0.044415
0 0.444498 0.215775 0.026938 0.047880
0 0.487692 0.219083 0.026009 0.048825
0 0.518810 0.371228 0.024152 0.050085
0 0.506734 0.908933 0.060379 0.031185
0 0.502322 0.872236 0.062701 0.027090
0 0.497910 0.860738 0.058521 0.025515
0 0.495587 0.850816 0.065952 0.028980
0 0.477009 0.805928 0.065952 0.029295
0 0.466559 0.792226 0.063630 0.027720
0 0.451232 0.767971 0.060843 0.027720
0 0.450536 0.757261 0.065023 0.028980
0 0.444962 0.744976 0.065952 0.027720
0 0.440550 0.733636 0.065488 0.024570
0 0.430332 0.720248 0.063630 0.025515
0 0.425223 0.708436 0.064559 0.026460
0 0.420578 0.695363 0.064559 0.026145
0 0.577099 0.821521 0.039479 0.042840
0 0.567810 0.794273 0.036692 0.043785
0 0.543194 0.741826 0.032047 0.042210
0 0.532279 0.738046 0.042730 0.044730
0 0.526474 0.723083 0.036692 0.042525
0 0.522294 0.707648 0.034834 0.042525
0 0.511379 0.683866 0.032512 0.044730
0 0.490943 0.663706 0.036227 0.045990
0 0.488388 0.646696 0.039479 0.045360
0 0.484208 0.635986 0.031118 0.042840
0 0.470043 0.632678 0.034370 0.045045
0 0.470275 0.610156 0.038550 0.048510
0 0.460986 0.602753 0.036692 0.044415
0 0.421739 0.582436 0.059450 0.039060
0 0.509057 0.581648 0.033441 0.037485
0 0.529028 0.620866 0.030654 0.041580
0 0.549696 0.664493 0.032976 0.046935
0 0.686245 0.844988 0.069203 0.026145
0 0.675563 0.830026 0.067346 0.026460
0 0.669293 0.818371 0.065952 0.026460
0 0.663487 0.806401 0.060843 0.023310
0 0.657682 0.795061 0.065952 0.025200
0 0.650483 0.782461 0.061772 0.024570
0 0.617274 0.789706 0.035298 0.051030
0 0.627492 0.754426 0.065023 0.028350
0 0.624705 0.741668 0.065023 0.024885
0 0.616577 0.729856 0.066417 0.025200
0 0.607985 0.718043 0.065952 0.023625
0 0.608217 0.708593 0.064559 0.023625
0 0.601251 0.695836 0.060843 0.024570
0 0.585227 0.668746 0.060379 0.025200
0 0.581744 0.658036 0.058986 0.023940
0 0.572454 0.646538 0.066417 0.024255
0 0.570597 0.634096 0.065488 0.025200
0 0.562236 0.622283 0.061772 0.023625
0 0.556199 0.608738 0.053412 0.024885
0 0.615184 0.608896 0.039479 0.054810
0 0.670686 0.706861 0.039014 0.049140