0 0.339517 0.946261 0.077852 0.078120
0 0.356477 0.928778 0.073959 0.074655
0 0.364819 0.905468 0.070623 0.071505
0 0.383726 0.891136 0.065062 0.063630
0 0.398184 0.870976 0.062837 0.063630
0 0.420983 0.832861 0.082856 0.085050
0 0.450456 0.794431 0.071735 0.074970
0 0.464914 0.775373 0.071735 0.079065
0 0.499391 0.710641 0.068398 0.072450
0 0.512459 0.693631 0.064506 0.069300
0 0.531922 0.683551 0.073403 0.074970
0 0.563619 0.613463 0.068954 0.067095
0 0.585584 0.598816 0.070623 0.073080
0 0.598374 0.581018 0.073959 0.070245
0 0.625900 0.540226 0.070067 0.071190
0 0.638134 0.520538 0.072291 0.069615
0 0.653704 0.503371 0.066730 0.074970
0 0.709034 0.431708 0.073959 0.078435
0 0.719322 0.408240 0.072291 0.070560
0 0.765199 0.351540 0.072847 0.073080
0 0.772984 0.326340 0.070623 0.076230
0 0.805515 0.293738 0.071179 0.072135
0 0.777711 0.208373 0.092310 0.065835
0 0.745180 0.275468 0.077296 0.078435
0 0.692074 0.359888 0.077852 0.069615
0 0.614222 0.460215 0.062281 0.068040
0 0.391789 0.450135 0.077852 0.073710
0 0.550829 0.552196 0.072291 0.074340
0 0.486601 0.640868 0.073959 0.074025
0 0.404579 0.761356 0.076740 0.073080
0 0.333956 0.858376 0.067842 0.075600
0 0.181033 0.824828 0.071179 0.065835
0 0.181589 0.761513 0.071179 0.072135
0 0.682899 0.641498 0.073959 0.072135
0 0.848611 0.239873 0.068398 0.055125
0 0.848055 0.203648 0.068398 0.063315
0 0.846665 0.142538 0.077852 0.072135
0 0.830817 0.109463 0.072847 0.067725
0 0.895879 0.159233 0.061725 0.072765
0 0.948428 0.204278 0.075627 0.079695