0 0.418730 0.087409 0.034454 0.016088
0 0.461605 0.107608 0.016078 0.025740
0 0.445144 0.135671 0.015313 0.031103
0 0.431171 0.159088 0.014164 0.030745
0 0.387721 0.144430 0.034454 0.017160
0 0.380065 0.161769 0.032157 0.015373
0 0.357096 0.214858 0.034454 0.016445
0 0.341974 0.232733 0.032540 0.015730
0 0.337955 0.240240 0.033688 0.015730
0 0.317966 0.286110 0.036044 0.015180
0 0.309485 0.303270 0.040284 0.016500
0 0.293583 0.321420 0.033924 0.016500
0 0.290403 0.335445 0.037457 0.014190
0 0.289343 0.343530 0.036751 0.017160
0 0.279095 0.359535 0.032510 0.014850
0 0.412846 0.199155 0.016608 0.028710
0 0.406485 0.205590 0.017315 0.029040
0 0.397828 0.224730 0.014135 0.032340
0 0.366201 0.290895 0.016608 0.028710
0 0.355246 0.303930 0.018022 0.030360
0 0.350122 0.317790 0.020496 0.031680
0 0.336341 0.346995 0.014135 0.033990
0 0.333161 0.356895 0.013428 0.028050
0 0.327860 0.362340 0.014842 0.031680
0 0.324150 0.370425 0.013781 0.028710
0 0.320793 0.376530 0.014842 0.027720
0 0.313195 0.383790 0.017315 0.029700
0 0.593595 0.100980 0.031803 0.013200
0 0.583171 0.123090 0.031450 0.013200
0 0.577517 0.139755 0.030743 0.012210
0 0.567623 0.156420 0.029330 0.013860
0 0.556491 0.180180 0.035337 0.015840
0 0.550661 0.195030 0.037104 0.010560
0 0.543417 0.203280 0.036044 0.015180
0 0.544477 0.210705 0.035337 0.014190
0 0.532285 0.227370 0.027916 0.013200
0 0.525925 0.242550 0.031450 0.015840
0 0.519917 0.251460 0.032864 0.015180
0 0.513557 0.268950 0.030037 0.014520
0 0.537586 0.115995 0.018729 0.030690
0 0.533876 0.122595 0.019789 0.027390
0 0.505429 0.178200 0.018729 0.028380
0 0.498185 0.195030 0.019789 0.029700
0 0.481753 0.225390 0.018022 0.030360
0 0.472742 0.240735 0.019082 0.029370
0 0.471152 0.251295 0.017315 0.028050
0 0.465145 0.255915 0.016608 0.031350
0 0.458254 0.271920 0.018375 0.035640
0 0.450127 0.279510 0.019082 0.028380
0 0.424684 0.340725 0.016255 0.030030
0 0.412846 0.354585 0.013075 0.031350
0 0.378922 0.417780 0.018729 0.030360
0 0.387050 0.398640 0.018022 0.031020
0 0.471505 0.480480 0.025089 0.033000
0 0.188278 0.500281 0.035337 0.017820
0 0.204003 0.508861 0.040638 0.021120
0 0.232450 0.518101 0.040991 0.021780
0 0.397474 0.875161 0.019789 0.033000
0 0.420090 0.827146 0.016962 0.034650
0 0.390937 0.837541 0.015195 0.027060
0 0.405072 0.803881 0.015902 0.025740
0 0.417263 0.767251 0.018375 0.031020
0 0.434755 0.790846 0.015902 0.032670
0 0.447123 0.757681 0.022262 0.031020
0 0.460198 0.720226 0.015195 0.025410
0 0.462671 0.663631 0.020142 0.038280
0 0.483343 0.666601 0.020496 0.032340
0 0.514794 0.592846 0.022616 0.028710
0 0.533699 0.541531 0.017315 0.031680
0 0.522391 0.515461 0.020142 0.027060
0 0.548894 0.503746 0.014488 0.026070
0 0.569213 0.457380 0.016962 0.033000
0 0.589355 0.401775 0.016255 0.028050
0 0.572393 0.346830 0.020496 0.030360
0 0.617271 0.331485 0.021202 0.035310
0 0.674517 0.175065 0.017669 0.035970
0 0.728760 0.014355 0.014488 0.024090
0 0.961102 0.521071 0.034630 0.017160
0 0.959335 0.529486 0.033924 0.016170
0 0.952797 0.545986 0.032864 0.018150
0 0.938839 0.573046 0.040284 0.020130
0 0.928591 0.597631 0.029683 0.013200
0 0.923291 0.613471 0.031097 0.015840
0 0.917284 0.629971 0.028270 0.013200
0 0.914280 0.636736 0.028623 0.014850
0 0.903149 0.655051 0.036044 0.021120
0 0.902089 0.671221 0.033217 0.016500
0 0.889367 0.695806 0.033217 0.019470
0 0.885657 0.705211 0.034277 0.017160
0 0.877529 0.721711 0.033570 0.017160
0 0.876999 0.728806 0.036044 0.016830
0 0.870462 0.736231 0.034277 0.016500
0 0.865161 0.746791 0.044171 0.021780
0 0.855974 0.772366 0.039224 0.020130
0 0.934775 0.527011 0.022262 0.033660
0 0.918167 0.502261 0.025796 0.037620
0 0.900322 0.544831 0.024736 0.031020
0 0.891841 0.562156 0.018375 0.030690
0 0.887070 0.575686 0.024383 0.031350
0 0.875762 0.603406 0.025089 0.032670
0 0.873466 0.611986 0.023323 0.030690
0 0.866045 0.627661 0.022616 0.034980
0 0.846433 0.680956 0.020142 0.029370
0 0.839012 0.694981 0.018022 0.033000
0 0.825407 0.731611 0.019789 0.027060
0 0.819753 0.735571 0.019789 0.033000
0 0.777348 0.653731 0.023323 0.030360
0 0.776642 0.642016 0.021202 0.028050
0 0.790777 0.610501 0.020496 0.031020
0 0.803498 0.578161 0.020496 0.031020
0 0.811626 0.561661 0.022616 0.034320
0 0.812332 0.549121 0.019082 0.025740
0 0.823110 0.526516 0.021556 0.031350
0 0.834418 0.504901 0.016608 0.029700
0 0.841662 0.490050 0.021202 0.029700
0 0.703671 0.680461 0.020849 0.031020
0 0.718159 0.646306 0.019435 0.031350
0 0.730350 0.613966 0.018375 0.031350
0 0.561969 0.677326 0.020142 0.030690