0 0.899730 0.563867 0.089438 0.041828
0 0.949744 0.431548 0.067078 0.065154
0 0.580705 0.338757 0.115664 0.033094
0 0.576670 0.355994 0.094145 0.025280
0 0.549099 0.373920 0.104904 0.026200
0 0.536323 0.389778 0.110284 0.030336
0 0.540694 0.404256 0.108267 0.028038
0 0.492612 0.424251 0.073971 0.024821
0 0.508079 0.437351 0.091455 0.023442
0 0.473783 0.473433 0.106249 0.029417
0 0.452937 0.495955 0.108939 0.029417
0 0.442178 0.523764 0.099525 0.027119
0 0.429401 0.540770 0.099525 0.030796
0 0.419986 0.555939 0.103560 0.031715
0 0.405864 0.571107 0.098180 0.030796
0 0.377957 0.604201 0.094817 0.027119
0 0.366525 0.622127 0.101542 0.026200
0 0.358792 0.636836 0.082041 0.029877
0 0.352740 0.656141 0.094145 0.029877
0 0.331221 0.669241 0.099525 0.031256
0 0.331557 0.682341 0.088093 0.024361
0 0.310038 0.703254 0.092128 0.029417
0 0.295244 0.719112 0.090783 0.024361
0 0.275406 0.749219 0.092800 0.024821
0 0.254560 0.769443 0.099525 0.029417
0 0.236403 0.787599 0.098180 0.028958
0 0.234386 0.798860 0.092800 0.027579
0 0.217574 0.816097 0.112974 0.031715
0 0.218247 0.832644 0.073971 0.025280
0 0.199418 0.847123 0.102215 0.037691
0 0.192021 0.866198 0.104904 0.030796
0 0.231360 0.880217 0.065229 0.067108
0 0.368206 0.703484 0.078006 0.065729
0 0.412925 0.702335 0.062539 0.066189
0 0.426375 0.621897 0.059849 0.055157
0 0.492276 0.535484 0.069264 0.067108
0 0.553470 0.450910 0.055815 0.056996
0 0.574317 0.493427 0.077333 0.101581
0 0.664763 0.370702 0.092800 0.098823
0 0.423685 0.389318 0.057159 0.058834
0 0.367534 0.461252 0.056487 0.063890
0 0.325505 0.524223 0.049090 0.070325
0 0.225308 0.665564 0.061194 0.066189
0 0.160415 0.656141 0.048417 0.059294
0 0.176554 0.735889 0.060522 0.069866
0 0.118050 0.805755 0.059177 0.059754