0 0.410616 0.517558 0.020141 0.038610
0 0.430114 0.583977 0.023140 0.039989
0 0.444469 0.624885 0.020998 0.040908
0 0.462038 0.683949 0.021855 0.040449
0 0.477251 0.723938 0.020569 0.034014
0 0.493963 0.768064 0.023997 0.035852
0 0.505748 0.802997 0.023569 0.040449
0 0.532316 0.881136 0.025283 0.038610
0 0.032874 0.893317 0.031711 0.014249
0 0.099938 0.907336 0.035567 0.017466
0 0.308413 0.946406 0.039424 0.024821
0 0.178143 0.925951 0.026568 0.024361
0 0.360907 0.953300 0.036424 0.014709
0 0.408045 0.957897 0.038995 0.018386
0 0.474894 0.958816 0.043281 0.016547
0 0.541101 0.926181 0.017141 0.028498