0 0.886164 0.163246 0.105229 0.079930
0 0.862846 0.199485 0.082509 0.062995
0 0.843713 0.215065 0.089684 0.073833
0 0.819798 0.242498 0.077726 0.070446
0 0.792892 0.284834 0.090880 0.073833
0 0.758812 0.320057 0.089684 0.079252
0 0.729516 0.383052 0.093272 0.076543
0 0.690652 0.417937 0.087293 0.081284
0 0.655975 0.480255 0.080118 0.077220
0 0.636842 0.498882 0.068160 0.061641
0 0.614720 0.538508 0.069356 0.071801
0 0.593793 0.580844 0.082509 0.075188
0 0.575857 0.601842 0.077726 0.071124
0 0.560909 0.612003 0.076530 0.073833
0 0.546560 0.635034 0.086097 0.079252
0 0.523242 0.678385 0.084901 0.073833
0 0.503511 0.692610 0.076530 0.075188
0 0.483781 0.732575 0.077726 0.081962
0 0.518459 0.818939 0.080118 0.078575
0 0.437145 0.789474 0.072943 0.065705
0 0.416817 0.803021 0.070552 0.060286
0 0.328926 0.723430 0.117187 0.062318
0 0.264952 0.824020 0.127949 0.057576
0 0.384530 0.869403 0.080118 0.068414
0 0.372573 0.887015 0.077726 0.068414
0 0.360615 0.904288 0.077726 0.073156
0 0.340884 0.921899 0.086097 0.074511
0 0.959225 0.809117 0.081550 0.080607
0 0.926223 0.862968 0.075335 0.055544