0 0.692407 0.212999 0.045689 0.023166
0 0.777992 0.295689 0.030245 0.039254
0 0.764157 0.178250 0.036036 0.030888
0 0.793436 0.203668 0.030245 0.030245
0 0.294402 0.210746 0.048906 0.021236
0 0.122265 0.166667 0.036680 0.019305
0 0.106178 0.283140 0.041828 0.023166
0 0.812741 0.067568 0.039254 0.032175
0 0.837516 0.062098 0.030888 0.023810
0 0.289283 0.399848 0.025740 0.033345
0 0.301275 0.392828 0.026325 0.036855
0 0.361350 0.420503 0.031185 0.037125
0 0.381893 0.423968 0.025740 0.037125
0 0.452925 0.450203 0.025245 0.041085
0 0.469013 0.451688 0.028710 0.046035
0 0.540788 0.475200 0.026730 0.040590
0 0.557866 0.475695 0.023265 0.040590
0 0.628898 0.500693 0.028710 0.043065
0 0.647956 0.508366 0.028215 0.039600
0 0.717751 0.530393 0.030195 0.038115
0 0.733591 0.526433 0.017325 0.029205
0 0.810068 0.560341 0.024750 0.037620
0 0.880853 0.634838 0.028710 0.041085
0 0.806108 0.605386 0.025740 0.034650
0 0.786061 0.602911 0.027225 0.040590
0 0.857341 0.673696 0.025245 0.039600
0 0.788783 0.654143 0.027720 0.036135
0 0.768241 0.650678 0.026235 0.038115
0 0.751906 0.617513 0.041085 0.019305
0 0.719731 0.582616 0.022275 0.029700
0 0.698446 0.576181 0.025245 0.038610
0 0.698446 0.625433 0.024255 0.035145
0 0.634343 0.556628 0.023760 0.033165
0 0.613058 0.551926 0.026730 0.041580
0 0.571973 0.511336 0.042570 0.020790
0 0.591278 0.595981 0.026730 0.043560
0 0.521978 0.580141 0.025740 0.039600
0 0.483615 0.514306 0.023265 0.037620
0 0.511088 0.521731 0.019800 0.027720
0 0.451440 0.497475 0.026235 0.035640
0 0.434363 0.494753 0.032670 0.042075
0 0.367043 0.476685 0.030690 0.038610
0 0.346500 0.468023 0.023265 0.040095
0 0.337095 0.464310 0.024255 0.037620
0 0.306158 0.456885 0.026730 0.036630
0 0.288585 0.450450 0.027225 0.040590
0 0.275715 0.449955 0.028215 0.040590
0 0.445253 0.553163 0.022770 0.037125
0 0.435600 0.550936 0.026235 0.039600
0 0.418770 0.543758 0.025245 0.038115
0 0.396495 0.538808 0.025245 0.034155
0 0.377190 0.532126 0.022275 0.040590
0 0.345758 0.519998 0.025740 0.042075
0 0.330413 0.520246 0.028710 0.040590
0 0.305663 0.509603 0.022770 0.033165
0 0.289328 0.506386 0.021780 0.035640
0 0.278933 0.503911 0.026730 0.034650
0 0.270765 0.508366 0.019305 0.030690
0 0.314457 0.611111 0.023595 0.033891
0 0.325826 0.611326 0.023166 0.034320
0 0.335693 0.616474 0.021450 0.035178
0 0.344058 0.616688 0.021021 0.035607
0 0.355856 0.622694 0.022308 0.038181
0 0.363363 0.621193 0.025311 0.040326
0 0.376662 0.629773 0.026169 0.041184
0 0.386529 0.631489 0.021879 0.037752
0 0.404118 0.634921 0.024453 0.039468
0 0.413771 0.639425 0.024024 0.041613
0 0.425997 0.643286 0.024453 0.042471
0 0.443801 0.646504 0.022308 0.038610
0 0.454526 0.653368 0.024024 0.036894
0 0.464607 0.654226 0.023595 0.036036
0 0.472973 0.655513 0.024024 0.036894
0 0.489489 0.658301 0.027027 0.041613
0 0.497855 0.660661 0.027456 0.040326
0 0.509867 0.665809 0.027456 0.042900
0 0.529172 0.668812 0.022308 0.041184
0 0.541399 0.675247 0.023595 0.039468
0 0.551266 0.678893 0.024453 0.036465
0 0.561991 0.681038 0.027885 0.040755
0 0.577435 0.681682 0.024453 0.044616
0 0.590305 0.691978 0.021879 0.035178
0 0.598241 0.690476 0.019734 0.030459
0 0.609181 0.696697 0.020163 0.038610
0 0.617975 0.698842 0.024882 0.040326
0 0.632561 0.703346 0.024882 0.036465
0 0.648434 0.705277 0.026598 0.037752
0 0.666238 0.709996 0.023595 0.036036
0 0.670099 0.709567 0.027027 0.037752
0 0.687044 0.717289 0.024024 0.036894
0 0.695195 0.716860 0.025740 0.038610
0 0.705277 0.722651 0.025311 0.040755
0 0.716216 0.726941 0.024024 0.038181
0 0.725869 0.729086 0.021879 0.033033
0 0.734663 0.730159 0.024024 0.034320
0 0.755255 0.737452 0.025740 0.042042
0 0.765122 0.742385 0.022308 0.039039
0 0.774560 0.743029 0.023166 0.035178
0 0.782068 0.745603 0.022737 0.036036
0 0.793651 0.747748 0.026169 0.039468
0 0.805877 0.756542 0.026598 0.038181
0 0.824324 0.756757 0.025740 0.038610
0 0.809309 0.806521 0.039468 0.024024
0 0.727585 0.779279 0.039897 0.028743
0 0.632132 0.753110 0.035178 0.023595
0 0.614543 0.746032 0.042042 0.023166
0 0.590090 0.742171 0.042042 0.024024
0 0.532819 0.724796 0.043329 0.031317
0 0.695410 0.824753 0.028743 0.040755
0 0.791720 0.855856 0.030888 0.046332
0 0.770270 0.905834 0.045474 0.026169
0 0.617332 0.807164 0.021879 0.035607
0 0.596096 0.797512 0.023166 0.036894
0 0.536680 0.780566 0.023595 0.033033
0 0.526384 0.777563 0.023595 0.032175
0 0.517375 0.774989 0.030459 0.043329
0 0.601888 0.845774 0.032175 0.021879
0 0.607679 0.851780 0.041184 0.027885
0 0.681038 0.870013 0.042900 0.026598
0 0.693479 0.880738 0.024024 0.018018