0 0.446206 0.704803 0.042475 0.038610
0 0.482107 0.656032 0.033373 0.031836
0 0.501828 0.680417 0.040453 0.035901
0 0.521548 0.689131 0.034354 0.039780
0 0.535523 0.695566 0.034354 0.039390
0 0.546877 0.699466 0.038430 0.036270
0 0.531447 0.813346 0.035519 0.037830
0 0.505536 0.800281 0.032607 0.035880
0 0.494764 0.797746 0.033189 0.037050
0 0.487194 0.792676 0.039012 0.042510
0 0.475258 0.788581 0.041924 0.040560
0 0.460992 0.781756 0.035519 0.047190
0 0.452258 0.893881 0.041341 0.040560
0 0.272045 0.909871 0.033772 0.043680