0 0.203848 0.153036 0.094875 0.032292
0 0.244085 0.196736 0.109275 0.028431
0 0.281781 0.264654 0.098263 0.028080
0 0.289405 0.291506 0.096569 0.029133
0 0.387668 0.223763 0.062685 0.050193
0 0.350819 0.361004 0.121135 0.028431
0 0.364373 0.389084 0.116052 0.030537
0 0.390209 0.408740 0.125370 0.033345
0 0.397833 0.431028 0.105040 0.029484
0 0.406727 0.447350 0.109275 0.031239
0 0.432987 0.497718 0.105887 0.032292
0 0.488048 0.548263 0.100804 0.029484
0 0.649420 0.867322 0.060991 0.047736
0 0.679492 0.861530 0.055061 0.046683
0 0.713799 0.949631 0.062685 0.046683
0 0.772249 0.903475 0.081321 0.046332
0 0.834510 0.857143 0.068615 0.042120
0 0.906513 0.793085 0.058450 0.046683
0 0.832816 0.777290 0.051673 0.050895