0 0.182630 0.805819 0.042798 0.145640
0 0.206981 0.807539 0.043536 0.142200
0 0.224321 0.939991 0.059770 0.058485
0 0.305121 0.794925 0.042060 0.130732
0 0.386659 0.779443 0.041322 0.131879
0 0.427059 0.770269 0.043167 0.134172
0 0.475576 0.761668 0.041322 0.130732
0 0.297189 0.608574 0.040215 0.108943
0 0.323753 0.601120 0.038002 0.103209
0 0.367842 0.598253 0.047963 0.136466
0 0.394960 0.595386 0.044643 0.123851
0 0.413961 0.583345 0.037633 0.113530
0 0.440525 0.581625 0.039109 0.119264
0 0.463585 0.577611 0.046857 0.127292
0 0.489965 0.574171 0.039109 0.122705
0 0.636622 0.743320 0.038002 0.133025
0 0.750074 0.732425 0.042060 0.143346
0 0.860943 0.521993 0.039478 0.139906