0 0.182076 0.802952 0.033574 0.123851
0 0.222845 0.793204 0.035419 0.118117
0 0.247196 0.788044 0.031730 0.114677
0 0.241477 0.625202 0.039478 0.114677
0 0.251070 0.603987 0.035788 0.099769
0 0.299402 0.607427 0.038002 0.106650
0 0.348841 0.601120 0.040215 0.112384
0 0.250332 0.427958 0.049070 0.050458
0 0.279110 0.930244 0.057187 0.041284
0 0.389241 0.866024 0.038371 0.116971
0 0.391086 0.774856 0.033943 0.108943
0 0.448273 0.908455 0.050177 0.057339
0 0.393484 0.586212 0.040953 0.126145
0 0.419495 0.586786 0.034681 0.104356
0 0.433700 0.595960 0.025457 0.074540
0 0.442555 0.580478 0.035050 0.103209
0 0.472071 0.597106 0.036526 0.106650
0 0.496421 0.590799 0.040215 0.110090
0 0.474653 0.769696 0.038740 0.126145
0 0.625738 0.753641 0.029516 0.112384
0 0.650273 0.747907 0.035788 0.139906
0 0.676653 0.736439 0.033943 0.119264
0 0.688459 0.735292 0.034681 0.121558
0 0.723325 0.732425 0.036526 0.122705
0 0.745093 0.739880 0.034312 0.121558
0 0.808183 0.730705 0.031361 0.128438
0 0.729782 0.575891 0.030992 0.041284
0 0.727014 0.538048 0.026195 0.041284