0 0.183596 0.790730 0.035560 0.127346
0 0.222055 0.788327 0.035173 0.120138
0 0.245826 0.790129 0.034787 0.118937
0 0.213938 0.939100 0.048315 0.044451
0 0.299938 0.722251 0.044836 0.038444
0 0.237129 0.619533 0.035946 0.118937
0 0.281965 0.606919 0.039811 0.112930
0 0.329314 0.593103 0.038652 0.116534
0 0.356177 0.591301 0.038265 0.112930
0 0.391736 0.585294 0.036719 0.108124
0 0.418406 0.595506 0.036719 0.109326
0 0.430968 0.588297 0.036333 0.109326
0 0.463242 0.577485 0.039811 0.114131
0 0.485467 0.563068 0.037106 0.114131
0 0.303417 0.790129 0.035560 0.118937
0 0.365453 0.769706 0.033627 0.128548
0 0.379754 0.764299 0.033627 0.117735
0 0.450100 0.758893 0.043677 0.142964
0 0.394055 0.911468 0.049861 0.056465
0 0.452613 0.908465 0.049474 0.057666
0 0.529723 0.895850 0.045996 0.056465
0 0.593112 0.886239 0.051407 0.061270
0 0.639108 0.740272 0.038265 0.132152
0 0.744627 0.737268 0.037492 0.128548
0 0.810335 0.715644 0.039038 0.123742