0 0.049668 0.921079 0.052180 0.070881
0 0.185915 0.790730 0.042517 0.141763
0 0.219736 0.942704 0.045223 0.063673
0 0.293561 0.931291 0.047542 0.050458
0 0.245826 0.790730 0.040198 0.129749
0 0.238482 0.616530 0.035560 0.122541
0 0.252203 0.605717 0.038265 0.100916
0 0.330473 0.781719 0.034787 0.118937
0 0.298972 0.605117 0.038265 0.114131
0 0.324096 0.602714 0.039811 0.118937
0 0.357723 0.593103 0.042130 0.111728
0 0.392896 0.584693 0.039811 0.123742
0 0.418986 0.589499 0.041744 0.123742
0 0.476190 0.759494 0.042517 0.146568
0 0.465754 0.755890 0.044063 0.144166
0 0.537647 0.899455 0.057205 0.063673
0 0.625580 0.750484 0.036719 0.133353
0 0.674088 0.743876 0.037879 0.132152
0 0.699212 0.733064 0.034787 0.127346
0 0.724335 0.734866 0.037879 0.128548
0 0.750425 0.720449 0.029762 0.109326
0 0.761248 0.731262 0.023578 0.082895
0 0.726268 0.499996 0.038652 0.050458
0 0.857491 0.518017 0.040584 0.122541
0 0.889765 0.611724 0.037879 0.129749
0 0.808403 0.717446 0.041357 0.156179