0 0.058237 0.653797 0.116474 0.046332
0 0.183398 0.682111 0.108108 0.048906
0 0.289575 0.714286 0.119691 0.048906
0 0.455598 0.743243 0.119691 0.057915
0 0.592021 0.776705 0.119691 0.055341
0 0.703990 0.810167 0.117117 0.050193
0 0.826898 0.839125 0.118404 0.066924
0 0.852853 0.434148 0.026598 0.104676
0 0.875590 0.410982 0.025740 0.113256
0 0.907765 0.387387 0.033462 0.112398
0 0.935650 0.359502 0.036036 0.120120
0 0.966538 0.334191 0.039468 0.124410
0 0.920635 0.554269 0.124410 0.036036
0 0.936508 0.533677 0.125268 0.039468
0 0.943801 0.510940 0.112398 0.040326
0 0.954955 0.495924 0.090090 0.044616
0 0.970399 0.463749 0.059202 0.030030