0 0.017696 0.249678 0.035392 0.110682
0 0.321750 0.275418 0.057915 0.102960
0 0.354569 0.283784 0.064350 0.099099
0 0.385457 0.292149 0.069498 0.108108
0 0.416345 0.296654 0.069498 0.111969
0 0.296010 0.277992 0.057915 0.100386
0 0.446589 0.302445 0.060489 0.100386
0 0.476190 0.315315 0.055341 0.100386
0 0.511583 0.330759 0.061776 0.110682
0 0.564994 0.345560 0.060489 0.106821
0 0.593951 0.354569 0.061776 0.104247
0 0.622909 0.370656 0.068211 0.100386
0 0.651085 0.376908 0.076301 0.110314
0 0.675318 0.388245 0.074360 0.105820
0 0.706421 0.375375 0.070785 0.104390
0 0.734306 0.395753 0.063635 0.110825
0 0.772916 0.405048 0.069355 0.119405
0 0.830831 0.427928 0.055055 0.082225
0 0.861218 0.434005 0.052910 0.098670
0 0.914486 0.450450 0.063635 0.104390
0 0.941298 0.450093 0.061490 0.102245
0 0.976691 0.480838 0.046475 0.100815
0 0.953847 0.389318 0.092306 0.052195
0 0.303518 0.206993 0.108680 0.050765
0 0.233090 0.408265 0.057915 0.088660
0 0.278135 0.426498 0.043615 0.069355
0 0.297798 0.421493 0.070070 0.112255
0 0.336765 0.442585 0.060775 0.111540
0 0.389675 0.455098 0.065065 0.107965
0 0.434005 0.485485 0.043615 0.078650
0 0.452595 0.463678 0.066495 0.107965
0 0.507651 0.486558 0.056485 0.100815
0 0.538038 0.496925 0.055770 0.111540
0 0.570571 0.506936 0.056485 0.107250
0 0.602031 0.517303 0.050765 0.107965
0 0.635636 0.531246 0.067925 0.102960
0 0.657801 0.520163 0.060775 0.107965
0 0.686401 0.547333 0.085085 0.100815
0 0.720363 0.545546 0.062920 0.104390
0 0.775418 0.563063 0.061490 0.099385
0 0.802946 0.569498 0.060775 0.105105
0 0.836551 0.590591 0.053625 0.098670
0 0.866223 0.597383 0.055770 0.110825
0 0.930573 0.619906 0.065780 0.115830
0 0.181505 0.553411 0.068135 0.097661
0 0.219358 0.559656 0.060565 0.097282
0 0.259861 0.571769 0.091604 0.097282
0 0.307934 0.587100 0.062836 0.102960
0 0.335945 0.596374 0.053751 0.093497
0 0.370581 0.607540 0.058672 0.101446
0 0.401431 0.617004 0.061322 0.103717
0 0.455182 0.628927 0.052237 0.071542
0 0.486979 0.637823 0.059808 0.099175
0 0.544515 0.663941 0.061322 0.097661
0 0.587100 0.673404 0.063214 0.107502
0 0.611893 0.681164 0.059808 0.102582
0 0.643501 0.694791 0.059429 0.105610
0 0.672080 0.700659 0.066621 0.101446
0 0.751760 0.721856 0.061700 0.105231
0 0.787342 0.739647 0.070785 0.102203
0 0.829548 0.747218 0.071164 0.100689
0 0.902226 0.773904 0.067378 0.102582
0 0.938186 0.779771 0.059051 0.103717
0 0.860020 0.699712 0.095011 0.051102
0 0.721856 0.710122 0.047316 0.084791
0 0.183983 0.489353 0.122850 0.048555
0 0.362408 0.883058 0.072540 0.095355
0 0.429683 0.897683 0.063180 0.100035
0 0.451620 0.897098 0.062595 0.101205
0 0.482625 0.910261 0.059085 0.104130
0 0.515971 0.924008 0.060255 0.097695
0 0.543173 0.928396 0.063180 0.102960
0 0.585878 0.944483 0.071370 0.103545
0 0.632678 0.951796 0.060840 0.087750
0 0.666608 0.959108 0.058500 0.077805
0 0.690301 0.962033 0.055575 0.074295
0 0.721013 0.977243 0.043290 0.040365
0 0.746461 0.983386 0.039195 0.030420
0 0.765473 0.972563 0.049140 0.052065
0 0.785656 0.967006 0.047385 0.056160
0 0.817831 0.971393 0.039195 0.045045
0 0.421493 0.964373 0.126360 0.053235