0 0.040219 0.478764 0.080438 0.118404
0 0.088803 0.494852 0.065637 0.119691
0 0.118404 0.517375 0.073359 0.100386
0 0.158945 0.526384 0.046332 0.074646
0 0.191763 0.536680 0.060489 0.120978
0 0.222008 0.536680 0.069498 0.113256
0 0.263835 0.538610 0.073359 0.117117
0 0.310811 0.569498 0.077220 0.117117
0 0.361647 0.565637 0.086229 0.127413
0 0.425783 0.598724 0.057379 0.117439
0 0.452327 0.605427 0.072930 0.120120
0 0.486379 0.629290 0.057379 0.115294
0 0.509706 0.630899 0.076148 0.124946
0 0.615347 0.658248 0.068640 0.104569
0 0.650204 0.672458 0.072930 0.125483
0 0.688814 0.681038 0.063278 0.096525
0 0.745656 0.705169 0.068640 0.110468
0 0.772201 0.700343 0.054161 0.084728
0 0.805448 0.718844 0.063814 0.108859
0 0.834138 0.725011 0.057915 0.106178
0 0.927713 0.764157 0.067031 0.105105
0 0.960961 0.778636 0.060596 0.096525
0 0.895002 0.685864 0.115294 0.063278
0 0.779440 0.645378 0.128700 0.060596
0 0.035661 0.636798 0.063278 0.109931
0 0.112076 0.661197 0.095989 0.123338
0 0.151223 0.667632 0.072394 0.097598
0 0.196536 0.682111 0.070785 0.114758
0 0.250161 0.713749 0.090090 0.120120
0 0.299228 0.726619 0.077756 0.114758
0 0.332743 0.733323 0.069713 0.100279
0 0.368940 0.748606 0.069176 0.101888
0 0.400311 0.759599 0.079365 0.101351
0 0.436240 0.779440 0.046118 0.103496
0 0.463052 0.775686 0.051480 0.091699
0 0.491205 0.779440 0.047726 0.104569
0 0.522576 0.790970 0.066495 0.115830
0 0.571375 0.818318 0.072930 0.117975
0 0.612934 0.833333 0.058451 0.109395
0 0.637066 0.832261 0.058451 0.099743
0 0.694176 0.851566 0.058988 0.100815
0 0.726888 0.868458 0.056843 0.094916
0 0.783194 0.878110 0.069713 0.122801
0 0.843522 0.899560 0.061669 0.105641
0 0.862559 0.889103 0.061133 0.109395
0 0.900633 0.910553 0.057915 0.099743
0 0.963642 0.933880 0.061669 0.105641
0 0.022925 0.790970 0.045849 0.108323
0 0.038074 0.796332 0.061669 0.099743
0 0.072126 0.812420 0.064350 0.096525
0 0.109395 0.827703 0.057379 0.103496
0 0.136476 0.843254 0.061133 0.100279
0 0.168651 0.841109 0.062205 0.117439
0 0.247211 0.876502 0.065959 0.097061
0 0.284213 0.882400 0.046654 0.093844
0 0.309953 0.881596 0.057379 0.106178
0 0.341860 0.900365 0.057915 0.105105
0 0.373230 0.907068 0.056306 0.106714
0 0.398970 0.916988 0.054161 0.107250
0 0.431950 0.927713 0.053625 0.111540
0 0.452595 0.932003 0.058451 0.112613
0 0.511315 0.945142 0.065423 0.108859
0 0.544831 0.954794 0.059524 0.080974
0 0.567889 0.956403 0.056306 0.079901
0 0.598724 0.969273 0.047190 0.059524
0 0.625000 0.969809 0.041828 0.053089
0 0.676480 0.974635 0.041828 0.048799
0 0.708119 0.979462 0.042900 0.038074