0 0.620978 0.021557 0.026384 0.043114
0 0.587838 0.013835 0.021879 0.027670
0 0.556306 0.012548 0.021879 0.025096
0 0.635457 0.023488 0.052767 0.046976
0 0.685972 0.026062 0.048263 0.052124
0 0.729408 0.035714 0.059202 0.071428
0 0.771879 0.045045 0.060489 0.090090
0 0.807593 0.051802 0.062420 0.097169
0 0.838481 0.059202 0.067568 0.104247
0 0.857786 0.054376 0.067568 0.085586
0 0.902188 0.060167 0.055985 0.089447
0 0.953990 0.087516 0.052767 0.101673
0 0.980695 0.090412 0.035393 0.098456
0 0.019144 0.076577 0.038288 0.088803
0 0.042149 0.081081 0.056628 0.101673
0 0.076255 0.097169 0.059202 0.100386
0 0.103925 0.109395 0.066924 0.101673
0 0.150257 0.122909 0.063063 0.110682
0 0.190154 0.143179 0.054054 0.088160
0 0.217503 0.147040 0.055985 0.089447
0 0.239704 0.149292 0.050193 0.090090
0 0.266088 0.160232 0.060489 0.090090
0 0.298584 0.169884 0.068855 0.111969
0 0.329151 0.179858 0.063063 0.104891
0 0.360360 0.190476 0.063707 0.102960
0 0.407979 0.203990 0.080438 0.115830
0 0.444981 0.216216 0.056628 0.099099
0 0.473616 0.222973 0.074003 0.102317
0 0.496461 0.222008 0.052767 0.074646
0 0.531853 0.247104 0.065637 0.105534
0 0.567889 0.257079 0.059202 0.107465
0 0.621622 0.275097 0.062420 0.086873
0 0.675354 0.293758 0.056628 0.084299
0 0.705920 0.295045 0.067568 0.101030
0 0.734234 0.303089 0.064994 0.092664
0 0.769627 0.320785 0.063707 0.098456
0 0.795367 0.327864 0.066281 0.099743
0 0.824646 0.330116 0.070785 0.096525
0 0.853282 0.340090 0.063707 0.102317
0 0.040058 0.227799 0.080116 0.059202
0 0.049710 0.251609 0.099420 0.061776
0 0.085586 0.254505 0.108752 0.063707
0 0.119369 0.262227 0.100386 0.067568
0 0.141248 0.279923 0.096525 0.060489
0 0.159588 0.291506 0.099743 0.060489
0 0.183076 0.299871 0.101673 0.063063
0 0.221686 0.305019 0.105534 0.065637
0 0.255148 0.316281 0.111969 0.067568
0 0.311454 0.328829 0.098456 0.065637
0 0.342664 0.337838 0.104247 0.066924
0 0.360360 0.358752 0.119048 0.071429
0 0.419884 0.370013 0.111969 0.068211
0 0.455277 0.379022 0.104247 0.068211
0 0.484878 0.384170 0.101673 0.063063
0 0.518018 0.392857 0.085586 0.061133
0 0.549550 0.400257 0.117761 0.069498
0 0.603925 0.419884 0.095238 0.068855
0 0.636422 0.427928 0.107465 0.065637
0 0.672780 0.433076 0.093951 0.064350
0 0.690798 0.446589 0.099099 0.056628
0 0.720077 0.459459 0.104891 0.065637
0 0.770270 0.479730 0.093308 0.057272
0 0.031853 0.422780 0.052767 0.092664
0 0.106499 0.435006 0.068211 0.101673
0 0.171493 0.465894 0.055341 0.090090
0 0.209138 0.470077 0.058559 0.086873
0 0.250644 0.474582 0.064350 0.103604
0 0.285393 0.483269 0.056628 0.100386
0 0.314350 0.492278 0.054054 0.092664
0 0.350064 0.514479 0.063707 0.107465
0 0.410553 0.527671 0.046976 0.105534
0 0.375483 0.515444 0.059202 0.110682
0 0.432432 0.537001 0.062420 0.108752
0 0.460425 0.543436 0.065637 0.107465
0 0.498391 0.556950 0.063063 0.106178
0 0.536036 0.565315 0.063707 0.101030
0 0.605212 0.593951 0.068211 0.110682
0 0.694337 0.618726 0.063707 0.102317
0 0.755470 0.640283 0.066281 0.105534
0 0.796332 0.659910 0.074646 0.099743
0 0.061293 0.511583 0.122586 0.060489
0 0.198520 0.630952 0.100386 0.066281
0 0.275740 0.668275 0.114543 0.070142
0 0.413127 0.698198 0.104891 0.066924
0 0.509653 0.720399 0.108752 0.064994
0 0.554376 0.739060 0.108108 0.070142
0 0.616474 0.754826 0.108752 0.068211
0 0.677606 0.774453 0.101030 0.067568
0 0.738095 0.792149 0.071429 0.051480
0 0.774453 0.753218 0.069498 0.027671