1 0.45625 0.054167 0.116667 0.077083
0 0.544792 0.509375 0.322917 0.127083
0 0.2375 0.591667 0.289583 0.197917
0 0.329167 0.625 0.30625 0.20625
0 0.438542 0.638542 0.302083 0.225
0 0.503125 0.6625 0.30625 0.220833
0 0.596875 0.677083 0.2875 0.220833
0 0.68125 0.70625 0.302083 0.20625
0 0.792708 0.70625 0.29375 0.25
0 0.714583 0.266667 0.220833 0.302083
0 0.628125 0.260417 0.19375 0.254167
0 0.44375 0.195833 0.245833 0.272917
0 0.383333 0.179167 0.25 0.26875
0 0.286458 0.155208 0.220833 0.264583
0 0.216667 0.15 0.25 0.289583
0 0.126042 0.164583 0.239583 0.254167
