1 0.308333 0.041667 0.127083 0.06875
1 0.876042 0.082292 0.1125 0.083333
0 0.673958 0.247917 0.335417 0.14375
0 0.601042 0.836458 0.33125 0.145833
0 0.188542 0.728125 0.2875 0.127083
0 0.784375 0.605208 0.275 0.275
1 0.075 0.101042 0.125 0.072917
1 0.158333 0.13125 0.10625 0.079167
1 0.226042 0.147917 0.13125 0.077083
1 0.285417 0.164583 0.145833 0.058333
1 0.3375 0.191667 0.095833 0.091667
1 0.395833 0.177083 0.160417 0.091667
1 0.488542 0.201042 0.102083 0.125
0 0.575 0.677083 0.19375 0.279167
0 0.469792 0.645833 0.191667 0.254167
0 0.39375 0.627083 0.216667 0.283333
0 0.309375 0.627083 0.208333 0.289583
0 0.21875 0.591667 0.220833 0.272917
0 0.127083 0.58125 0.197917 0.25625
