1 0.655208 0.0375 0.127083 0.072917
1 0.623958 0.120833 0.102083 0.077083
1 0.56875 0.158333 0.102083 0.097917
1 0.609375 0.146875 0.125 0.10625
1 0.53125 0.1875 0.125 0.097917
1 0.523958 0.204167 0.110417 0.095833
1 0.45 0.20625 0.110417 0.10625
1 0.372917 0.239583 0.095833 0.091667
1 0.2625 0.176042 0.125 0.083333
1 0.157292 0.120833 0.06875 0.083333
1 0.298958 0.2375 0.058333 0.095833
1 0.2625 0.230208 0.058333 0.079167
1 0.208333 0.216667 0.06875 0.077083
1 0.169792 0.209375 0.064583 0.077083
1 0.134375 0.207292 0.0625 0.072917
1 0.088542 0.196875 0.0875 0.079167
1 0.05 0.175 0.097917 0.095833
