1 0.540625 0.95625 0.135417 0.064583
1 0.476042 0.865625 0.0875 0.110417
1 0.540625 0.867708 0.091667 0.083333
1 0.641667 0.875 0.095833 0.097917
1 0.883333 0.894792 0.097917 0.13125
1 0.41875 0.621875 0.077083 0.095833
1 0.519792 0.621875 0.079167 0.079167
1 0.586458 0.638542 0.110417 0.083333
1 0.645833 0.633333 0.110417 0.102083
1 0.560417 0.539583 0.079167 0.097917
0 0.497917 0.520833 0.116667 0.097917
0 0.366667 0.530208 0.14375 0.116667
0 0.24375 0.771875 0.154167 0.10625
1 0.36875 0.7625 0.0875 0.095833
1 0.426042 0.767708 0.097917 0.1125
1 0.485417 0.769792 0.10625 0.095833
1 0.542708 0.764583 0.079167 0.077083
1 0.603125 0.769792 0.097917 0.079167
1 0.648958 0.78125 0.125 0.0875
1 0.826042 0.771875 0.095833 0.091667
1 0.892708 0.773958 0.095833 0.0875
1 0.955208 0.758333 0.0875 0.102083
