1 0.922917 0.8625 0.125 0.13125
1 0.545833 0.747917 0.13125 0.095833
1 0.138542 0.736458 0.127083 0.072917
1 0.041667 0.604167 0.072917 0.0875
1 0.1125 0.613542 0.125 0.127083
1 0.167708 0.61875 0.102083 0.102083
1 0.222917 0.642708 0.125 0.135417
1 0.563542 0.633333 0.10625 0.102083
1 0.639583 0.626042 0.095833 0.116667
1 0.733333 0.63125 0.1125 0.135417
1 0.89375 0.638542 0.110417 0.1125
1 0.909375 0.314583 0.139583 0.127083
0 0.6875 0.297917 0.16875 0.125
1 0.580208 0.297917 0.079167 0.058333
1 0.340625 0.301042 0.0875 0.116667
1 0.232292 0.303125 0.127083 0.10625
1 0.101042 0.305208 0.110417 0.125
