1 0.071875 0.761458 0.083333 0.116667
1 0.203125 0.775 0.116667 0.10625
1 0.117708 0.621875 0.079167 0.102083
1 0.155208 0.535417 0.102083 0.14375
1 0.219792 0.523958 0.135417 0.14375
1 0.35 0.614583 0.095833 0.102083
1 0.420833 0.610417 0.095833 0.095833
1 0.416667 0.535417 0.0875 0.097917
1 0.51875 0.538542 0.083333 0.077083
1 0.527083 0.607292 0.116667 0.0875
1 0.461458 0.770833 0.116667 0.091667
1 0.564583 0.775 0.116667 0.091667
1 0.640625 0.770833 0.15 0.083333
1 0.632292 0.519792 0.120833 0.077083
1 0.784375 0.785417 0.1125 0.120833
1 0.86875 0.7875 0.097917 0.110417
1 0.938542 0.7875 0.077083 0.079167
