1 0.932292 0.89375 0.0875 0.1125
1 0.877083 0.869792 0.145833 0.160417
1 0.795833 0.889583 0.125 0.15
0 0.292708 0.838542 0.35 0.158333
1 0.107292 0.6375 0.110417 0.139583
1 0.185417 0.644792 0.079167 0.095833
1 0.253125 0.620833 0.10625 0.127083
1 0.3125 0.63125 0.120833 0.1125
1 0.382292 0.640625 0.083333 0.102083
1 0.44375 0.633333 0.116667 0.139583
1 0.50625 0.640625 0.110417 0.139583
1 0.647917 0.642708 0.091667 0.1125
0 0.554167 0.325 0.2125 0.158333
1 0.408333 0.317708 0.120833 0.14375
1 0.142708 0.322917 0.1125 0.145833
