0 0.269792 0.2 0.35 0.208333
0 0.339583 0.219792 0.364583 0.20625
0 0.411458 0.260417 0.36875 0.183333
0 0.496875 0.295833 0.3375 0.202083
0 0.61875 0.313542 0.375 0.19375
0 0.136458 0.655208 0.239583 0.389583
1 0.208333 0.772917 0.072917 0.079167
1 0.166667 0.695833 0.10625 0.095833
1 0.13125 0.614583 0.0875 0.0875
1 0.079167 0.530208 0.079167 0.095833
0 0.210417 0.659375 0.327083 0.33125
0 0.319792 0.686458 0.220833 0.320833
0 0.415625 0.741667 0.220833 0.327083
0 0.514583 0.784375 0.227083 0.360417
0 0.614583 0.825 0.20625 0.308333
0 0.701042 0.791667 0.254167 0.322917
0 0.779167 0.635417 0.364583 0.202083
0 0.444792 0.547917 0.375 0.183333
