0 0.80625 0.466667 0.360417 0.2875
0 0.346875 0.327083 0.364583 0.20625
0 0.664583 0.229167 0.320833 0.1875
0 0.526042 0.2125 0.322917 0.220833
0 0.45 0.173958 0.341667 0.1875
0 0.348958 0.14375 0.322917 0.164583
0 0.241667 0.138542 0.36875 0.191667
0 0.441667 0.470833 0.33125 0.220833
0 0.747917 0.714583 0.220833 0.383333
0 0.5625 0.703125 0.191667 0.33125
0 0.459375 0.659375 0.183333 0.33125
0 0.367708 0.636458 0.197917 0.308333
0 0.267708 0.579167 0.191667 0.335417
0 0.177083 0.540625 0.202083 0.316667
