0 0.210417 0.166667 0.341667 0.172917
0 0.30625 0.16875 0.23125 0.13125
0 0.401042 0.214583 0.397917 0.1875
0 0.430208 0.265625 0.25 0.172917
0 0.540625 0.272917 0.36875 0.179167
0 0.642708 0.29375 0.370833 0.183333
0 0.775 0.315625 0.35625 0.191667
0 0.819792 0.504167 0.35625 0.197917
0 0.446875 0.422917 0.35625 0.16875
0 0.18125 0.602083 0.260417 0.30625
0 0.319792 0.703125 0.20625 0.33125
0 0.35625 0.676042 0.279167 0.35625
0 0.442708 0.7 0.283333 0.354167
0 0.53125 0.716667 0.254167 0.327083
0 0.638542 0.741667 0.216667 0.335417
0 0.736458 0.786458 0.227083 0.30625
0 0.846875 0.813542 0.241667 0.33125
