0 0.665625 0.25625 0.23125 0.241667
0 0.192708 0.14375 0.26875 0.066667
0 0.21875 0.197917 0.297917 0.047917
0 0.285417 0.253125 0.266667 0.05
0 0.338542 0.305208 0.266667 0.05625
0 0.383333 0.359375 0.264583 0.06875
0 0.479167 0.420833 0.302083 0.072917
0 0.597917 0.53125 0.275 0.079167
0 0.639583 0.5875 0.264583 0.052083
0 0.702083 0.638542 0.275 0.060417
0 0.745833 0.692708 0.260417 0.058333
0 0.810417 0.740625 0.304167 0.058333
0 0.35625 0.501042 0.283333 0.277083
0 0.122917 0.278125 0.202083 0.2375
0 0.2125 0.652083 0.25625 0.25625
0 0.316667 0.627083 0.233333 0.24375
1 0.419792 0.819792 0.10625 0.064583
1 0.355208 0.779167 0.089583 0.0625
1 0.1 0.686458 0.095833 0.1
1 0.04375 0.710417 0.083333 0.152083
1 0.35625 0.923958 0.083333 0.079167
1 0.438542 0.966667 0.09375 0.058333
1 0.061458 0.4375 0.091667 0.054167
