1 0.053125 0.598958 0.079167 0.052083
1 0.085417 0.639583 0.089583 0.054167
1 0.125 0.671875 0.089583 0.052083
1 0.229167 0.770833 0.095833 0.054167
1 0.251042 0.809375 0.108333 0.05
1 0.29375 0.853125 0.079167 0.070833
1 0.371875 0.908333 0.089583 0.05625
1 0.398958 0.953125 0.0875 0.047917
1 0.022917 0.820833 0.039583 0.0875
1 0.072917 0.885417 0.047917 0.077083
1 0.119792 0.921875 0.047917 0.083333
1 0.154167 0.95625 0.0625 0.08125
1 0.6875 0.825 0.120833 0.072917
0 0.291667 0.4 0.28125 0.102083
0 0.439583 0.767708 0.20625 0.283333
