0 0.216667 0.328125 0.247917 0.108333
0 0.527083 0.267708 0.216667 0.1875
0 0.404167 0.433333 0.245833 0.091667
0 0.523958 0.513542 0.254167 0.10625
0 0.74375 0.702083 0.239583 0.104167
1 0.261458 0.239583 0.116667 0.0625
1 0.329167 0.153125 0.066667 0.083333
1 0.358333 0.315625 0.066667 0.058333
1 0.877083 0.878125 0.1125 0.06875
1 0.473958 0.126042 0.08125 0.066667
1 0.541667 0.208333 0.083333 0.04375
1 0.579167 0.248958 0.083333 0.047917
1 0.636458 0.279167 0.085417 0.047917
1 0.673958 0.315625 0.089583 0.04375
1 0.653125 0.366667 0.075 0.060417
1 0.732292 0.340625 0.0875 0.052083
1 0.691667 0.390625 0.079167 0.058333
1 0.78125 0.382292 0.077083 0.0625
1 0.861458 0.352083 0.077083 0.075
1 0.815625 0.478125 0.083333 0.047917
1 0.90625 0.459375 0.08125 0.054167
1 0.882292 0.53125 0.070833 0.05625
1 0.955208 0.485417 0.06875 0.05
1 0.922917 0.555208 0.075 0.05
1 0.967708 0.577083 0.058333 0.052083
1 0.416667 0.725 0.11875 0.089583
1 0.901042 0.291667 0.047917 0.102083
1 0.940625 0.308333 0.058333 0.075
1 0.659375 0.463542 0.08125 0.08125
