0 0.804167 0.427083 0.2875 0.110417
0 0.66875 0.344792 0.227083 0.10625
0 0.59375 0.245833 0.227083 0.120833
0 0.396875 0.146875 0.239583 0.1
0 0.366667 0.103125 0.254167 0.091667
0 0.316667 0.0625 0.227083 0.10625
0 0.269792 0.308333 0.252083 0.229167
1 0.520833 0.0375 0.070833 0.070833
1 0.735417 0.186458 0.072917 0.070833
1 0.797917 0.058333 0.079167 0.058333
1 0.84375 0.0875 0.083333 0.045833
1 0.782292 0.120833 0.089583 0.054167
1 0.839583 0.18125 0.095833 0.064583
1 0.905208 0.134375 0.083333 0.05625
1 0.109375 0.717708 0.089583 0.089583
1 0.651042 0.910417 0.095833 0.116667
