1 0.971875 0.0625 0.05 0.08125
1 0.753125 0.033333 0.079167 0.054167
1 0.717708 0.082292 0.097917 0.058333
1 0.804167 0.059375 0.083333 0.052083
1 0.832292 0.090625 0.083333 0.04375
1 0.780208 0.128125 0.070833 0.060417
1 0.858333 0.126042 0.083333 0.058333
1 0.854167 0.183333 0.077083 0.060417
1 0.932292 0.16875 0.066667 0.060417
1 0.952083 0.229167 0.083333 0.064583
1 0.308333 0.076042 0.08125 0.047917
1 0.348958 0.734375 0.089583 0.102083
0 0.477083 0.454167 0.222917 0.235417
0 0.244792 0.282292 0.208333 0.222917
0 0.228125 0.853125 0.25 0.247917
0 0.566667 0.159375 0.1875 0.070833
0 0.583333 0.263542 0.283333 0.097917
0 0.752083 0.344792 0.25 0.1125
0 0.786458 0.3875 0.222917 0.104167
0 0.817708 0.4375 0.247917 0.091667
