1 0.828125 0.75 0.20625 0.110417
1 0.117708 0.309375 0.145833 0.15
1 0.221875 0.580208 0.1125 0.154167
1 0.309375 0.577083 0.072917 0.154167
1 0.371875 0.652083 0.125 0.158333
1 0.434375 0.663542 0.116667 0.120833
1 0.888542 0.570833 0.154167 0.095833
0 0.657292 0.189583 0.260417 0.0875
1 0.495833 0.104167 0.15 0.0875
1 0.297917 0.182292 0.177083 0.079167
1 0.4625 0.283333 0.135417 0.10625
1 0.513542 0.323958 0.1125 0.127083
1 0.582292 0.344792 0.145833 0.116667
1 0.626042 0.433333 0.160417 0.110417
1 0.709375 0.465625 0.127083 0.116667
