0 0.159375 0.548958 0.24375 0.091667
0 0.176042 0.597917 0.235417 0.1
0 0.222917 0.707292 0.214583 0.089583
0 0.264583 0.759375 0.2375 0.110417
0 0.290625 0.823958 0.225 0.091667
0 0.305208 0.867708 0.225 0.095833
0 0.357292 0.941667 0.21875 0.1
0 0.210417 0.173958 0.122917 0.13125
0 0.501042 0.16875 0.104167 0.227083
0 0.526042 0.216667 0.08125 0.239583
0 0.558333 0.253125 0.097917 0.21875
0 0.563542 0.3875 0.052083 0.108333
0 0.607292 0.277083 0.0625 0.079167
0 0.611458 0.375 0.097917 0.229167
0 0.670833 0.503125 0.102083 0.241667
0 0.710417 0.539583 0.09375 0.239583
0 0.780208 0.638542 0.10625 0.239583
0 0.813542 0.686458 0.110417 0.2375
0 0.722917 0.323958 0.15 0.208333
0 0.865625 0.84375 0.1125 0.220833
