1 0.430208 0.213542 0.045833 0.066667
1 0.635417 0.086458 0.070833 0.047917
1 0.670833 0.130208 0.0625 0.03125
1 0.7 0.167708 0.064583 0.035417
1 0.738542 0.226042 0.058333 0.045833
1 0.773958 0.28125 0.066667 0.0375
1 0.80625 0.323958 0.083333 0.045833
1 0.814583 0.357292 0.070833 0.04375
1 0.890625 0.459375 0.058333 0.0375
1 0.939583 0.510417 0.070833 0.03125
1 0.951042 0.547917 0.083333 0.0375
1 0.785417 0.489583 0.083333 0.039583
1 0.860417 0.603125 0.060417 0.0375
1 0.671875 0.577083 0.029167 0.060417
1 0.702083 0.616667 0.054167 0.070833
1 0.741667 0.673958 0.060417 0.058333
1 0.909375 0.2375 0.041667 0.072917
1 0.947917 0.289583 0.041667 0.060417
