0 0.151042 0.541667 0.21875 0.097917
0 0.172917 0.602083 0.20625 0.1
0 0.240625 0.711458 0.222917 0.097917
0 0.3 0.81875 0.23125 0.102083
0 0.352083 0.940625 0.220833 0.10625
0 0.198958 0.15625 0.14375 0.23125
0 0.495833 0.136458 0.1125 0.222917
0 0.5625 0.265625 0.110417 0.227083
0 0.595833 0.31875 0.110417 0.21875
0 0.630208 0.346875 0.1125 0.227083
0 0.65625 0.411458 0.095833 0.214583
0 0.7 0.444792 0.116667 0.225
0 0.720833 0.541667 0.114583 0.235417
0 0.773958 0.6625 0.110417 0.225
0 0.805208 0.707292 0.110417 0.216667
0 0.889583 0.683333 0.077083 0.239583
0 0.89375 0.88125 0.108333 0.235417
0 0.7625 0.244792 0.154167 0.225
