0 0.529167 0.117708 0.083333 0.216667
0 0.616667 0.190625 0.09375 0.208333
0 0.670833 0.320833 0.083333 0.197917
0 0.713542 0.358333 0.072917 0.195833
0 0.74375 0.432292 0.1 0.233333
0 0.785417 0.482292 0.06875 0.21875
0 0.851042 0.578125 0.070833 0.214583
0 0.279167 0.234375 0.220833 0.079167
0 0.345833 0.335417 0.225 0.077083
0 0.370833 0.38125 0.175 0.072917
0 0.40625 0.434375 0.21875 0.085417
0 0.459375 0.488542 0.21875 0.102083
0 0.486458 0.540625 0.216667 0.097917
0 0.491667 0.588542 0.2125 0.091667
