0 0.530208 0.135417 0.09375 0.179167
0 0.601042 0.215625 0.102083 0.195833
0 0.639583 0.257292 0.079167 0.202083
0 0.665625 0.333333 0.0875 0.195833
0 0.707292 0.370833 0.083333 0.202083
0 0.735417 0.433333 0.077083 0.214583
0 0.773958 0.476042 0.079167 0.225
0 0.80625 0.541667 0.091667 0.216667
0 0.846875 0.58125 0.089583 0.216667
0 0.270833 0.245833 0.25625 0.083333
0 0.334375 0.301042 0.225 0.0875
0 0.358333 0.351042 0.222917 0.083333
0 0.383333 0.396875 0.225 0.089583
0 0.398958 0.4375 0.225 0.091667
0 0.457292 0.490625 0.254167 0.116667
0 0.507292 0.545833 0.214583 0.102083
0 0.508333 0.597917 0.233333 0.079167
0 0.6125 0.430208 0.160417 0.195833
