0 0.7125 0.415625 0.28125 0.395833
1 0.054167 0.407292 0.066667 0.0375
1 0.070833 0.445833 0.064583 0.052083
1 0.085417 0.488542 0.070833 0.047917
1 0.213542 0.676042 0.060417 0.03125
1 0.185417 0.622917 0.077083 0.05
1 0.16875 0.564583 0.066667 0.05625
1 0.248958 0.742708 0.077083 0.052083
1 0.30625 0.819792 0.064583 0.04375
1 0.35625 0.901042 0.072917 0.060417
1 0.132292 0.857292 0.04375 0.06875
1 0.166667 0.870833 0.054167 0.0875
1 0.511458 0.894792 0.141667 0.052083
1 0.50625 0.953125 0.116667 0.066667
