0 0.2875 0.157292 0.345833 0.13125
0 0.648958 0.196875 0.360417 0.139583
0 0.81875 0.402083 0.354167 0.14375
1 0.147917 0.373958 0.095833 0.095833
1 0.064583 0.348958 0.10625 0.102083
1 0.155208 0.523958 0.0875 0.091667
1 0.2125 0.54375 0.0625 0.095833
1 0.270833 0.540625 0.097917 0.0875
1 0.328125 0.54375 0.102083 0.125
1 0.389583 0.552083 0.1125 0.110417
1 0.457292 0.547917 0.0875 0.0875
1 0.51875 0.553125 0.1125 0.1125
1 0.573958 0.560417 0.135417 0.10625
1 0.617708 0.591667 0.127083 0.110417
1 0.695833 0.569792 0.120833 0.116667
1 0.830208 0.597917 0.102083 0.120833
1 0.892708 0.597917 0.110417 0.10625
1 0.519792 0.780208 0.116667 0.110417
1 0.583333 0.784375 0.116667 0.102083
1 0.677083 0.785417 0.097917 0.127083
1 0.765625 0.798958 0.091667 0.13125
1 0.854167 0.81875 0.127083 0.127083
1 0.9 0.813542 0.079167 0.116667
1 0.954167 0.813542 0.083333 0.13125
