1 0.172917 0.302083 0.110417 0.10625
1 0.877083 0.51875 0.110417 0.116667
1 0.903125 0.665625 0.079167 0.139583
1 0.855208 0.669792 0.116667 0.116667
1 0.305208 0.463542 0.095833 0.13125
1 0.375 0.476042 0.072917 0.120833
1 0.436458 0.846875 0.06875 0.125
1 0.375 0.854167 0.072917 0.110417
1 0.307292 0.839583 0.10625 0.125
1 0.230208 0.85 0.077083 0.110417
1 0.158333 0.839583 0.095833 0.0875
1 0.102083 0.835417 0.102083 0.13125
0 0.735417 0.64375 0.10625 0.13125
0 0.6375 0.655208 0.20625 0.110417
0 0.458333 0.665625 0.135417 0.13125
1 0.403125 0.641667 0.127083 0.091667
0 0.530208 0.485417 0.145833 0.139583
0 0.747917 0.48125 0.16875 0.160417
0 0.626042 0.883333 0.322917 0.139583
1 0.297917 0.617708 0.125 0.125
1 0.226042 0.607292 0.127083 0.0875
1 0.163542 0.610417 0.120833 0.116667
1 0.102083 0.603125 0.102083 0.125
