0 0.123958 0.138542 0.19375 0.1125
0 0.275 0.3875 0.127083 0.15
1 0.667708 0.809375 0.102083 0.116667
1 0.526042 0.79375 0.091667 0.091667
1 0.43125 0.778125 0.095833 0.10625
1 0.08125 0.763542 0.110417 0.10625
1 0.110417 0.632292 0.110417 0.079167
1 0.782292 0.590625 0.095833 0.1125
1 0.732292 0.588542 0.097917 0.0875
1 0.667708 0.584375 0.110417 0.102083
1 0.595833 0.573958 0.1125 0.079167
1 0.521875 0.566667 0.135417 0.13125
1 0.426042 0.5625 0.097917 0.095833
1 0.358333 0.54375 0.116667 0.145833
1 0.182292 0.538542 0.091667 0.091667
0 0.527083 0.177083 0.354167 0.127083
