0 0.194792 0.089583 0.295833 0.1125
0 0.271875 0.204167 0.283333 0.110417
0 0.289583 0.258333 0.29375 0.10625
0 0.315625 0.31875 0.291667 0.1125
0 0.347917 0.38125 0.304167 0.114583
0 0.379167 0.442708 0.3 0.1125
0 0.46875 0.554167 0.279167 0.110417
0 0.509375 0.61875 0.279167 0.1125
0 0.545833 0.68125 0.295833 0.097917
0 0.596875 0.75 0.347917 0.122917
0 0.697917 0.830208 0.279167 0.108333
0 0.713542 0.929167 0.275 0.11875
0 0.103125 0.670833 0.127083 0.275
0 0.138542 0.736458 0.122917 0.2875
0 0.175 0.8 0.110417 0.275
0 0.228125 0.844792 0.125 0.272917
0 0.3125 0.733333 0.16875 0.227083
