1 0.220833 0.035417 0.089583 0.058333
1 0.289583 0.104167 0.077083 0.05625
1 0.204167 0.077083 0.091667 0.070833
1 0.191667 0.121875 0.095833 0.064583
1 0.186458 0.16875 0.070833 0.060417
1 0.176042 0.209375 0.095833 0.075
1 0.14375 0.28125 0.102083 0.077083
1 0.145833 0.325 0.095833 0.064583
1 0.138542 0.3625 0.095833 0.066667
1 0.114583 0.442708 0.079167 0.070833
1 0.09375 0.504167 0.085417 0.083333
1 0.084375 0.552083 0.089583 0.070833
1 0.065625 0.594792 0.083333 0.085417
1 0.263542 0.167708 0.089583 0.083333
1 0.258333 0.226042 0.089583 0.0875
1 0.19375 0.41875 0.08125 0.06875
1 0.18125 0.51875 0.097917 0.06875
1 0.1375 0.669792 0.095833 0.085417
1 0.397917 0.352083 0.0875 0.072917
1 0.476042 0.414583 0.091667 0.072917
1 0.376042 0.430208 0.089583 0.070833
1 0.440625 0.53125 0.102083 0.066667
1 0.347917 0.589583 0.095833 0.06875
1 0.31875 0.636458 0.110417 0.066667
1 0.302083 0.694792 0.097917 0.066667
1 0.383333 0.777083 0.104167 0.091667
1 0.264583 0.883333 0.083333 0.08125
