1 0.95625 0.526042 0.064583 0.108333
1 0.958333 0.664583 0.06875 0.108333
1 0.903125 0.591667 0.0625 0.125
1 0.836458 0.64375 0.064583 0.1125
1 0.770833 0.68125 0.079167 0.127083
1 0.559375 0.907292 0.060417 0.116667
1 0.789583 0.320833 0.125 0.064583
1 0.704167 0.403125 0.135417 0.05
1 0.638542 0.454167 0.11875 0.079167
1 0.540625 0.571875 0.1375 0.085417
1 0.470833 0.613542 0.129167 0.06875
1 0.427083 0.65625 0.122917 0.072917
1 0.370833 0.720833 0.11875 0.070833
1 0.15 0.894792 0.152083 0.077083
