1 0.842708 0.073958 0.072917 0.116667
1 0.797917 0.141667 0.085417 0.127083
1 0.744792 0.186458 0.0625 0.120833
1 0.708333 0.246875 0.083333 0.122917
1 0.655208 0.284375 0.070833 0.154167
1 0.521875 0.490625 0.077083 0.114583
1 0.464583 0.542708 0.072917 0.127083
1 0.421875 0.620833 0.06875 0.116667
1 0.364583 0.641667 0.077083 0.14375
1 0.322917 0.720833 0.079167 0.14375
1 0.26875 0.753125 0.072917 0.147917
1 0.216667 0.815625 0.0625 0.152083
1 0.16875 0.873958 0.0875 0.135417
1 0.09375 0.801042 0.085417 0.114583
1 0.902083 0.484375 0.14375 0.072917
1 0.846875 0.346875 0.10625 0.11875
1 0.797917 0.608333 0.1375 0.06875
1 0.747917 0.680208 0.141667 0.06875
1 0.63125 0.801042 0.175 0.070833
1 0.548958 0.857292 0.183333 0.097917
1 0.49375 0.916667 0.15 0.06875
1 0.632292 0.126042 0.097917 0.154167
1 0.484375 0.3625 0.083333 0.116667
1 0.432292 0.394792 0.09375 0.1375
1 0.383333 0.435417 0.097917 0.15625
1 0.339583 0.496875 0.1 0.139583
1 0.297917 0.559375 0.102083 0.15625
1 0.247917 0.597917 0.10625 0.141667
1 0.202083 0.640625 0.10625 0.133333
1 0.151042 0.70625 0.122917 0.164583
