0 0.879167 0.266667 0.114583 0.408333
0 0.796875 0.35 0.083333 0.425
0 0.634375 0.219792 0.225 0.2
0 0.705208 0.435417 0.095833 0.4375
0 0.483333 0.54375 0.10625 0.458333
0 0.39375 0.633333 0.095833 0.43125
1 0.434375 0.125 0.06875 0.114583
1 0.186458 0.485417 0.066667 0.127083
1 0.134375 0.253125 0.075 0.110417
1 0.129167 0.401042 0.05625 0.10625
1 0.235417 0.326042 0.091667 0.127083
1 0.191667 0.14375 0.05625 0.127083
1 0.301042 0.279167 0.070833 0.10625
1 0.246875 0.123958 0.05625 0.116667
1 0.315625 0.115625 0.066667 0.1375
1 0.075 0.326042 0.075 0.141667
