0 0.127083 0.805208 0.15625 0.272917
0 0.186458 0.8 0.160417 0.29375
0 0.267708 0.748958 0.16875 0.295833
0 0.411458 0.676042 0.158333 0.275
0 0.639583 0.839583 0.270833 0.214583
0 0.498958 0.607292 0.15625 0.291667
0 0.56875 0.569792 0.15625 0.277083
0 0.639583 0.542708 0.15 0.297917
0 0.703125 0.515625 0.154167 0.297917
0 0.761458 0.505208 0.154167 0.289583
0 0.828125 0.453125 0.179167 0.341667
0 0.158333 0.373958 0.277083 0.133333
0 0.202083 0.338542 0.264583 0.13125
0 0.297917 0.304167 0.266667 0.127083
0 0.367708 0.269792 0.266667 0.129167
0 0.435417 0.236458 0.270833 0.13125
0 0.509375 0.202083 0.264583 0.13125
0 0.577083 0.166667 0.266667 0.129167
0 0.654167 0.133333 0.272917 0.129167
0 0.708333 0.096875 0.275 0.133333
1 0.309375 0.873958 0.14375 0.09375
1 0.201042 0.067708 0.052083 0.089583
