0 0.142708 0.795833 0.15625 0.310417
0 0.219792 0.757292 0.14375 0.289583
0 0.289583 0.744792 0.15 0.304167
0 0.591667 0.866667 0.264583 0.185417
0 0.436458 0.654167 0.15625 0.29375
0 0.515625 0.610417 0.14375 0.277083
0 0.575 0.589583 0.158333 0.285417
0 0.647917 0.553125 0.139583 0.252083
0 0.716667 0.535417 0.141667 0.254167
0 0.794792 0.472917 0.141667 0.279167
0 0.858333 0.453125 0.152083 0.283333
0 0.694792 0.410417 0.172917 0.120833
0 0.25 0.339583 0.258333 0.127083
0 0.275 0.289583 0.166667 0.104167
0 0.3625 0.259375 0.270833 0.13125
0 0.271875 0.494792 0.175 0.11875
0 0.498958 0.355208 0.225 0.154167
0 0.6 0.167708 0.260417 0.1375
0 0.688542 0.136458 0.222917 0.13125
0 0.760417 0.105208 0.260417 0.122917
0 0.767708 0.236458 0.275 0.175
