1 0.202083 0.823958 0.160417 0.091667
1 0.211458 0.780208 0.15 0.10625
1 0.21875 0.71875 0.135417 0.102083
1 0.233333 0.666667 0.127083 0.079167
1 0.3125 0.371875 0.102083 0.079167
1 0.344792 0.31875 0.1125 0.083333
1 0.35 0.270833 0.116667 0.097917
1 0.364583 0.233333 0.116667 0.10625
1 0.390625 0.152083 0.139583 0.097917
1 0.416667 0.098958 0.116667 0.095833
1 0.427083 0.070833 0.116667 0.1125
0 0.694792 0.869792 0.422917 0.177083
0 0.755208 0.659375 0.397917 0.160417
0 0.783333 0.582292 0.35 0.220833
0 0.828125 0.321875 0.341667 0.208333
