0 0.394792 0.272917 0.129167 0.233333
0 0.334375 0.311458 0.127083 0.241667
0 0.291667 0.373958 0.141667 0.233333
0 0.25 0.427083 0.133333 0.24375
0 0.183333 0.513542 0.133333 0.245833
0 0.127083 0.566667 0.13125 0.245833
0 0.090625 0.664583 0.133333 0.247917
0 0.352083 0.520833 0.166667 0.20625
0 0.144792 0.814583 0.166667 0.25625
0 0.405208 0.676042 0.220833 0.270833
0 0.509375 0.776042 0.189583 0.2375
1 0.827083 0.284375 0.089583 0.0875
1 0.883333 0.213542 0.052083 0.06875
1 0.965625 0.08125 0.047917 0.11875
0 0.572917 0.397917 0.204167 0.245833
1 0.798958 0.60625 0.097917 0.064583
1 0.71875 0.595833 0.05 0.077083
1 0.790625 0.658333 0.11875 0.06875
1 0.755208 0.695833 0.1 0.079167
1 0.951042 0.69375 0.077083 0.0875
1 0.28125 0.845833 0.072917 0.091667
1 0.596875 0.888542 0.091667 0.054167
1 0.473958 0.928125 0.060417 0.091667
1 0.576042 0.936458 0.120833 0.054167
1 0.386458 0.926042 0.029167 0.077083
