1 0.239583 0.122917 0.066667 0.089583
1 0.185417 0.219792 0.066667 0.079167
1 0.105208 0.363542 0.06875 0.1
1 0.038542 0.432292 0.0625 0.091667
1 0.50625 0.058333 0.095833 0.041667
1 0.465625 0.10625 0.10625 0.039583
1 0.447917 0.141667 0.075 0.05625
1 0.422917 0.185417 0.06875 0.05625
1 0.4 0.233333 0.083333 0.0375
1 0.360417 0.272917 0.085417 0.060417
1 0.328125 0.317708 0.09375 0.058333
1 0.151042 0.56875 0.09375 0.06875
1 0.127083 0.611458 0.102083 0.060417
1 0.09375 0.644792 0.10625 0.05625
1 0.058333 0.694792 0.09375 0.058333
1 0.054167 0.74375 0.079167 0.047917
