0 0.653125 0.185417 0.122917 0.254167
0 0.607292 0.278125 0.116667 0.245833
0 0.555208 0.334375 0.120833 0.260417
0 0.4875 0.454167 0.129167 0.2625
0 0.428125 0.514583 0.116667 0.264583
0 0.380208 0.578125 0.127083 0.260417
0 0.334375 0.652083 0.127083 0.258333
0 0.259375 0.754167 0.13125 0.283333
0 0.204167 0.8375 0.120833 0.264583
0 0.259375 0.261458 0.183333 0.220833
0 0.415625 0.766667 0.20625 0.233333
0 0.646875 0.41875 0.1875 0.227083
0 0.842708 0.153125 0.20625 0.252083
0 0.880208 0.329167 0.1875 0.247917
0 0.701042 0.56875 0.216667 0.233333
0 0.536458 0.83125 0.191667 0.26875
0 0.75625 0.772917 0.075 0.122917
0 0.820833 0.691667 0.072917 0.127083
1 0.921875 0.823958 0.10625 0.052083
