0 0.095833 0.232292 0.158333 0.245833
1 0.202083 0.067708 0.116667 0.08125
1 0.326042 0.316667 0.08125 0.120833
1 0.292708 0.376042 0.10625 0.10625
1 0.209375 0.464583 0.1125 0.135417
1 0.154167 0.511458 0.072917 0.10625
1 0.111458 0.569792 0.06875 0.058333
1 0.08125 0.605208 0.0875 0.1
1 0.458333 0.377083 0.083333 0.064583
1 0.43125 0.419792 0.1 0.070833
1 0.377083 0.461458 0.11875 0.06875
1 0.347917 0.5 0.097917 0.070833
1 0.323958 0.533333 0.108333 0.06875
1 0.314583 0.566667 0.095833 0.070833
1 0.291667 0.59375 0.102083 0.083333
1 0.244792 0.658333 0.089583 0.089583
1 0.2 0.701042 0.120833 0.10625
