0 0.616667 0.258333 0.141667 0.295833
0 0.544792 0.25625 0.10625 0.164583
0 0.785417 0.235417 0.195833 0.264583
0 0.864583 0.313542 0.235417 0.258333
0 0.691667 0.622917 0.18125 0.25625
0 0.403125 0.504167 0.083333 0.39375
0 0.2375 0.30625 0.077083 0.15
0 0.523958 0.711458 0.0875 0.164583
0 0.327083 0.620833 0.141667 0.275
0 0.259375 0.697917 0.14375 0.26875
0 0.228125 0.785417 0.133333 0.283333
0 0.164583 0.855208 0.129167 0.2625
0 0.417708 0.7875 0.158333 0.247917
0 0.504167 0.865625 0.095833 0.1125
1 0.94375 0.788542 0.077083 0.052083
1 0.914583 0.832292 0.091667 0.064583
1 0.884375 0.872917 0.1 0.077083
1 0.8625 0.917708 0.110417 0.054167
1 0.833333 0.955208 0.10625 0.064583
1 0.948958 0.471875 0.054167 0.1
1 0.925 0.516667 0.08125 0.110417
1 0.888542 0.560417 0.070833 0.102083
1 0.85 0.73125 0.072917 0.091667
1 0.771875 0.883333 0.072917 0.0875
1 0.678125 0.86875 0.054167 0.06875
1 0.644792 0.913542 0.072917 0.083333
1 0.6 0.942708 0.04375 0.052083
