0 0.807292 0.333333 0.095833 0.254167
0 0.760417 0.383333 0.102083 0.260417
0 0.704167 0.457292 0.108333 0.272917
0 0.402083 0.821875 0.110417 0.26875
0 0.5375 0.307292 0.16875 0.177083
0 0.326042 0.54375 0.23125 0.254167
0 0.139583 0.801042 0.245833 0.272917
1 0.045833 0.639583 0.054167 0.1
1 0.638542 0.139583 0.052083 0.08125
1 0.341667 0.261458 0.064583 0.1
1 0.407292 0.190625 0.05625 0.079167
1 0.447917 0.142708 0.05625 0.06875
1 0.476042 0.104167 0.064583 0.089583
1 0.245833 0.146875 0.097917 0.033333
1 0.275 0.101042 0.089583 0.05625
1 0.348958 0.022917 0.091667 0.0375
