0 0.930208 0.416667 0.09375 0.2625
0 0.878125 0.478125 0.097917 0.266667
0 0.809375 0.536458 0.116667 0.283333
0 0.629167 0.788542 0.1 0.283333
0 0.870833 0.277083 0.229167 0.247917
0 0.472917 0.755208 0.229167 0.275
0 0.664583 0.333333 0.25 0.279167
0 0.440625 0.602083 0.241667 0.2625
0 0.33125 0.4875 0.1625 0.175
0 0.140625 0.442708 0.15625 0.102083
0 0.325 0.207292 0.19375 0.222917
1 0.577083 0.147917 0.116667 0.145833
1 0.209375 0.085417 0.145833 0.072917
1 0.126042 0.190625 0.09375 0.05
1 0.1625 0.655208 0.089583 0.154167
1 0.21875 0.590625 0.095833 0.145833
0 0.691667 0.511458 0.247917 0.264583
0 0.46875 0.313542 0.145833 0.154167
