0 0.0875 0.684375 0.135417 0.264583
0 0.130208 0.573958 0.129167 0.2625
0 0.163542 0.510417 0.1375 0.2625
0 0.234375 0.442708 0.166667 0.2875
0 0.2875 0.376042 0.129167 0.25
0 0.33125 0.310417 0.14375 0.258333
0 0.570833 0.158333 0.175 0.241667
0 0.88125 0.178125 0.183333 0.195833
0 0.633333 0.308333 0.177083 0.258333
0 0.33125 0.736458 0.195833 0.245833
0 0.077083 0.883333 0.1125 0.145833
1 0.777083 0.655208 0.077083 0.045833
1 0.59375 0.89375 0.083333 0.041667
1 0.571875 0.936458 0.0875 0.05625
1 0.371875 0.941667 0.052083 0.075
1 0.403125 0.897917 0.041667 0.066667
