0 0.947917 0.165625 0.070833 0.15625
0 0.903125 0.220833 0.095833 0.254167
0 0.802083 0.330208 0.085417 0.210417
0 0.764583 0.410417 0.10625 0.252083
0 0.720833 0.469792 0.095833 0.258333
0 0.670833 0.513542 0.09375 0.275
0 0.63125 0.579167 0.083333 0.260417
0 0.569792 0.619792 0.09375 0.252083
0 0.530208 0.69375 0.091667 0.25
0 0.477083 0.796875 0.089583 0.177083
0 0.419792 0.842708 0.072917 0.216667
0 0.73125 0.230208 0.195833 0.227083
0 0.667708 0.133333 0.11875 0.135417
0 0.50625 0.341667 0.21875 0.229167
0 0.415625 0.639583 0.23125 0.275
0 0.283333 0.601042 0.227083 0.24375
0 0.45 0.136458 0.21875 0.235417
1 0.280208 0.125 0.166667 0.075
