1 0.437151 0.464619 0.009513 0.018590
1 0.420288 0.461759 0.009513 0.018590
1 0.490336 0.504660 0.014701 0.012870
1 0.541359 0.523250 0.013837 0.015730
1 0.088569 0.250830 0.004756 0.015730
1 0.111702 0.279431 0.011242 0.008580
1 0.256122 0.280861 0.012107 0.010010
1 0.279904 0.280146 0.012972 0.012870
1 0.891382 0.830826 0.013404 0.015015
1 0.772690 0.964891 0.017296 0.022880
1 0.466122 0.822603 0.018161 0.018590
1 0.365806 0.905902 0.013837 0.013585
1 0.345051 0.786852 0.014701 0.015730
1 0.243006 0.682103 0.012107 0.013585
1 0.199983 0.722859 0.015134 0.015015
1 0.165607 0.763257 0.014701 0.017160
1 0.122368 0.756107 0.017296 0.017160
1 0.077831 0.721786 0.014701 0.015730
1 0.056428 0.676740 0.013404 0.015730
1 0.067886 0.608099 0.012107 0.012870
1 0.041654 0.766474 0.009513 0.012155
1 0.032790 0.592368 0.011675 0.015730
1 0.274283 0.493816 0.013837 0.015015
1 0.287687 0.447221 0.012972 0.015730
1 0.215261 0.380724 0.011675 0.015730
1 0.372652 0.440428 0.009945 0.017875
1 0.381733 0.483329 0.009945 0.022165
1 0.327467 0.465096 0.009513 0.012870
1 0.524207 0.540887 0.012107 0.018590
1 0.507560 0.597731 0.011675 0.012155
1 0.509289 0.531950 0.008216 0.020735
1 0.501290 0.529447 0.014701 0.015730
1 0.496534 0.524800 0.013837 0.012155
1 0.489399 0.525515 0.014269 0.016445
1 0.482265 0.522297 0.016431 0.014300
1 0.473617 0.519795 0.016431 0.015015
1 0.468428 0.514074 0.016431 0.015015
1 0.431891 0.503349 0.018593 0.015015
1 0.408974 0.494412 0.013404 0.020020
1 0.244015 0.428273 0.017296 0.020735
1 0.781338 0.673172 0.014308 0.014365
1 0.839082 0.675285 0.011242 0.018590
0 0.785662 0.442573 0.019025 0.015015
0 0.755178 0.428630 0.037618 0.028601
0 0.855494 0.566628 0.041942 0.038611
0 0.875384 0.694973 0.039348 0.037896
0 0.921001 0.750029 0.031997 0.055056
0 0.954728 0.822603 0.030268 0.075792
0 0.901111 0.863359 0.045834 0.034321
0 0.850305 0.513359 0.035024 0.033606
0 0.844035 0.506567 0.041510 0.034321
0 0.836684 0.498344 0.046699 0.040756
0 0.821983 0.498702 0.034592 0.037181
0 0.810741 0.495842 0.038051 0.037181
0 0.798634 0.493339 0.038051 0.037896
0 0.777014 0.485116 0.038051 0.038611
0 0.769663 0.478324 0.040645 0.035036
0 0.756259 0.480111 0.039780 0.037181
0 0.745017 0.475821 0.038051 0.037181
0 0.739179 0.467599 0.040213 0.039326
0 0.724478 0.466884 0.036754 0.037896
0 0.716911 0.457588 0.031997 0.029316
0 0.664159 0.473676 0.028538 0.035751
1 0.707182 0.498344 0.012539 0.013585
1 0.677995 0.415760 0.012972 0.017160
1 0.679293 0.400745 0.010377 0.015730
1 0.634107 0.371429 0.012539 0.010010
1 0.632594 0.380367 0.011242 0.010725
1 0.659186 0.426843 0.005621 0.022165
1 0.654214 0.426128 0.006918 0.016445
1 0.649025 0.421480 0.006918 0.017160
1 0.643836 0.422910 0.006918 0.011440
1 0.637999 0.417548 0.008216 0.017875
1 0.631729 0.418620 0.006918 0.011440
0 0.389444 0.447221 0.019025 0.020020
0 0.403497 0.357486 0.014269 0.023595
0 0.287615 0.352124 0.018593 0.024310
0 0.267941 0.355341 0.013837 0.022165
0 0.374526 0.327813 0.013404 0.024310
0 0.356582 0.328171 0.012107 0.020735
0 0.347069 0.327813 0.018161 0.024310
0 0.326098 0.322093 0.018593 0.024310
0 0.312045 0.326026 0.015566 0.020735
0 0.303830 0.322093 0.018161 0.021450
0 0.285453 0.324238 0.018593 0.018590
0 0.270751 0.323166 0.017728 0.022165
0 0.247618 0.318876 0.019890 0.019305
0 0.229458 0.352481 0.016431 0.017875
0 0.247186 0.353554 0.016431 0.021450
0 0.208919 0.416475 0.037618 0.030031
0 0.137646 0.472604 0.017296 0.043616
0 0.148672 0.475106 0.019458 0.044331
0 0.161860 0.510499 0.035456 0.036466
0 0.066301 0.520867 0.047563 0.041471
0 0.074732 0.525515 0.039348 0.040756
0 0.094190 0.535525 0.036754 0.036466
0 0.102838 0.540172 0.034159 0.037181
0 0.123377 0.547680 0.037186 0.036466
0 0.135484 0.550540 0.040645 0.045046
0 0.145861 0.553758 0.051023 0.041471
0 0.153644 0.563053 0.037186 0.038611
0 0.165319 0.564840 0.036321 0.036466
0 0.176345 0.565555 0.037618 0.039326
0 0.188668 0.570203 0.038916 0.041471
0 0.202505 0.570918 0.036321 0.042901
0 0.211801 0.576638 0.036754 0.035751
0 0.219585 0.579498 0.040213 0.050051
0 0.220882 0.583788 0.041942 0.047191
0 0.228665 0.590581 0.037618 0.043616
0 0.284660 0.582001 0.038051 0.025025
0 0.248555 0.598089 0.034159 0.038611
0 0.259365 0.604524 0.035889 0.040041
0 0.272121 0.607026 0.035456 0.043616
0 0.279688 0.611674 0.035889 0.042901
0 0.290714 0.614534 0.033727 0.042901
0 0.300659 0.620254 0.035456 0.040041
0 0.313631 0.620254 0.034592 0.048621
0 0.323792 0.630979 0.039348 0.044331
0 0.151915 0.690325 0.035456 0.032891
0 0.445943 0.662202 0.040645 0.034321
0 0.433404 0.623591 0.040645 0.028601
0 0.527666 0.612866 0.017296 0.044331
0 0.498047 0.612866 0.024647 0.055771
0 0.488967 0.614653 0.032430 0.056486
0 0.478157 0.612866 0.024647 0.054341
0 0.466698 0.607145 0.026808 0.061491
0 0.455024 0.598923 0.025079 0.053626
0 0.444214 0.596778 0.026808 0.055056
0 0.430161 0.587483 0.027241 0.052196
0 0.423243 0.589270 0.028106 0.060061
0 0.401191 0.578902 0.028106 0.060776
0 0.391029 0.571395 0.029403 0.052911
0 0.380652 0.571395 0.025944 0.058631
0 0.369842 0.563887 0.030268 0.050766
0 0.361194 0.566390 0.029403 0.054341
0 0.348438 0.557452 0.024647 0.055056
0 0.338926 0.553162 0.025511 0.047906
0 0.325738 0.547084 0.027673 0.052911
0 0.304550 0.534929 0.025944 0.058631
0 0.294389 0.533857 0.022917 0.049336
0 0.272769 0.521344 0.028970 0.052911
0 0.265635 0.518126 0.029403 0.052196
0 0.254392 0.513479 0.025944 0.051481
0 0.246177 0.512406 0.029403 0.056486
0 0.235583 0.515266 0.028106 0.049336
0 0.214612 0.506328 0.026808 0.048621
0 0.202937 0.502396 0.026808 0.050766
0 0.192128 0.490598 0.027673 0.048621
0 0.182615 0.491313 0.025944 0.057201
0 0.172021 0.480945 0.023782 0.049336
0 0.161427 0.481303 0.021620 0.047191