1 0.552385 0.365685 0.014269 0.014086
0 0.523198 0.370133 0.021620 0.024465
1 0.538764 0.393486 0.007783 0.022241
1 0.544169 0.391262 0.009945 0.017792
1 0.553682 0.430553 0.010810 0.020758
1 0.542223 0.457983 0.012972 0.017792
1 0.550223 0.456871 0.011675 0.020017
1 0.558222 0.455389 0.010377 0.021499
1 0.562978 0.455018 0.009513 0.020758
1 0.569680 0.472810 0.009945 0.028171
1 0.582436 0.472069 0.017296 0.013344
1 0.624811 0.360495 0.014701 0.015568
0 0.562978 0.354194 0.035456 0.023723
0 0.706750 0.409795 0.038483 0.060791
1 0.732261 0.457242 0.012539 0.026689
0 0.707182 0.499375 0.046266 0.025947
0 0.682752 0.523222 0.025944 0.028171
0 0.710209 0.526188 0.029835 0.023723
1 0.626108 0.519886 0.014701 0.015568
1 0.594543 0.520627 0.015566 0.021499
1 0.596273 0.500240 0.015566 0.016310
1 0.581571 0.500240 0.012972 0.017792
1 0.683400 0.596987 0.027241 0.027430
1 0.539845 0.587349 0.019458 0.017051
1 0.443854 0.571781 0.014269 0.020017
1 0.876681 0.605142 0.020323 0.015568
1 0.905435 0.666303 0.016431 0.020758
1 0.795174 0.674087 0.018161 0.021499
1 0.757988 0.657036 0.015566 0.014086
1 0.926839 0.739326 0.014269 0.020017
1 0.674536 0.654071 0.016431 0.020017
1 0.656159 0.666674 0.015134 0.020017
1 0.340295 0.638873 0.019025 0.017792
1 0.332728 0.595875 0.010810 0.011862
1 0.322999 0.584013 0.017296 0.017792
1 0.253600 0.566221 0.021187 0.017792
1 0.300803 0.531377 0.011531 0.019275
1 0.101973 0.574746 0.022052 0.030395
1 0.037330 0.645916 0.019025 0.024465
1 0.057220 0.519886 0.017296 0.018534
0 0.109972 0.506912 0.041510 0.017792
0 0.225206 0.513214 0.039348 0.028913
1 0.253528 0.513214 0.013837 0.008155
1 0.264121 0.512473 0.013404 0.014086
1 0.273850 0.514697 0.012972 0.012603
1 0.284444 0.516179 0.011675 0.014086
0 0.268445 0.514326 0.045401 0.026689
1 0.286390 0.469474 0.011242 0.017051
1 0.292011 0.480965 0.011242 0.017792
1 0.299794 0.492085 0.009513 0.023723
1 0.306064 0.503947 0.011675 0.022241
1 0.173751 0.392003 0.015999 0.013344
1 0.206829 0.869310 0.015566 0.022982
1 0.176561 0.817415 0.012107 0.028913
1 0.179588 0.928618 0.016431 0.017051
0 0.165319 0.745134 0.046699 0.029654
1 0.167913 0.715480 0.015566 0.014827
0 0.213315 0.712885 0.045834 0.036326
0 0.260878 0.722152 0.042375 0.037068
0 0.169643 0.701765 0.042375 0.022982
0 0.335250 0.701394 0.040645 0.028171
0 0.274283 0.784302 0.046699 0.054119
0 0.320549 0.795793 0.042375 0.025206
0 0.360762 0.800241 0.048428 0.019275
0 0.352546 0.763173 0.037186 0.063756
0 0.410055 0.710537 0.029403 0.029654
0 0.451781 0.711649 0.038483 0.028913
0 0.520315 0.712391 0.054482 0.021499
0 0.366815 0.756130 0.038051 0.061532
0 0.376760 0.760949 0.033727 0.054860
0 0.386057 0.766139 0.036754 0.057825
0 0.397515 0.766139 0.035456 0.057825
0 0.411784 0.764285 0.034592 0.054119
0 0.432323 0.768363 0.034159 0.054860
0 0.410487 0.802094 0.042375 0.021499
0 0.443781 0.770587 0.036321 0.054860
0 0.457186 0.767251 0.033727 0.057084
0 0.471022 0.763915 0.038916 0.056343
1 0.446592 0.803948 0.011675 0.014827
1 0.475995 0.801353 0.014269 0.012603
0 0.461293 0.801353 0.014269 0.014086
0 0.494372 0.763544 0.037186 0.054119
0 0.503452 0.765397 0.037186 0.056343
0 0.513397 0.765397 0.040645 0.056343
0 0.509073 0.802465 0.044104 0.023723
0 0.556204 0.806542 0.055347 0.027430
0 0.553826 0.766880 0.033294 0.057825
0 0.565717 0.764285 0.036321 0.057084
0 0.573284 0.772069 0.031565 0.054860
0 0.589931 0.761320 0.022485 0.036326
1 0.621928 0.748346 0.008648 0.022241
1 0.599011 0.793569 0.009513 0.017792
1 0.606794 0.779854 0.009513 0.015568
1 0.614145 0.764656 0.012107 0.019275
0 0.622577 0.771699 0.035024 0.058567
0 0.633819 0.769104 0.035889 0.066722
0 0.645710 0.771328 0.037186 0.065239
0 0.616739 0.809137 0.044969 0.019275
0 0.669708 0.772069 0.041078 0.057825
0 0.683761 0.770587 0.028538 0.057825
0 0.668194 0.808396 0.045834 0.020758
0 0.693922 0.765768 0.037618 0.065980
0 0.707110 0.770216 0.041510 0.064498
0 0.713596 0.810249 0.041510 0.027430
0 0.728297 0.772811 0.039780 0.056343
0 0.742134 0.769104 0.032862 0.060791
0 0.753376 0.772440 0.029403 0.054119
0 0.767429 0.770957 0.034159 0.060050
0 0.764114 0.813832 0.043384 0.022735
0 0.786671 0.776518 0.031997 0.057825
0 0.797481 0.778742 0.031132 0.056343
0 0.809804 0.776888 0.034159 0.060050
0 0.806128 0.815438 0.045834 0.030395
0 0.827100 0.776147 0.038483 0.057084
0 0.829694 0.794681 0.022917 0.030395
0 0.826019 0.721657 0.046699 0.022241
0 0.871636 0.720545 0.049725 0.028913
0 0.876393 0.806913 0.032430 0.063756
0 0.803390 0.859673 0.021620 0.048188
1 0.785013 0.864491 0.011675 0.022241
0 0.751286 0.851518 0.027241 0.037809
0 0.695724 0.838915 0.048428 0.020017
0 0.706966 0.863009 0.043240 0.032619
0 0.619190 0.926024 0.044969 0.028171
0 0.572059 0.923429 0.043240 0.025947
0 0.619622 0.865603 0.020755 0.025947
0 0.599732 0.865974 0.022485 0.031137
0 0.583949 0.861897 0.022052 0.031878
0 0.572491 0.862638 0.019890 0.031878
0 0.554547 0.861897 0.019458 0.033361
0 0.526009 0.864121 0.024647 0.025947
1 0.541575 0.865974 0.012539 0.034102
1 0.503740 0.865233 0.013837 0.026689
1 0.493147 0.850035 0.014269 0.017051
1 0.497470 0.837803 0.015134 0.019275
1 0.492714 0.864491 0.011675 0.022241
1 0.483634 0.861526 0.014269 0.025206
1 0.472608 0.864862 0.015566 0.024465
1 0.463095 0.861526 0.018161 0.025206
0 0.450556 0.855966 0.025079 0.037809
0 0.422450 0.858190 0.020755 0.028913
0 0.385048 0.857448 0.018593 0.025947
1 0.407965 0.857448 0.010810 0.024465
1 0.376184 0.855224 0.009513 0.024465
1 0.368184 0.857448 0.010810 0.021499
1 0.356510 0.857819 0.009080 0.023723
1 0.348510 0.854854 0.014701 0.026689
1 0.332944 0.939739 0.021620 0.014086
1 0.321486 0.963091 0.008216 0.026689
1 0.331215 0.967169 0.014701 0.027430
1 0.338133 0.964574 0.012972 0.026689
1 0.347429 0.964203 0.012539 0.024465
1 0.354996 0.964574 0.013837 0.023723
1 0.360401 0.967539 0.014269 0.025206
1 0.369049 0.966057 0.012539 0.023723
1 0.376832 0.965315 0.013404 0.026689
1 0.382670 0.970134 0.011242 0.031878
1 0.392182 0.969022 0.012972 0.026689
1 0.397803 0.969393 0.016431 0.025947
1 0.404938 0.965315 0.015134 0.025206
1 0.412289 0.967539 0.013404 0.029654
1 0.401046 0.945669 0.015999 0.017051
1 0.441908 0.950488 0.018161 0.022241
1 0.440178 0.919722 0.009513 0.027430
1 0.447313 0.924170 0.010810 0.021499
1 0.462446 0.922317 0.014269 0.025206
1 0.492066 0.949005 0.015566 0.019275
1 0.337484 0.921946 0.012539 0.030395
1 0.346997 0.918239 0.010810 0.018534
1 0.351970 0.918981 0.011242 0.027430
1 0.359753 0.918610 0.011242 0.026689
1 0.367968 0.920093 0.013837 0.026689
1 0.372941 0.921946 0.015999 0.025947
1 0.379859 0.920463 0.015999 0.033361
1 0.392615 0.921205 0.014701 0.030395
1 0.401263 0.918239 0.014701 0.028913
1 0.408397 0.920093 0.015134 0.025206
1 0.415964 0.922687 0.014701 0.033361
1 0.032358 0.892292 0.011675 0.018534
0 0.012612 0.850776 0.025223 0.076359
0 0.055058 0.845216 0.052752 0.025206
0 0.053977 0.794063 0.048861 0.026689
0 0.072786 0.735496 0.043240 0.037068
0 0.070841 0.691015 0.047131 0.028171
0 0.122296 0.697687 0.042807 0.026689
0 0.020899 0.718816 0.036321 0.027430
0 0.020395 0.734013 0.040789 0.031137
1 0.547340 0.971246 0.012539 0.028171
1 0.590363 0.948264 0.018161 0.020758
1 0.633603 0.949747 0.021620 0.019275
1 0.510803 0.929360 0.008648 0.027430
1 0.514694 0.928248 0.015566 0.028171
1 0.526369 0.924170 0.014701 0.025947
1 0.524856 0.946781 0.015134 0.023723
1 0.538260 0.927506 0.013404 0.023723
1 0.547124 0.927136 0.012972 0.027430
1 0.694354 0.978289 0.012539 0.031878
1 0.702570 0.980513 0.013404 0.028913
1 0.709272 0.979401 0.012107 0.026689
1 0.717488 0.978660 0.014701 0.022241
1 0.727433 0.979030 0.015566 0.028913
1 0.734135 0.978289 0.014269 0.027430
1 0.744728 0.977547 0.017296 0.030395
1 0.688517 0.927877 0.014701 0.027430
1 0.703651 0.928248 0.014701 0.025206
1 0.714245 0.918610 0.010810 0.029654
0 0.657601 0.971987 0.049725 0.020758
0 0.725919 0.911567 0.013404 0.027430
0 0.735432 0.917869 0.018593 0.034102
0 0.758781 0.920834 0.031565 0.059308
0 0.769375 0.920834 0.032862 0.063756
0 0.779752 0.923058 0.037186 0.059308
0 0.792076 0.923429 0.037618 0.061532
0 0.817155 0.988588 0.023782 0.022823
0 0.826883 0.969022 0.015566 0.026689
1 0.834018 0.897852 0.016863 0.032619
0 0.975699 0.422645 0.039348 0.042998
0 0.967051 0.424870 0.039348 0.041516
0 0.955377 0.428947 0.038483 0.043740
0 0.943054 0.427835 0.039780 0.044481
0 0.935919 0.429688 0.034159 0.042257
0 0.927271 0.431542 0.043672 0.048929
0 0.917758 0.437102 0.038483 0.048188
0 0.895274 0.442662 0.036754 0.057825
0 0.883383 0.436360 0.036321 0.042257
0 0.873006 0.438585 0.038051 0.042257
0 0.863709 0.438585 0.040213 0.040774
0 0.854629 0.439697 0.038483 0.042998
0 0.835171 0.435248 0.015999 0.026689
0 0.851170 0.450817 0.017728 0.019275
0 0.834522 0.451188 0.038916 0.048188
0 0.817443 0.420051 0.040213 0.027430
0 0.905868 0.407818 0.032862 0.038550
0 0.855926 0.393733 0.043672 0.029654
0 0.946297 0.376682 0.038483 0.019275
0 0.855061 0.362596 0.025511 0.050412
0 0.865871 0.361855 0.025511 0.056343
0 0.873870 0.361113 0.022485 0.047447
0 0.882518 0.361113 0.029403 0.062274
0 0.892031 0.358519 0.025944 0.054119
0 0.901976 0.353329 0.027673 0.057084
0 0.922082 0.348881 0.025511 0.051153
0 0.946945 0.338502 0.014701 0.030395
0 0.932460 0.355553 0.022052 0.048188
0 0.955161 0.343321 0.022485 0.048929
0 0.961430 0.343691 0.025511 0.049671
0 0.971159 0.347028 0.025079 0.054860
1 0.957323 0.205800 0.007783 0.012603
1 0.883383 0.122769 0.013837 0.018534
1 0.760150 0.183930 0.007783 0.019275
1 0.769231 0.191344 0.008648 0.025206
0 0.770096 0.156129 0.014701 0.037809
0 0.745449 0.172810 0.014701 0.023723
0 0.569248 0.060124 0.009945 0.022241
0 0.577464 0.018114 0.015134 0.026689
0 0.457690 0.011072 0.011675 0.017051
0 0.454447 0.020709 0.011242 0.021499
0 0.448610 0.033683 0.011675 0.013344
0 0.447313 0.041096 0.013404 0.019275
0 0.441692 0.044803 0.013404 0.020758
0 0.440611 0.054811 0.012972 0.027430
0 0.435422 0.059259 0.012107 0.018534
0 0.432611 0.070009 0.016863 0.026689
0 0.437800 0.121162 0.022052 0.041516
0 0.452501 0.126352 0.022917 0.047447
0 0.460933 0.135619 0.019890 0.036326
0 0.470013 0.136731 0.018161 0.032619
0 0.476716 0.141920 0.022052 0.040033
0 0.480175 0.144886 0.023782 0.040033
0 0.487093 0.149704 0.022052 0.037809
0 0.494228 0.152299 0.020755 0.040033
0 0.500930 0.151558 0.021187 0.037068
0 0.506118 0.156006 0.023782 0.040033
0 0.512388 0.154523 0.020755 0.038550
0 0.518009 0.160454 0.021620 0.038550
0 0.527306 0.156747 0.024647 0.045964
0 0.601245 0.145627 0.021187 0.029654
0 0.455240 0.295009 0.027241 0.046705
0 0.500858 0.255347 0.033727 0.038550
0 0.515559 0.260907 0.036321 0.039292
0 0.525720 0.263502 0.033294 0.034102
0 0.536530 0.266838 0.035889 0.037809
0 0.548421 0.268321 0.032862 0.040774
0 0.615658 0.258683 0.033294 0.017051
0 0.627982 0.276846 0.027673 0.022241
0 0.569392 0.277588 0.040213 0.037068
0 0.575230 0.280924 0.036321 0.045222
0 0.588850 0.286484 0.038483 0.041516
0 0.599444 0.289820 0.034592 0.033361
0 0.612199 0.297975 0.030700 0.039292
0 0.622793 0.300940 0.031132 0.036326
0 0.646359 0.305759 0.031565 0.035585
0 0.657817 0.311690 0.031997 0.038550
0 0.663871 0.317621 0.038916 0.035585
0 0.672086 0.322069 0.039780 0.038550
0 0.683761 0.323922 0.035456 0.034844
0 0.693922 0.329112 0.027241 0.037809
0 0.705380 0.329853 0.033727 0.033361
0 0.712731 0.336896 0.032862 0.037068
0 0.725919 0.338749 0.031565 0.039292
0 0.640305 0.332448 0.041078 0.037068
1 0.260014 0.210125 0.011242 0.022241
1 0.297416 0.148592 0.008216 0.020758
1 0.288119 0.146739 0.008648 0.025947
0 0.136781 0.403988 0.017296 0.030395
0 0.060679 0.478123 0.025944 0.048188
0 0.074732 0.485907 0.022917 0.051895
0 0.082299 0.478865 0.020755 0.049671
0 0.092677 0.478123 0.025944 0.049671
0 0.103054 0.475529 0.024214 0.045964
0 0.112351 0.474417 0.023782 0.048188
0 0.125106 0.479235 0.028538 0.050412
0 0.148672 0.482201 0.022052 0.041516
0 0.160779 0.485537 0.021187 0.034844
0 0.165751 0.477011 0.023349 0.056343
0 0.179588 0.483313 0.026808 0.049671
0 0.189317 0.482942 0.027241 0.048929
0 0.198397 0.479606 0.025511 0.046705
0 0.207694 0.476641 0.027673 0.051153
0 0.221530 0.482571 0.026808 0.048188
0 0.241853 0.483313 0.030268 0.055601
0 0.253528 0.480347 0.029403 0.046705
0 0.264554 0.482942 0.027241 0.045964
0 0.274283 0.481459 0.025944 0.045964
0 0.287254 0.487390 0.031132 0.045964
0 0.306712 0.484054 0.028538 0.048188
0 0.314495 0.482942 0.031997 0.054860
0 0.336764 0.481459 0.031565 0.044481
0 0.348438 0.480718 0.028970 0.050412
0 0.359464 0.482571 0.031997 0.049671
0 0.372869 0.488502 0.032862 0.055601
0 0.380003 0.481459 0.031565 0.048929
0 0.393624 0.486278 0.031997 0.057084
0 0.401623 0.479235 0.033294 0.068204
0 0.386057 0.512225 0.044537 0.034844
1 0.159049 0.814821 0.014269 0.029654
1 0.166184 0.373716 0.010377 0.022241
1 0.173751 0.374087 0.010810 0.017051
1 0.185642 0.375570 0.011242 0.020017
1 0.213963 0.379647 0.011675 0.026689
1 0.234935 0.374087 0.012972 0.017051
1 0.239691 0.375940 0.011242 0.020758
1 0.245528 0.377052 0.012539 0.015568
1 0.159482 0.324787 0.009080 0.019275
1 0.171373 0.324787 0.009513 0.016310
1 0.179156 0.328123 0.012972 0.017051
1 0.186074 0.327011 0.012972 0.020758
1 0.176129 0.308107 0.009513 0.020017
0 0.168778 0.304400 0.013837 0.020017
0 0.153428 0.306253 0.016863 0.023723
0 0.138943 0.354812 0.018161 0.021499
0 0.117972 0.352217 0.019458 0.026689
0 0.105000 0.352958 0.023782 0.022241
0 0.095055 0.355924 0.018593 0.023723
0 0.085758 0.352958 0.020755 0.026689
0 0.092460 0.325158 0.015999 0.022982
0 0.097865 0.304770 0.019025 0.026689
1 0.113432 0.321080 0.008648 0.017792
1 0.234935 0.339614 0.012107 0.014827
1 0.153644 0.352958 0.010377 0.019275
1 0.160346 0.354070 0.011675 0.022982
1 0.167265 0.354441 0.012539 0.019275
1 0.173967 0.353329 0.009513 0.015568
1 0.181101 0.354441 0.011675 0.016310
1 0.186506 0.356665 0.014701 0.017792
1 0.207261 0.354812 0.011242 0.018534
1 0.215044 0.355182 0.011242 0.017792
1 0.222395 0.352217 0.010377 0.020758
1 0.227584 0.357406 0.012107 0.016310
1 0.234935 0.354812 0.011242 0.022982
1 0.239475 0.358148 0.010810 0.019275
1 0.244447 0.360001 0.014701 0.017051
1 0.251798 0.358889 0.012107 0.013344
1 0.283795 0.411155 0.009513 0.021499
1 0.289200 0.412637 0.009945 0.015568
1 0.294389 0.410042 0.011675 0.017792
1 0.308658 0.413749 0.014269 0.017792
1 0.321846 0.414861 0.010377 0.017051
1 0.328764 0.415232 0.012972 0.022241
1 0.336115 0.412637 0.014701 0.022982
1 0.352978 0.413749 0.010377 0.019275
1 0.311036 0.379647 0.007783 0.020758
1 0.317954 0.380388 0.012972 0.020758
1 0.328548 0.378535 0.012539 0.024465
1 0.336115 0.378535 0.012107 0.018534
1 0.347574 0.380388 0.012539 0.019275
1 0.392759 0.363337 0.012107 0.019275
1 0.386273 0.362596 0.009513 0.017792
1 0.380652 0.362225 0.010377 0.025947
1 0.374814 0.360743 0.009945 0.021499
1 0.367464 0.361484 0.009945 0.025947
1 0.360545 0.360001 0.010810 0.021499
1 0.355789 0.358889 0.011675 0.022241
1 0.340223 0.360001 0.009945 0.024465
1 0.333521 0.361855 0.008648 0.019275
1 0.327683 0.358148 0.011675 0.022241
1 0.321846 0.355553 0.012107 0.025947
1 0.314712 0.360743 0.012539 0.021499
1 0.309090 0.359260 0.016863 0.018534
1 0.401191 0.328494 0.009945 0.026689
1 0.394705 0.328494 0.011675 0.026689
1 0.843242 0.004980 0.015999 0.009959
1 0.849296 0.007735 0.015134 0.014827
1 0.845621 0.024416 0.012107 0.015568
1 0.839135 0.031829 0.012107 0.020017
1 0.843891 0.029605 0.014701 0.021499
1 0.834811 0.037760 0.014701 0.020017
1 0.833946 0.041096 0.012972 0.019275
1 0.825298 0.041467 0.012972 0.021499
1 0.816218 0.048139 0.011242 0.018534
1 0.803246 0.035536 0.014701 0.017051
1 0.790923 0.024416 0.008216 0.017051
1 0.807570 0.047768 0.006918 0.019275
1 0.803246 0.046286 0.006918 0.016310
1 0.796976 0.043691 0.008216 0.015568
1 0.792436 0.042208 0.007783 0.015568
1 0.788328 0.041838 0.007351 0.014827
1 0.782923 0.039614 0.010377 0.016310
1 0.778383 0.035165 0.011675 0.019275
1 0.775573 0.031088 0.011242 0.018534
1 0.768438 0.028123 0.015134 0.017051
1 0.726712 0.009959 0.016431 0.013344
1 0.103054 0.017002 0.006918 0.020017
1 0.101325 0.035165 0.006918 0.025206