0 0.500065 0.658766 0.045401 0.026689
0 0.648160 0.580183 0.031132 0.026689
0 0.662429 0.539408 0.040645 0.025206
1 0.566437 0.503824 0.016431 0.017792
1 0.534440 0.478988 0.015566 0.015568
1 0.618973 0.648016 0.021187 0.015568
1 0.708695 0.596122 0.022485 0.027430
1 0.539413 0.460084 0.012539 0.022241
1 0.550223 0.459713 0.010810 0.025947
1 0.556492 0.456748 0.012107 0.018534
1 0.562978 0.453041 0.012972 0.020017
1 0.549142 0.392250 0.007783 0.018534
1 0.555844 0.393362 0.006486 0.020758
1 0.581571 0.389655 0.012107 0.026689
0 0.610542 0.356665 0.047563 0.027430
0 0.701561 0.444886 0.020323 0.036326
1 0.628702 0.295874 0.016431 0.025947
1 0.652268 0.304400 0.009945 0.020758
1 0.554547 0.262884 0.013404 0.014827
0 0.537251 0.265849 0.028106 0.029654
0 0.527954 0.258065 0.024214 0.024465
0 0.490336 0.266220 0.028538 0.033361
1 0.420288 0.640232 0.018161 0.017792
1 0.356726 0.637638 0.017296 0.024465
1 0.232845 0.635414 0.016863 0.014086
0 0.249276 0.652094 0.044537 0.028171
1 0.203874 0.622440 0.016863 0.023723
1 0.152419 0.570916 0.015134 0.014086
1 0.066084 0.575364 0.022052 0.020017
1 0.028682 0.615768 0.021620 0.019275
1 0.041438 0.631707 0.020323 0.014086
1 0.078191 0.617250 0.024647 0.020758
1 0.124025 0.616509 0.021187 0.022241
1 0.138943 0.632448 0.020755 0.015568
0 0.127268 0.648387 0.044969 0.020758
0 0.155806 0.698799 0.044969 0.025206
1 0.188452 0.758107 0.017728 0.026689
1 0.189101 0.819639 0.020755 0.016310
1 0.197749 0.795175 0.018161 0.013344
1 0.202505 0.785167 0.013837 0.014086
1 0.206829 0.777012 0.015566 0.009638
1 0.241421 0.840027 0.019025 0.022982
1 0.244447 0.849294 0.016431 0.020758
1 0.248987 0.916386 0.013404 0.021499
1 0.334818 0.854854 0.013837 0.027430
1 0.348871 0.854854 0.015999 0.025947
1 0.394705 0.861526 0.017728 0.027430
1 0.468212 0.857078 0.016863 0.025947
1 0.475346 0.858931 0.016431 0.026689
1 0.487021 0.862267 0.012107 0.021499
1 0.570257 0.817045 0.017728 0.018534
1 0.543232 0.859673 0.020755 0.034102
1 0.567663 0.864862 0.015999 0.023723
1 0.577392 0.861526 0.014701 0.022982
1 0.721379 0.912926 0.015566 0.027430
1 0.735216 0.912185 0.013837 0.025947
0 0.696300 0.921452 0.027673 0.051895
1 0.673383 0.971864 0.011242 0.029654
1 0.653493 0.972976 0.013837 0.021499
1 0.645061 0.972976 0.009080 0.025947
1 0.642251 0.933684 0.012107 0.020017
1 0.635332 0.929607 0.016431 0.026689
1 0.627333 0.928865 0.016863 0.032619
1 0.620631 0.929236 0.016431 0.024465
1 0.606578 0.925900 0.014269 0.028171
1 0.596417 0.928495 0.012972 0.028913
0 0.574365 0.923676 0.024214 0.026689
1 0.558366 0.927383 0.012972 0.029654
1 0.549718 0.928124 0.012107 0.023723
1 0.543016 0.923305 0.015999 0.031878
1 0.532206 0.927383 0.014269 0.025206
1 0.526801 0.925900 0.012107 0.025206
1 0.516856 0.925900 0.009513 0.025206
1 0.509938 0.928124 0.014701 0.028171
1 0.412649 0.966304 0.014701 0.022982
1 0.403353 0.964821 0.009945 0.024465
1 0.383030 0.967045 0.014269 0.022982
1 0.375031 0.964450 0.012107 0.025206
1 0.365950 0.965562 0.015566 0.027430
0 0.333737 0.965192 0.044537 0.034102
1 0.467563 0.928865 0.016431 0.023723
1 0.460212 0.927383 0.012972 0.025206
1 0.453078 0.920340 0.016863 0.020017
1 0.446376 0.924417 0.012107 0.026689
1 0.437728 0.922564 0.013837 0.025947
1 0.430377 0.920710 0.012972 0.020758
1 0.423891 0.920340 0.017296 0.022982
1 0.415460 0.919969 0.015134 0.025206
1 0.409622 0.922935 0.014701 0.026689
1 0.401191 0.922193 0.014269 0.026689
1 0.395786 0.922193 0.016431 0.026689
1 0.384111 0.920710 0.013837 0.026689
1 0.376976 0.917374 0.016863 0.031878
1 0.368977 0.919969 0.015566 0.028171
1 0.358600 0.922193 0.014701 0.026689
1 0.354492 0.917745 0.015134 0.028171
1 0.345195 0.919969 0.013837 0.028171
1 0.336980 0.921823 0.016431 0.033361
0 0.091596 0.786896 0.035024 0.028913
0 0.352978 0.755389 0.039780 0.069687
1 0.388435 0.739079 0.019025 0.028171
0 0.388651 0.758725 0.038483 0.057084
0 0.392110 0.767251 0.026376 0.040033
0 0.421297 0.748346 0.020755 0.033361
0 0.435782 0.759837 0.036754 0.056343
0 0.445943 0.789120 0.016431 0.039292
1 0.469941 0.743527 0.013404 0.019275
0 0.470806 0.764656 0.037618 0.060050
0 0.493939 0.763544 0.036321 0.059308
0 0.506695 0.765397 0.037618 0.063015
0 0.528531 0.766139 0.034592 0.055601
0 0.551664 0.768733 0.037618 0.069687
0 0.570041 0.756501 0.036321 0.054119
0 0.576743 0.769104 0.035024 0.061532
0 0.588201 0.766509 0.036321 0.056343
0 0.607659 0.770957 0.038916 0.062274
0 0.633387 0.772811 0.040213 0.064498
0 0.642683 0.772811 0.039780 0.060050
0 0.678788 0.772440 0.036754 0.059308
0 0.689382 0.778371 0.032862 0.062274
0 0.703867 0.772069 0.035024 0.058567
0 0.787752 0.854730 0.028106 0.040033
0 0.807426 0.862885 0.023349 0.032619
0 0.727216 0.774293 0.032430 0.068946
0 0.766781 0.765768 0.037186 0.056343
0 0.789049 0.773552 0.033294 0.058567
0 0.824938 0.771699 0.032430 0.057825
0 0.841801 0.765397 0.028970 0.046705
1 0.893040 0.773923 0.011242 0.023723
1 0.981032 0.714985 0.016863 0.020017
1 0.946657 0.663461 0.016431 0.019275
1 0.831207 0.650117 0.020755 0.020758
1 0.768582 0.976312 0.011675 0.029654
1 0.815065 0.991492 0.010377 0.017016
1 0.740693 0.974088 0.008648 0.029654
1 0.727505 0.980019 0.009945 0.026689
1 0.720586 0.976683 0.011675 0.027430
1 0.707831 0.975571 0.015566 0.029654
0 0.060463 0.475529 0.031565 0.051153
0 0.122512 0.476641 0.031997 0.044481
0 0.111702 0.403247 0.015566 0.026689
0 0.185425 0.403247 0.017728 0.032619
1 0.190182 0.463667 0.011675 0.020017
0 0.218720 0.479235 0.029835 0.051153
0 0.257635 0.487761 0.028106 0.054860
0 0.283579 0.484054 0.022052 0.038550
0 0.291795 0.479606 0.030700 0.057825
0 0.302172 0.478865 0.037618 0.053377
0 0.313631 0.477382 0.031997 0.053377
0 0.336980 0.483313 0.033727 0.050412
0 0.346276 0.479235 0.027241 0.054119
1 0.357735 0.465891 0.016431 0.022982
0 0.389948 0.484054 0.028106 0.054860
0 0.399677 0.477753 0.036321 0.051153
1 0.334818 0.414367 0.011242 0.016310
1 0.321414 0.409178 0.012972 0.020758
1 0.314712 0.415108 0.014269 0.020758
1 0.301956 0.411031 0.015566 0.027430
1 0.290281 0.411772 0.012972 0.020017
1 0.064139 0.346533 0.013837 0.017051
1 0.081434 0.353205 0.010377 0.018534
1 0.105865 0.355430 0.009945 0.018534
1 0.118837 0.352835 0.009945 0.023723
1 0.134187 0.355430 0.013837 0.021499
1 0.124241 0.324663 0.009513 0.020758
1 0.111702 0.321327 0.008648 0.020017
1 0.100460 0.321327 0.008648 0.017051
1 0.128565 0.307242 0.012107 0.028913
1 0.136132 0.305018 0.015999 0.028913
1 0.151482 0.323181 0.011242 0.020758
1 0.159698 0.322439 0.011242 0.019275
1 0.159265 0.307242 0.010377 0.020017
1 0.171156 0.307983 0.009945 0.015568
1 0.172237 0.321698 0.013837 0.017792
1 0.164454 0.354688 0.013837 0.018534
1 0.176561 0.355430 0.013837 0.018534
1 0.185425 0.354688 0.017728 0.017051
1 0.184561 0.304276 0.014269 0.015568
1 0.202289 0.357654 0.013404 0.024465
1 0.228016 0.339490 0.012972 0.017792
1 0.212234 0.358024 0.011675 0.022241
1 0.220449 0.358024 0.009080 0.016310
1 0.232773 0.354318 0.017296 0.022241
1 0.237961 0.360619 0.008648 0.024465
1 0.245312 0.356171 0.011242 0.020017
1 0.250717 0.358024 0.014269 0.019275
1 0.304550 0.357654 0.012107 0.021499
1 0.314712 0.353205 0.014269 0.021499
1 0.318387 0.359507 0.010377 0.025206
1 0.325089 0.358395 0.011675 0.018534
1 0.330926 0.360619 0.012972 0.018534
1 0.337845 0.359507 0.016431 0.019275
1 0.354059 0.358766 0.010810 0.017792
1 0.366167 0.359878 0.014269 0.021499
1 0.372869 0.359136 0.012107 0.020017
1 0.378490 0.362102 0.013837 0.018534
1 0.384760 0.360248 0.015999 0.025206
1 0.388651 0.361731 0.015999 0.017792
1 0.396434 0.363584 0.014269 0.015568
1 0.263473 0.228288 0.012972 0.014827
1 0.277309 0.223098 0.014701 0.013344
1 0.263689 0.209383 0.008216 0.014086
1 0.269959 0.204935 0.010377 0.014086
1 0.275796 0.200858 0.012539 0.010379
1 0.295038 0.189737 0.006918 0.017792
1 0.295254 0.150075 0.009945 0.018534
1 0.290497 0.148963 0.009080 0.019275
1 0.286606 0.149704 0.009945 0.020758
1 0.190830 0.127834 0.012972 0.014086
1 0.031709 0.139325 0.014701 0.011862
1 0.033655 0.131171 0.015134 0.010379
1 0.037762 0.113749 0.012972 0.012603
1 0.038411 0.106335 0.012539 0.012603
0 0.018305 0.066302 0.015566 0.037809
0 0.027169 0.038131 0.012539 0.028913
0 0.423243 0.132653 0.016863 0.029654
0 0.487453 0.160454 0.019890 0.031878
0 0.504317 0.156006 0.024214 0.033361
0 0.511667 0.165273 0.011242 0.031137
0 0.519451 0.158971 0.020755 0.027430
0 0.523558 0.176022 0.009080 0.034844
0 0.534368 0.144515 0.015999 0.031137
0 0.771753 0.131912 0.015134 0.035585
1 0.775428 0.091879 0.009513 0.020758
1 0.694787 0.008872 0.011675 0.017744
1 0.704516 0.018856 0.009513 0.015568
1 0.710137 0.022192 0.010377 0.014827
1 0.715326 0.027752 0.012107 0.017051
1 0.726784 0.010701 0.011675 0.017051
1 0.735648 0.016632 0.012107 0.012603
1 0.744728 0.010701 0.012107 0.017051
1 0.739756 0.005165 0.010810 0.010330
1 0.756619 0.057406 0.008216 0.017051
1 0.768078 0.041467 0.012107 0.014827
1 0.777374 0.048139 0.013404 0.013344
1 0.789697 0.053329 0.014701 0.014827
1 0.770456 0.029605 0.009080 0.019275
1 0.776726 0.033312 0.010377 0.016310
1 0.781266 0.035536 0.009080 0.014827
1 0.786671 0.038872 0.009513 0.012603
1 0.790995 0.042950 0.009513 0.014827
1 0.794238 0.044803 0.010810 0.015568
1 0.800507 0.045915 0.010377 0.011862
1 0.807426 0.045544 0.007783 0.012603
1 0.799643 0.028864 0.009513 0.022241
1 0.794886 0.025157 0.010377 0.017792
1 0.790346 0.022192 0.009080 0.016310
1 0.786238 0.019968 0.008648 0.019275
1 0.816074 0.047398 0.012972 0.017792
1 0.824505 0.042950 0.009945 0.023723
1 0.827748 0.022192 0.010377 0.019275
1 0.828829 0.041096 0.011675 0.015568
1 0.836180 0.039984 0.011675 0.014827
1 0.838342 0.033683 0.015134 0.020017
1 0.843531 0.028123 0.016863 0.011862
1 0.845476 0.016632 0.011242 0.017051
1 0.854989 0.003682 0.012972 0.007364
1 0.866231 0.031088 0.009513 0.017792
1 0.871853 0.018114 0.011242 0.015568
1 0.877257 0.006623 0.011675 0.010379
1 0.894625 0.175281 0.012107 0.017051
1 0.901327 0.172686 0.010810 0.017792
1 0.914516 0.163790 0.012107 0.016310
1 0.911705 0.158601 0.010810 0.014827
1 0.908678 0.151928 0.012539 0.013344
1 0.902408 0.145998 0.012107 0.016310
1 0.900895 0.137843 0.011675 0.020758
1 0.896355 0.132283 0.010377 0.017051
1 0.912570 0.125610 0.009945 0.017051
1 0.922731 0.142291 0.014701 0.020758
1 0.931811 0.154523 0.009513 0.014086
1 0.959917 0.300199 0.010377 0.013344
0 0.837333 0.452547 0.020323 0.028913
0 0.840576 0.441426 0.043240 0.049671
0 0.853332 0.444021 0.035024 0.054860
0 0.863060 0.440685 0.044104 0.051153
0 0.868682 0.439202 0.027673 0.039292
0 0.878411 0.434754 0.028970 0.039292
0 0.893544 0.435125 0.039348 0.048929
0 0.911705 0.430677 0.042807 0.048929
0 0.921001 0.432159 0.037186 0.051895
0 0.932244 0.429565 0.037186 0.052636
0 0.944567 0.429935 0.041942 0.053377
0 0.963376 0.426229 0.044104 0.057825
0 0.971159 0.419556 0.041510 0.045964
0 0.850953 0.356171 0.031997 0.057084
0 0.865222 0.358766 0.025944 0.057825
0 0.875384 0.355059 0.021187 0.041516
0 0.882951 0.358766 0.025079 0.050412
0 0.892463 0.353576 0.026808 0.051895
0 0.903922 0.350240 0.026376 0.052636
0 0.922299 0.346904 0.022485 0.047447
0 0.933108 0.343939 0.025079 0.044481
0 0.943918 0.343568 0.024214 0.042257
0 0.954728 0.340602 0.019890 0.030395
0 0.962944 0.342456 0.025079 0.050412
0 0.971375 0.346904 0.027241 0.047447