1 0.555411 0.507654 0.012539 0.016310
1 0.538764 0.462061 0.012972 0.025947
1 0.545250 0.460578 0.013837 0.020017
1 0.597354 0.517786 0.013404 0.019769
1 0.612488 0.515809 0.013404 0.016310
1 0.423531 0.626270 0.016863 0.016310
1 0.454880 0.639614 0.016431 0.016310
1 0.363644 0.591797 0.019025 0.021499
1 0.591516 0.634054 0.022485 0.020017
0 0.389372 0.655183 0.042807 0.026689
0 0.368401 0.704112 0.032862 0.029654
0 0.580490 0.500487 0.020323 0.014827
0 0.550439 0.389285 0.008648 0.028171
1 0.560384 0.384095 0.010377 0.022241
1 0.565357 0.390767 0.009080 0.017792
1 0.570761 0.390026 0.009513 0.019275
1 0.574869 0.394474 0.010810 0.022241
1 0.581788 0.393362 0.009080 0.020017
0 0.565789 0.354441 0.036754 0.019275
1 0.562546 0.457118 0.012107 0.024465
0 0.590435 0.341097 0.038483 0.025206
0 0.712371 0.424499 0.040213 0.068946
0 0.660051 0.663585 0.030700 0.020758
0 0.644701 0.705842 0.020755 0.019275
1 0.655078 0.639862 0.018161 0.017792
1 0.753881 0.641715 0.015134 0.020017
1 0.802958 0.646534 0.013837 0.022241
1 0.831496 0.618733 0.019025 0.024465
1 0.900463 0.596493 0.015134 0.018534
1 0.877978 0.652465 0.013404 0.019275
1 0.939378 0.658766 0.019458 0.024465
1 0.992066 0.675817 0.015868 0.027430
0 0.976997 0.883025 0.027241 0.026689
1 0.877546 0.815933 0.010810 0.024465
0 0.817875 0.989700 0.028970 0.020599
0 0.786743 0.838544 0.018593 0.019275
0 0.803606 0.855966 0.013404 0.030395
0 0.800363 0.912679 0.014701 0.023723
0 0.789121 0.930472 0.016431 0.026689
0 0.762529 0.934920 0.014269 0.035585
0 0.754313 0.930101 0.020323 0.028913
0 0.761448 0.905636 0.016431 0.028913
0 0.773771 0.911938 0.015999 0.026689
0 0.764474 0.853742 0.045834 0.057084
1 0.728369 0.973470 0.013404 0.029654
1 0.687292 0.979401 0.014269 0.023723
1 0.677563 0.973841 0.012107 0.033361
1 0.658321 0.951600 0.021187 0.025947
1 0.638431 0.975323 0.010810 0.030395
1 0.655943 0.974582 0.015566 0.027430
1 0.548925 0.925653 0.011675 0.030395
1 0.564276 0.929360 0.011242 0.033361
1 0.597570 0.929730 0.013837 0.037068
1 0.412289 0.961979 0.016863 0.027430
1 0.404938 0.965686 0.014269 0.028913
1 0.391750 0.967910 0.012972 0.028913
1 0.383102 0.967169 0.012107 0.022982
1 0.374670 0.965686 0.009945 0.022982
1 0.364077 0.966057 0.016431 0.028171
1 0.349808 0.964203 0.012107 0.027430
1 0.292299 0.921946 0.018161 0.027430
1 0.335755 0.922317 0.014269 0.031137
1 0.344835 0.920834 0.016863 0.028171
1 0.358888 0.920093 0.016431 0.028171
1 0.364941 0.918981 0.014701 0.024465
1 0.372292 0.918981 0.012107 0.025947
1 0.380508 0.936032 0.017296 0.022982
1 0.393696 0.920093 0.012539 0.023723
1 0.403208 0.924911 0.019458 0.040774
1 0.411856 0.923429 0.014269 0.027430
1 0.441043 0.921946 0.012972 0.025947
1 0.452069 0.926394 0.017728 0.022982
1 0.462014 0.924541 0.014269 0.026689
1 0.466987 0.935290 0.015566 0.024465
0 0.335971 0.854112 0.024214 0.034102
0 0.355429 0.853000 0.018161 0.030395
0 0.331431 0.791468 0.028106 0.030395
0 0.410775 0.854854 0.012972 0.023723
0 0.427422 0.854854 0.022917 0.035585
0 0.453150 0.855224 0.016431 0.031878
0 0.473040 0.860785 0.025079 0.026689
0 0.526441 0.860785 0.021187 0.023723
0 0.563411 0.859673 0.019890 0.030395
0 0.575085 0.860785 0.019890 0.032619
0 0.601029 0.861526 0.021620 0.023723
0 0.617893 0.863009 0.023349 0.025206
0 0.710641 0.852630 0.038483 0.048929
0 0.691832 0.850776 0.040645 0.045222
0 0.836901 0.778124 0.028970 0.058567
0 0.826739 0.774046 0.037186 0.051895
0 0.811605 0.779236 0.036321 0.063756
0 0.801012 0.776641 0.032430 0.055601
0 0.791499 0.774417 0.034159 0.049671
0 0.764691 0.775529 0.037618 0.065239
0 0.718641 0.809631 0.044104 0.025206
0 0.746314 0.771081 0.033727 0.048929
0 0.731180 0.768857 0.033727 0.056343
0 0.671509 0.808149 0.051887 0.019275
0 0.706533 0.771081 0.036321 0.063756
0 0.695940 0.767004 0.029835 0.061532
0 0.680374 0.771081 0.032430 0.054860
0 0.667618 0.772193 0.033727 0.060050
0 0.646431 0.775900 0.038051 0.068946
0 0.633459 0.769969 0.031132 0.043740
0 0.625027 0.766262 0.037618 0.061532
0 0.613569 0.766633 0.036321 0.057825
0 0.600164 0.746246 0.023349 0.021499
0 0.583085 0.778494 0.024647 0.037068
0 0.575950 0.769598 0.035456 0.057825
0 0.578112 0.741056 0.008648 0.022982
0 0.567951 0.759219 0.010810 0.022241
0 0.555628 0.778865 0.017296 0.024465
0 0.538116 0.788873 0.022917 0.034102
0 0.526873 0.765891 0.041942 0.050412
0 0.565140 0.744022 0.014701 0.027430
0 0.490768 0.800364 0.050158 0.028913
0 0.436935 0.804442 0.041942 0.029654
0 0.371427 0.797770 0.044104 0.022241
0 0.355213 0.758107 0.035889 0.049671
0 0.365374 0.760702 0.038051 0.054860
0 0.375751 0.759961 0.039780 0.056343
0 0.385480 0.763297 0.037618 0.054119
0 0.404073 0.750694 0.021187 0.030395
0 0.413370 0.759219 0.040645 0.053377
0 0.432179 0.764779 0.035889 0.049671
0 0.440394 0.771822 0.037618 0.053377
0 0.457042 0.767374 0.038051 0.059308
0 0.466770 0.765891 0.036754 0.056343
0 0.491633 0.767004 0.038051 0.057084
0 0.502011 0.766262 0.034592 0.051153
0 0.517577 0.764409 0.029403 0.056343
1 0.203802 0.897481 0.019890 0.020017
1 0.156455 0.815933 0.015999 0.018534
1 0.166616 0.711031 0.018161 0.020758
1 0.235583 0.648758 0.020323 0.020758
1 0.210288 0.594639 0.019025 0.023723
1 0.256554 0.578700 0.018161 0.020017
1 0.174399 0.560537 0.018161 0.025206
0 0.232340 0.782572 0.040645 0.060050
0 0.119053 0.648881 0.045834 0.022982
0 0.140240 0.697069 0.044969 0.025947
0 0.086407 0.695216 0.033294 0.026689
1 0.009801 0.575982 0.019602 0.022982
0 0.045762 0.900818 0.025511 0.035585
0 0.018305 0.871534 0.024214 0.037809
0 0.005693 0.827424 0.011386 0.048929
0 0.046843 0.777753 0.051887 0.017792
1 0.030196 0.777382 0.016863 0.012603
1 0.043384 0.775900 0.018161 0.014086
0 0.068030 0.732160 0.046699 0.033361
1 0.204235 0.777382 0.014701 0.018534
1 0.189966 0.807407 0.014701 0.014827
1 0.196235 0.796287 0.015134 0.019275
1 0.200559 0.788873 0.017728 0.016310
1 0.336115 0.965686 0.009513 0.020017
1 0.329197 0.967169 0.012972 0.025947
1 0.321846 0.966798 0.013837 0.031137
1 0.836829 0.410042 0.016431 0.011862
1 0.825586 0.428947 0.010377 0.015568
1 0.837261 0.428947 0.015566 0.015568
1 0.846341 0.437473 0.010377 0.017792
1 0.857584 0.446369 0.012107 0.016310
0 0.702642 0.527917 0.046699 0.031137
0 0.834090 0.453041 0.037186 0.041516
0 0.849440 0.453412 0.026376 0.031878
0 0.851386 0.447110 0.039780 0.051895
0 0.862628 0.443774 0.034592 0.048188
0 0.871708 0.441179 0.035456 0.044481
0 0.881653 0.438955 0.036321 0.051895
0 0.893328 0.436731 0.035456 0.044481
0 0.910624 0.433395 0.044104 0.054119
0 0.922082 0.428576 0.033294 0.048929
0 0.928568 0.425240 0.039348 0.049671
0 0.956458 0.437843 0.025944 0.036326
0 0.928785 0.415973 0.026808 0.037068
0 0.947594 0.425611 0.040213 0.048929
0 0.959485 0.420421 0.036321 0.047447
0 0.973754 0.423387 0.038916 0.044481
0 0.867384 0.393733 0.038916 0.017792
0 0.907165 0.385578 0.038051 0.025206
0 0.859385 0.378535 0.016863 0.034844
0 0.870844 0.347769 0.015566 0.028171
0 0.853548 0.364449 0.025079 0.052636
0 0.872789 0.363337 0.032430 0.057825
0 0.883599 0.359260 0.028970 0.055601
0 0.892896 0.360372 0.025944 0.051895
0 0.901544 0.358148 0.033727 0.056343
0 0.923812 0.349622 0.025511 0.048188
0 0.931595 0.350734 0.024647 0.047447
0 0.942621 0.348510 0.021620 0.045964
0 0.953863 0.344804 0.025079 0.047447
0 0.962511 0.341097 0.025079 0.051895
0 0.973537 0.338873 0.025511 0.050412
0 0.726207 0.340355 0.038483 0.038550
0 0.713019 0.336278 0.033727 0.033361
0 0.703723 0.330718 0.034159 0.045964
0 0.695075 0.328494 0.041078 0.038550
0 0.684698 0.322563 0.035024 0.035585
0 0.676698 0.318115 0.039780 0.038550
0 0.665024 0.315891 0.036321 0.034102
0 0.654214 0.314779 0.034592 0.037809
0 0.642539 0.309219 0.033727 0.044481
0 0.613136 0.312925 0.014701 0.016310
0 0.623946 0.296245 0.029403 0.039292
0 0.615298 0.298469 0.041510 0.040774
0 0.600597 0.291797 0.041510 0.033361
0 0.589354 0.287719 0.034592 0.031137
0 0.581355 0.281789 0.035024 0.034102
0 0.568599 0.278082 0.034592 0.037068
0 0.555195 0.274375 0.035456 0.040033
0 0.546547 0.268074 0.041510 0.039292
0 0.534440 0.267703 0.042375 0.037068
0 0.523630 0.263996 0.036321 0.034102
0 0.510010 0.262513 0.033294 0.034102
0 0.507848 0.251393 0.032430 0.038550
0 0.061112 0.477876 0.028538 0.048188
0 0.083164 0.479359 0.029403 0.055601
0 0.113864 0.477506 0.019890 0.034102
0 0.124025 0.474911 0.027241 0.054119
0 0.143699 0.476023 0.031132 0.051895
0 0.167697 0.480100 0.028106 0.052636
0 0.178723 0.478247 0.027673 0.056343
0 0.192344 0.474169 0.021187 0.039292
0 0.207694 0.479730 0.029403 0.050412
0 0.221314 0.482324 0.028106 0.051153
0 0.276228 0.512349 0.041942 0.020758
0 0.240988 0.480471 0.031132 0.051895
0 0.249852 0.479730 0.032430 0.047447
0 0.274499 0.482695 0.029835 0.048929
0 0.281201 0.480842 0.029403 0.055601
0 0.293092 0.481954 0.030700 0.048929
0 0.304118 0.481583 0.026808 0.049671
0 0.311901 0.479730 0.028538 0.047447
0 0.337628 0.481954 0.031565 0.051895
0 0.346493 0.482695 0.028538 0.047447
0 0.365950 0.481954 0.027673 0.048929
0 0.377841 0.482324 0.028970 0.052636
0 0.391245 0.489367 0.029835 0.051895
0 0.400326 0.486772 0.033294 0.055601
0 0.368545 0.510125 0.041510 0.037068
0 0.088785 0.320339 0.009513 0.029654
0 0.098946 0.325158 0.015134 0.022982
0 0.107378 0.323304 0.018161 0.028171
0 0.119269 0.324046 0.016863 0.026689
0 0.142834 0.324416 0.017296 0.028913
0 0.086407 0.349252 0.016863 0.020758
1 0.095703 0.353329 0.012107 0.015568
0 0.087056 0.373716 0.019025 0.025206
0 0.117323 0.406336 0.014701 0.025206
0 0.141970 0.374828 0.018161 0.020017
0 0.183263 0.408560 0.019458 0.029654
0 0.245745 0.411155 0.015566 0.027430
0 0.207910 0.376682 0.020323 0.022241
1 0.216774 0.407448 0.008648 0.021499
1 0.164022 0.325899 0.014701 0.017051
1 0.168562 0.304029 0.009080 0.025206
1 0.178507 0.357406 0.009945 0.025206
1 0.171805 0.357777 0.011242 0.018534
1 0.205532 0.359260 0.009513 0.020017
1 0.218287 0.361113 0.014269 0.026689
1 0.230178 0.358148 0.014701 0.026689
1 0.237313 0.362967 0.011675 0.017051
1 0.284011 0.411896 0.011675 0.024465
1 0.296335 0.414120 0.011242 0.021499
1 0.304983 0.357777 0.011242 0.020017
1 0.313198 0.355924 0.008648 0.019275
1 0.318819 0.360743 0.012107 0.021499
1 0.325089 0.358889 0.011675 0.019275
1 0.331143 0.359631 0.011675 0.020758
1 0.337845 0.359631 0.010377 0.019275
1 0.352762 0.360743 0.013404 0.021499
1 0.360113 0.361113 0.009945 0.017792
1 0.365518 0.360743 0.011242 0.020017
1 0.372436 0.358889 0.012972 0.019275
1 0.379355 0.361855 0.012972 0.020758
1 0.391245 0.362225 0.011675 0.021499
1 0.773194 0.135989 0.007351 0.019275
1 0.775140 0.120792 0.007783 0.021499
1 0.818812 0.086319 0.008648 0.017792
1 0.731036 0.015890 0.016431 0.023723
0 0.770384 0.186401 0.008648 0.031137
0 0.756980 0.136360 0.023349 0.040774
0 0.752656 0.182695 0.014701 0.025206
0 0.745089 0.175652 0.012539 0.020017
1 0.849512 0.009959 0.012972 0.013344
1 0.844756 0.016261 0.010377 0.011120
1 0.844972 0.025899 0.009945 0.020017
1 0.840432 0.028493 0.012107 0.017792
1 0.835243 0.032200 0.012107 0.011862
1 0.831135 0.037019 0.011675 0.022982
1 0.826163 0.044432 0.012107 0.018534
1 0.815785 0.045174 0.007783 0.015568
1 0.805840 0.046286 0.009513 0.017792
1 0.801516 0.044803 0.012107 0.022241
1 0.796976 0.044803 0.011675 0.019275
1 0.792004 0.041467 0.012972 0.015568
1 0.784437 0.037760 0.007351 0.021499
1 0.779897 0.034795 0.010377 0.015568
1 0.773843 0.031459 0.011242 0.014827
0 0.434197 0.016632 0.019458 0.028171
0 0.385768 0.060371 0.020323 0.019275
0 0.377553 0.067785 0.014269 0.017792
1 0.293668 0.188625 0.012539 0.017792
1 0.232484 0.017002 0.006918 0.022982
1 0.592886 0.006462 0.010810 0.012924
1 0.588346 0.015890 0.012107 0.025206
0 0.580346 0.013296 0.011675 0.020017
0 0.575806 0.046656 0.022485 0.040774
0 0.569320 0.040355 0.023349 0.044481
0 0.569104 0.019597 0.018593 0.031137
0 0.542512 0.121904 0.025079 0.053377
0 0.534729 0.121533 0.023349 0.051153
0 0.598507 0.141920 0.017728 0.028171
0 0.527810 0.162678 0.025079 0.042998
0 0.518946 0.160083 0.023782 0.042257
0 0.515487 0.152299 0.028106 0.044481
0 0.508569 0.150446 0.025511 0.045222
0 0.503812 0.150075 0.030700 0.048929
0 0.497759 0.148592 0.028970 0.047447
0 0.488895 0.145627 0.025079 0.038550
0 0.480679 0.142661 0.023349 0.035585
0 0.474409 0.141549 0.025511 0.036326
0 0.469437 0.138584 0.026808 0.039292
0 0.461654 0.135619 0.024214 0.039292
0 0.459059 0.131171 0.029403 0.042257
0 0.449114 0.133024 0.026808 0.045964
0 0.444790 0.128946 0.031997 0.039292
0 0.429224 0.131171 0.012107 0.025947
0 0.439169 0.125610 0.025079 0.041516
0 0.377121 0.102999 0.011675 0.028913
1 0.379931 0.117456 0.012972 0.019275
0 0.438521 0.047027 0.021187 0.037068
0 0.444790 0.052217 0.021620 0.038550
0 0.451709 0.016471 0.018161 0.032941
0 0.457978 0.017953 0.019458 0.035906