0 0.487525 0.517909 0.045401 0.068204
0 0.473040 0.522357 0.045834 0.074135
0 0.421801 0.513461 0.052320 0.072653
0 0.391966 0.522728 0.041942 0.071911
0 0.356077 0.513461 0.044537 0.071170
0 0.238898 0.533848 0.035889 0.068946
0 0.221386 0.524581 0.035456 0.060791
0 0.156527 0.533478 0.044104 0.072653
0 0.113071 0.656171 0.049725 0.076359
0 0.229530 0.646904 0.049725 0.077101
0 0.317090 0.635043 0.045834 0.078583
0 0.352330 0.627259 0.054049 0.080807
0 0.341304 0.739573 0.066589 0.028171
0 0.407460 0.739944 0.041510 0.034844
1 0.392110 0.821493 0.017728 0.024465
1 0.250068 0.830018 0.024214 0.022241
1 0.191263 0.810002 0.017296 0.020758
1 0.006558 0.818898 0.013116 0.020758
1 0.774996 0.786279 0.022485 0.017792
0 0.687004 0.728453 0.071345 0.026689
0 0.553177 0.731419 0.060535 0.031137
0 0.675978 0.619474 0.049293 0.096376
0 0.891815 0.625405 0.041078 0.078583
0 0.862628 0.627629 0.041510 0.074135
1 0.661348 0.455636 0.014269 0.020758
1 0.652917 0.453412 0.016431 0.019275
1 0.641458 0.457489 0.018593 0.022982
1 0.631081 0.458230 0.019458 0.028913
1 0.609677 0.460084 0.019025 0.022241
1 0.598867 0.455265 0.013837 0.022982
1 0.589571 0.457118 0.015999 0.029654
1 0.562114 0.404482 0.014701 0.022241
1 0.550006 0.405224 0.018161 0.029654
1 0.582869 0.258436 0.014701 0.020758
1 0.563195 0.256953 0.013404 0.023723
1 0.536170 0.257324 0.011242 0.020017
1 0.569897 0.208024 0.016431 0.023723
1 0.435854 0.228411 0.012972 0.022982
1 0.415748 0.228041 0.013404 0.022241
1 0.382453 0.236937 0.022052 0.037068
1 0.166400 0.404853 0.016863 0.020017
1 0.032141 0.233230 0.019890 0.013344
1 0.024574 0.220627 0.019458 0.016310
1 0.203586 0.921081 0.023782 0.021499
0 0.236232 0.946658 0.069183 0.025206
0 0.509506 0.935538 0.027673 0.026689