0 0.941108 0.472810 0.048861 0.080066
1 0.863060 0.356418 0.019890 0.028171
0 0.860899 0.450940 0.057941 0.025947
0 0.885977 0.519886 0.063130 0.022982
1 0.665744 0.452052 0.015566 0.026689
1 0.651691 0.457983 0.014269 0.026689
1 0.643043 0.454647 0.014269 0.024465
1 0.608668 0.454276 0.020755 0.034102
1 0.601101 0.457983 0.022052 0.023723
1 0.587697 0.460207 0.015999 0.025206
1 0.577536 0.461319 0.017296 0.022982
1 0.558943 0.405347 0.011242 0.019275
1 0.548565 0.403123 0.016431 0.022241
1 0.544025 0.409054 0.021187 0.025206
1 0.532567 0.410537 0.020755 0.032619
0 0.898084 0.619227 0.043240 0.074877
0 0.861763 0.621822 0.041510 0.072653
0 0.823713 0.577341 0.055347 0.019275
0 0.832577 0.624417 0.045401 0.073394
0 0.820253 0.620710 0.043240 0.064498
0 0.786527 0.623305 0.043240 0.075618
0 0.750422 0.626270 0.051455 0.084514
0 0.720803 0.629606 0.050158 0.079325
0 0.706966 0.619598 0.043240 0.077101
0 0.677995 0.625529 0.049293 0.080066
0 0.662645 0.622934 0.049725 0.083773
0 0.441043 0.593280 0.061400 0.027430
0 0.455312 0.636278 0.043240 0.079325
0 0.438449 0.637761 0.045834 0.077842
0 0.421801 0.638502 0.046266 0.079325
0 0.410775 0.637390 0.056211 0.080066
0 0.393912 0.642580 0.053617 0.072653
0 0.346348 0.637761 0.046699 0.082290
0 0.298569 0.636278 0.048861 0.073394
0 0.266572 0.634425 0.047131 0.078583
0 0.230899 0.644433 0.047563 0.077842
0 0.215117 0.647028 0.053185 0.078583
0 0.135340 0.677053 0.024214 0.037809
0 0.117179 0.646657 0.053617 0.079325
0 0.069760 0.649993 0.059671 0.084514
0 0.172237 0.745504 0.059671 0.021499
0 0.096568 0.751806 0.063130 0.025206
1 0.066301 0.720669 0.025944 0.020758
1 0.055491 0.931954 0.024214 0.032619
0 0.279255 0.948264 0.068751 0.042998
1 0.813695 0.808890 0.025511 0.020758
0 0.955593 0.782943 0.071778 0.037068
0 0.303037 0.740933 0.061832 0.022241
0 0.368112 0.735743 0.066589 0.022241
0 0.475562 0.497398 0.043672 0.064498
0 0.470590 0.517786 0.048428 0.068204
0 0.424756 0.513708 0.053617 0.070428
0 0.389300 0.515562 0.045834 0.075618
0 0.356438 0.518527 0.043240 0.078583
0 0.299361 0.525941 0.047563 0.075618
0 0.263473 0.515562 0.040645 0.060791
0 0.235583 0.523346 0.038483 0.058567
0 0.216990 0.518156 0.041942 0.067463
0 0.187587 0.521122 0.042807 0.068946
0 0.158401 0.533354 0.044969 0.072653
0 0.079272 0.356542 0.023349 0.025947
0 0.018737 0.315026 0.012972 0.036326
0 0.011819 0.290932 0.012972 0.038550
0 0.003099 0.258683 0.006198 0.039292
1 0.103919 0.190479 0.025944 0.031878
1 0.271904 0.346163 0.028106 0.027430
0 0.397515 0.396575 0.033727 0.025947
0 0.282066 0.399169 0.029403 0.020758
0 0.235583 0.402505 0.061832 0.027430
1 0.364221 0.283766 0.013837 0.025206
1 0.383246 0.284507 0.012107 0.020758
1 0.405082 0.280059 0.013404 0.023723
1 0.417838 0.281541 0.013837 0.017792
1 0.426486 0.280429 0.015566 0.021499
1 0.388219 0.234466 0.017728 0.020017
1 0.407676 0.230017 0.017728 0.020017
1 0.426053 0.229647 0.016431 0.020758
1 0.435998 0.227793 0.015566 0.024465
1 0.560312 0.204441 0.012539 0.022241
1 0.579553 0.203699 0.008648 0.022241
1 0.570906 0.255965 0.008648 0.024465
1 0.583229 0.255965 0.009945 0.025947