1 0.936784 0.895628 0.025511 0.025206
1 0.953863 0.782201 0.017296 0.017792
1 0.383967 0.806666 0.019890 0.025206
0 0.239547 0.813709 0.071778 0.024465
1 0.208198 0.948264 0.029835 0.020758
0 0.105216 0.754030 0.073507 0.028171
0 0.140240 0.673222 0.025944 0.038550
0 0.133970 0.642456 0.066156 0.071911
0 0.078191 0.653577 0.065292 0.085255
0 0.189749 0.648634 0.055779 0.082290
0 0.254681 0.744269 0.065724 0.033361
0 0.219440 0.648264 0.054914 0.084514
0 0.239114 0.647152 0.053617 0.079325
0 0.273274 0.637143 0.056211 0.080066
0 0.290137 0.640479 0.058806 0.080807
0 0.305919 0.638255 0.055779 0.080807
0 0.317162 0.644557 0.055779 0.078583
0 0.334025 0.644557 0.051455 0.075618
0 0.381156 0.641962 0.055779 0.068946
0 0.397155 0.645298 0.054049 0.077101
0 0.417261 0.639367 0.054482 0.074135
0 0.432827 0.644557 0.046699 0.075618
0 0.448394 0.642703 0.048428 0.077842
0 0.465041 0.641591 0.049725 0.074135
0 0.533143 0.732036 0.069183 0.029654
0 0.615082 0.732407 0.067886 0.027430
0 0.695291 0.723882 0.070048 0.029654
0 0.665888 0.621946 0.049293 0.079325
0 0.682536 0.628247 0.047996 0.078583
0 0.709560 0.624540 0.029403 0.077101
1 0.689886 0.521492 0.018593 0.028171
0 0.717127 0.623058 0.047131 0.074135
0 0.728153 0.627506 0.051887 0.074135
0 0.746314 0.626764 0.047563 0.085997
0 0.763177 0.628618 0.048428 0.085255
0 0.793012 0.627506 0.048428 0.083031
0 0.812686 0.624170 0.048861 0.080807
0 0.837117 0.629359 0.049293 0.082290
0 0.858737 0.625282 0.044969 0.081549
0 0.872357 0.629359 0.042807 0.076359
0 0.889869 0.625652 0.042375 0.074877
0 0.908894 0.620092 0.048428 0.080066
0 0.895706 0.515562 0.066156 0.028171
0 0.985363 0.540644 0.029273 0.082290
0 0.949107 0.469474 0.058806 0.094152
1 0.681671 0.436113 0.028970 0.021499
1 0.700696 0.416838 0.022052 0.024465
1 0.656376 0.417950 0.023349 0.017792
1 0.667186 0.452423 0.021620 0.024465
1 0.657457 0.455389 0.015999 0.028913
1 0.645566 0.457242 0.017296 0.028171
1 0.636702 0.454647 0.014269 0.031878
1 0.613569 0.462061 0.014701 0.018534
1 0.604704 0.459466 0.013404 0.023723
1 0.591733 0.455759 0.020323 0.028171
1 0.580058 0.461319 0.015999 0.021499
1 0.571194 0.408313 0.020755 0.028171
1 0.559087 0.413502 0.019025 0.026689
1 0.546115 0.404606 0.019025 0.026689
1 0.534656 0.406830 0.015999 0.025206
0 0.482337 0.498387 0.054049 0.070428
1 0.522766 0.424622 0.023349 0.028171
0 0.403857 0.398675 0.031997 0.023723
0 0.435638 0.352341 0.028970 0.018534
0 0.394344 0.346039 0.025944 0.022241
0 0.481904 0.518033 0.045401 0.072653
0 0.463095 0.517662 0.045834 0.067463
0 0.449691 0.522110 0.045834 0.068946
0 0.434341 0.519145 0.044537 0.065980
0 0.417477 0.562143 0.052320 0.021499
0 0.399749 0.518774 0.051455 0.075618
0 0.367320 0.519515 0.048861 0.081549
0 0.353483 0.518774 0.051455 0.083031
0 0.341592 0.525817 0.051887 0.074877
0 0.325593 0.522852 0.051887 0.076359
0 0.310676 0.526188 0.050590 0.085997
0 0.298785 0.532860 0.045834 0.074135
0 0.271112 0.519145 0.044969 0.073394
0 0.241925 0.521740 0.039348 0.065239
0 0.228088 0.517291 0.043672 0.071170
0 0.209928 0.521740 0.044537 0.071170
0 0.195443 0.522481 0.047563 0.075618
0 0.170580 0.534343 0.045401 0.072653
0 0.043240 0.365314 0.029403 0.051895
0 0.085614 0.360866 0.020755 0.029654
0 0.008288 0.262266 0.016575 0.047447
0 0.158833 0.362349 0.067454 0.034102
0 0.239907 0.402753 0.070480 0.033361
0 0.230178 0.358642 0.058806 0.028171
0 0.275147 0.350117 0.031132 0.030395
1 0.298497 0.354565 0.022485 0.025947
1 0.316873 0.348263 0.024647 0.017792
1 0.335899 0.344556 0.022052 0.026689
0 0.293308 0.400899 0.033727 0.025206
0 0.348655 0.401270 0.065724 0.022982
1 0.505614 0.300075 0.014701 0.028171
1 0.503236 0.278576 0.017728 0.023723
1 0.501939 0.258560 0.016863 0.028171
1 0.554907 0.254853 0.014701 0.028171
1 0.440538 0.278947 0.019458 0.027430
1 0.431674 0.277835 0.015566 0.031137
1 0.418054 0.279317 0.017728 0.028171
1 0.408541 0.277464 0.018593 0.031878
1 0.396867 0.277464 0.018593 0.027430
1 0.386705 0.282283 0.019025 0.023723
1 0.369193 0.281171 0.015134 0.021499
1 0.357951 0.282283 0.016863 0.022241
1 0.337196 0.282653 0.015134 0.017051
1 0.325305 0.284507 0.019025 0.020758
1 0.313631 0.286360 0.018161 0.025947
1 0.306064 0.283395 0.018593 0.030395
1 0.294173 0.285619 0.019025 0.022982
1 0.285309 0.287102 0.022052 0.022982
1 0.272553 0.288214 0.019890 0.025206
1 0.261527 0.287472 0.016863 0.023723
1 0.231043 0.290808 0.019890 0.025947
1 0.236232 0.239655 0.012107 0.025947
0 0.072570 0.154400 0.027241 0.037809
1 0.253960 0.239655 0.014701 0.024465
1 0.266283 0.232983 0.018593 0.020017
1 0.275796 0.237431 0.012539 0.021499
1 0.286606 0.237060 0.017728 0.026689
1 0.295686 0.237431 0.014269 0.028913
1 0.306712 0.230388 0.012972 0.022241
1 0.314495 0.254111 0.021620 0.022241
1 0.317522 0.235578 0.011242 0.023723
1 0.318171 0.234836 0.011675 0.028171
1 0.332440 0.235948 0.016863 0.022982
1 0.339790 0.234836 0.018593 0.020758
1 0.358167 0.237431 0.019025 0.022982
1 0.369409 0.234836 0.013837 0.025206
1 0.378490 0.232983 0.015566 0.024465
1 0.386921 0.229647 0.014269 0.023723
1 0.410055 0.232983 0.013837 0.024465
1 0.399245 0.227052 0.012972 0.020017
1 0.420504 0.234589 0.020323 0.026689
1 0.428503 0.230882 0.015566 0.025206
1 0.438016 0.229400 0.013837 0.028171
1 0.569464 0.207159 0.015566 0.025206
1 0.581571 0.206788 0.010377 0.024465
1 0.582436 0.257200 0.008648 0.033361
1 0.360401 0.927136 0.040213 0.025947
1 0.517793 0.884137 0.026376 0.027430
1 0.687292 0.824088 0.032430 0.045222
1 0.813551 0.828165 0.023782 0.020758
1 0.964890 0.825570 0.027241 0.027430