1 0.540061 0.402382 0.019025 0.025206
1 0.574653 0.458725 0.013837 0.028171
0 0.588706 0.452794 0.020323 0.040033
1 0.606866 0.462431 0.016863 0.023723
1 0.629783 0.455759 0.015999 0.028171
1 0.636918 0.460578 0.016431 0.022982
1 0.652700 0.456501 0.012539 0.026689
1 0.842954 0.433889 0.016863 0.039292
0 0.812470 0.345298 0.031997 0.026689
1 0.570545 0.203699 0.009945 0.020758
1 0.579626 0.205182 0.009945 0.022241
1 0.565357 0.260042 0.007351 0.022241
1 0.556925 0.259301 0.007783 0.026689
1 0.551520 0.262637 0.010810 0.022982
1 0.542656 0.260784 0.010377 0.022241
1 0.535954 0.259672 0.009945 0.021499
0 0.438881 0.231871 0.020755 0.034102
0 0.329485 0.234466 0.021620 0.034844
1 0.393047 0.283024 0.020755 0.020758
1 0.416829 0.278947 0.012972 0.017051
0 0.407965 0.347522 0.039348 0.037068
1 0.334458 0.347892 0.020323 0.021499
1 0.079056 0.352711 0.020323 0.017792
0 0.021980 0.317868 0.022917 0.041516
0 0.127052 0.466632 0.070480 0.045964
0 0.153212 0.523346 0.046699 0.074877
0 0.077110 0.643815 0.057076 0.085997
0 0.153428 0.641221 0.050590 0.085255
0 0.172454 0.646781 0.050590 0.080066
1 0.050302 0.822605 0.022485 0.021499
1 0.112567 0.928989 0.022485 0.026689
0 0.238394 0.946040 0.076966 0.028171
0 0.303253 0.743651 0.071778 0.034102
0 0.410919 0.744022 0.074372 0.028913
0 0.530909 0.733643 0.062697 0.033361
0 0.591661 0.729936 0.060535 0.039292
1 0.532206 0.913050 0.027241 0.027430
1 0.681599 0.688791 0.025944 0.028171
0 0.684193 0.726600 0.065724 0.025206
1 0.798129 0.877836 0.028970 0.034102
0 0.892463 0.628741 0.042375 0.078583
0 0.879924 0.615397 0.041510 0.077101
0 0.853332 0.612432 0.040213 0.081549
0 0.840576 0.609096 0.044104 0.077842
0 0.821334 0.615397 0.039348 0.077101
0 0.805552 0.622069 0.043240 0.074135
0 0.791283 0.617250 0.045834 0.080807
0 0.752800 0.622440 0.038916 0.077842
0 0.737017 0.624664 0.041078 0.073394
0 0.720803 0.621328 0.043240 0.084514
0 0.706750 0.629112 0.047131 0.073394
0 0.689670 0.630595 0.045834 0.073394
0 0.676482 0.625405 0.045401 0.080807
0 0.658105 0.629853 0.047563 0.088221
0 0.458771 0.637638 0.057941 0.083031
0 0.425477 0.638379 0.049293 0.080066
0 0.415532 0.635784 0.056211 0.079325
0 0.399101 0.634672 0.048428 0.075618
0 0.380940 0.635043 0.050158 0.083773
0 0.345484 0.640232 0.048428 0.079325
0 0.328404 0.638379 0.044537 0.074135
0 0.316297 0.635784 0.047996 0.073394
0 0.296191 0.640232 0.041510 0.077842
0 0.283219 0.638008 0.051023 0.079325
0 0.264842 0.636896 0.048861 0.083031
0 0.237601 0.638750 0.050590 0.079325
0 0.220089 0.638008 0.048428 0.077842
0 0.181750 0.518651 0.045834 0.065980
0 0.213315 0.518651 0.046699 0.077842
0 0.236448 0.529400 0.042807 0.084514
0 0.263905 0.517539 0.040645 0.075618
0 0.280336 0.519021 0.046699 0.080066
0 0.310820 0.519763 0.050590 0.085997
0 0.323576 0.514573 0.044969 0.071170
0 0.335899 0.508642 0.044537 0.080066
0 0.359032 0.515685 0.043240 0.065980
0 0.384327 0.510496 0.047996 0.076359
0 0.405082 0.515314 0.044537 0.078583
0 0.415243 0.506048 0.040645 0.065980
0 0.431458 0.506048 0.042807 0.070428
0 0.449403 0.508642 0.049293 0.075618
0 0.465834 0.511608 0.045834 0.066722
0 0.481184 0.509754 0.044537 0.068946