1 0.027601 0.745620 0.019458 0.019305
0 0.273418 0.603690 0.046699 0.020020
0 0.285092 0.623710 0.039780 0.025741
0 0.327467 0.633720 0.047563 0.025741
0 0.299794 0.587244 0.043240 0.030031
0 0.362059 0.607265 0.044104 0.035751
0 0.380003 0.668041 0.043672 0.042901
0 0.431674 0.688061 0.049293 0.034321
0 0.477076 0.699859 0.044104 0.033606
0 0.530044 0.720952 0.041942 0.034321
0 0.523991 0.685916 0.046266 0.032891
0 0.568095 0.700931 0.043672 0.040041
0 0.593390 0.750982 0.043240 0.041471
0 0.639008 0.759205 0.047131 0.027886
0 0.522910 0.551494 0.016431 0.070071
0 0.533936 0.470697 0.015999 0.034321
1 0.618901 0.859665 0.018161 0.021450
0 0.770024 0.847152 0.045401 0.053626
0 0.819749 0.871105 0.048861 0.044331
0 0.829262 0.839287 0.046266 0.049336
0 0.881581 0.868960 0.043672 0.041471
0 0.875312 0.892555 0.043240 0.045761
0 0.927199 0.884690 0.039780 0.041471
0 0.924821 0.922228 0.046266 0.039326
0 0.964673 0.947611 0.029403 0.035751
0 0.979807 0.884690 0.036321 0.075792
0 0.887923 0.825701 0.047131 0.039326
0 0.898517 0.785303 0.040645 0.042901
0 0.944351 0.803536 0.035456 0.063636
0 0.916029 0.729175 0.037618 0.067926
0 0.883167 0.664108 0.034159 0.076507
1 0.770096 0.697356 0.012107 0.018590
0 0.694715 0.633720 0.016431 0.027171
0 0.774275 0.687346 0.020755 0.027171
0 0.778599 0.668041 0.021620 0.031461
1 0.775789 0.641943 0.019458 0.015015
1 0.670068 0.611555 0.012107 0.027171
0 0.686715 0.555069 0.021187 0.037181
0 0.669203 0.517530 0.013837 0.030746
0 0.662717 0.448889 0.021620 0.020735
0 0.665312 0.435304 0.019890 0.019305
1 0.835387 0.478562 0.012972 0.018590
1 0.072354 0.301954 0.016431 0.022880
0 0.051599 0.297306 0.014701 0.023595
0 0.183480 0.413853 0.029403 0.063636
0 0.166616 0.353435 0.025079 0.061491
0 0.128998 0.089237 0.042375 0.030746
1 0.470158 0.187909 0.018161 0.025025
0 0.601389 0.577949 0.018593 0.018590
1 0.569608 0.582954 0.009513 0.030031
0 0.578689 0.556856 0.012107 0.037896
0 0.585607 0.535763 0.013837 0.030031
0 0.593174 0.520033 0.015999 0.038611
0 0.604849 0.467479 0.017728 0.033606
0 0.608740 0.452107 0.012539 0.028601
0 0.612199 0.435661 0.015999 0.038611
0 0.617388 0.421718 0.015999 0.033606
0 0.605281 0.389543 0.025511 0.013585
0 0.581067 0.375243 0.020323 0.010725
0 0.561177 0.362015 0.022052 0.011440
0 0.613280 0.354150 0.020755 0.030031
0 0.643980 0.342709 0.021620 0.018590
0 0.595120 0.303741 0.017296 0.026456
0 0.578256 0.291943 0.019890 0.020020
0 0.559231 0.285866 0.023349 0.017875
0 0.624306 0.320544 0.032430 0.028601
0 0.688085 0.361300 0.040645 0.040041
0 0.700408 0.339492 0.041078 0.040756
0 0.652844 0.305171 0.020323 0.026456
0 0.612199 0.285508 0.035889 0.037181
0 0.566798 0.253690 0.022052 0.022165
0 0.451565 0.173609 0.017296 0.019305
0 0.435134 0.161811 0.015566 0.028601
0 0.446808 0.205069 0.037186 0.043616
0 0.378057 0.119982 0.041510 0.035036
0 0.409838 0.141433 0.036754 0.032176
0 0.365086 0.147511 0.038051 0.038611
0 0.402920 0.170391 0.036754 0.048621
0 0.419135 0.247612 0.038051 0.058631
0 0.339574 0.190411 0.035456 0.048621
0 0.373517 0.215079 0.039348 0.045046
0 0.327467 0.215794 0.035456 0.042186
0 0.369193 0.248328 0.038483 0.041471
0 0.410055 0.280146 0.041510 0.045046
0 0.425621 0.412781 0.042375 0.055771
0 0.371788 0.385610 0.042807 0.040041
0 0.408974 0.366662 0.037618 0.036466
0 0.392759 0.363445 0.038051 0.042901
0 0.383895 0.355937 0.040213 0.036466
0 0.372004 0.350217 0.038051 0.032176
0 0.359464 0.349145 0.043240 0.037181
0 0.350168 0.343067 0.046266 0.039326
0 0.341088 0.337347 0.045401 0.037896
0 0.335899 0.329124 0.047131 0.034321
0 0.303253 0.352720 0.042375 0.035751
0 0.313414 0.322331 0.044537 0.043616
0 0.299794 0.313751 0.047563 0.047906
0 0.287254 0.310176 0.040645 0.043616
0 0.276877 0.305171 0.041510 0.040756
0 0.263905 0.301596 0.041510 0.036466
0 0.257203 0.290513 0.039348 0.040041
0 0.248123 0.287296 0.042807 0.037896
0 0.238178 0.281218 0.039348 0.035751
0 0.228016 0.276571 0.047563 0.036466
0 0.216125 0.272638 0.041942 0.032891
0 0.210072 0.262270 0.045401 0.035036
0 0.197749 0.259410 0.045834 0.033606
0 0.219801 0.306244 0.036321 0.031461
0 0.180237 0.284793 0.034159 0.034321
0 0.243583 0.345212 0.043240 0.032176
0 0.280985 0.360227 0.031565 0.025025
0 0.310388 0.377030 0.023782 0.021450
0 0.342601 0.389900 0.034592 0.038611
0 0.382814 0.413496 0.038916 0.042901
0 0.418703 0.460687 0.025944 0.074361
0 0.397083 0.458542 0.022485 0.064351
0 0.384976 0.449961 0.021620 0.064351
0 0.374166 0.445671 0.023349 0.060061
0 0.362491 0.434589 0.022485 0.065066
0 0.351897 0.427081 0.023782 0.061491
0 0.339142 0.421361 0.022485 0.067211
0 0.320549 0.411708 0.019890 0.063636
0 0.310388 0.410993 0.022052 0.065066
0 0.300442 0.397408 0.022917 0.067926
0 0.289416 0.397408 0.021620 0.067926
0 0.277958 0.390258 0.022052 0.062206
0 0.269094 0.389185 0.020755 0.061491
0 0.258284 0.383108 0.020755 0.055056
0 0.247690 0.379175 0.022917 0.065781
0 0.234935 0.379533 0.025079 0.057916
0 0.256771 0.536478 0.031565 0.068641
0 0.270823 0.539338 0.025944 0.067211
0 0.284876 0.546846 0.030700 0.057916
0 0.295470 0.554711 0.026808 0.057916
0 0.304118 0.555069 0.031997 0.074361
0 0.316873 0.554354 0.030700 0.058631
0 0.327251 0.558286 0.029835 0.062206
0 0.340439 0.561504 0.028538 0.061491
0 0.349952 0.565794 0.028538 0.061491
0 0.361626 0.568296 0.031132 0.060776
0 0.137213 0.264058 0.035456 0.030031
0 0.098298 0.243322 0.042375 0.034321
0 0.059815 0.217582 0.039780 0.024310
0 0.020034 0.173966 0.015566 0.050051
0 0.029547 0.180401 0.019890 0.060061
0 0.040141 0.178971 0.018593 0.057201
0 0.049653 0.186836 0.018593 0.062921
0 0.056788 0.188624 0.018161 0.056486
0 0.065868 0.190054 0.022485 0.057916
0 0.078840 0.193271 0.024214 0.062921
0 0.089001 0.206857 0.019458 0.057201
0 0.097217 0.211504 0.018593 0.053626
0 0.107810 0.216152 0.018161 0.051481
0 0.119485 0.219369 0.022485 0.053626
0 0.129863 0.227235 0.022485 0.053626
0 0.137646 0.231167 0.022485 0.058631
0 0.148672 0.237960 0.023782 0.055056
0 0.080786 0.083874 0.035889 0.025741
0 0.114729 0.105325 0.037186 0.027171
0 0.154077 0.115692 0.038916 0.027886
0 0.191695 0.135713 0.036321 0.035036
0 0.231908 0.155018 0.038051 0.037896
0 0.255690 0.198992 0.021620 0.052911
0 0.246177 0.196846 0.019890 0.052911
0 0.235799 0.190054 0.023349 0.060776
0 0.225422 0.187551 0.021620 0.054341
0 0.216774 0.181474 0.023349 0.053626
0 0.205316 0.175396 0.021187 0.052911
0 0.195587 0.170748 0.022485 0.060776
0 0.185642 0.169318 0.020755 0.056486
0 0.172237 0.160023 0.021620 0.057916
0 0.155374 0.150013 0.021620 0.063636
0 0.144996 0.147153 0.020755 0.055056
0 0.136997 0.148226 0.020323 0.061491
0 0.125755 0.140360 0.018593 0.054341
0 0.116891 0.137143 0.020755 0.052196
0 0.107810 0.133568 0.019890 0.049336
0 0.093541 0.123200 0.023349 0.054341
0 0.085326 0.119267 0.021620 0.059346
0 0.073867 0.111402 0.026376 0.062206