0 0.490985 0.403366 0.025511 0.019305
0 0.534873 0.321855 0.044969 0.043616
0 0.497470 0.497033 0.043672 0.040756
0 0.489471 0.489883 0.042375 0.037896
0 0.471094 0.486308 0.046266 0.039326
0 0.455744 0.473080 0.040645 0.037181
0 0.428287 0.468075 0.045401 0.041471
0 0.419639 0.458065 0.045401 0.038611
0 0.397155 0.447697 0.047131 0.039326
0 0.317594 0.452702 0.041942 0.032176
0 0.375967 0.437330 0.045401 0.040041
0 0.357158 0.422314 0.038916 0.041471
0 0.348943 0.417309 0.041510 0.042901
0 0.333809 0.410874 0.045834 0.038611
0 0.322567 0.405869 0.044969 0.042901
0 0.310027 0.404081 0.039780 0.037896
0 0.288840 0.392284 0.051023 0.038611
0 0.277598 0.385849 0.045834 0.040041
0 0.322567 0.512764 0.030268 0.067926
0 0.372076 0.525991 0.026376 0.062921
0 0.383318 0.537432 0.033294 0.061491
0 0.392831 0.539577 0.034159 0.070071
0 0.426342 0.552447 0.035456 0.061491
0 0.440178 0.567820 0.038051 0.067926
0 0.448394 0.569250 0.038051 0.069356
0 0.474986 0.582120 0.026376 0.067926
0 0.488606 0.593203 0.030268 0.067211
0 0.510226 0.601068 0.028538 0.067211
0 0.457042 0.710108 0.031132 0.062206
0 0.433692 0.706890 0.029403 0.064351
0 0.420072 0.700455 0.024647 0.048621
0 0.402560 0.681507 0.022485 0.055056
0 0.397371 0.695450 0.024214 0.057201
0 0.383534 0.686870 0.032862 0.072931
0 0.361050 0.681864 0.032862 0.062921
0 0.290353 0.746216 0.043672 0.034321
1 0.283219 0.720118 0.019025 0.017875
1 0.313703 0.778749 0.013404 0.015015
1 0.268950 0.781966 0.018161 0.017160
1 0.395641 0.824867 0.015566 0.020020
1 0.452718 0.859188 0.021620 0.022880
1 0.424612 0.883856 0.019890 0.026456
1 0.456825 0.895296 0.018593 0.026456
1 0.223044 0.769096 0.015999 0.020020
1 0.225638 0.739423 0.017728 0.017875
1 0.180669 0.700455 0.022917 0.018590
1 0.151915 0.741211 0.018161 0.017160
0 0.130727 0.754438 0.044969 0.025025
0 0.077543 0.684009 0.045834 0.018590
1 0.102189 0.712610 0.015566 0.012870
1 0.060679 0.734418 0.020755 0.015015
1 0.016143 0.702957 0.017296 0.015015
1 0.004396 0.585338 0.008792 0.012870
1 0.007062 0.568535 0.013837 0.012155
1 0.033006 0.529209 0.011242 0.029316
1 0.188452 0.512049 0.014269 0.012155
1 0.189966 0.500966 0.013837 0.015730
1 0.193209 0.478085 0.018593 0.015730
1 0.194506 0.464858 0.015134 0.016445
1 0.101325 0.461998 0.011242 0.023595
0 0.079705 0.446625 0.017296 0.024310
1 0.155374 0.432324 0.009513 0.018590
1 0.149537 0.430537 0.012539 0.019305
1 0.141970 0.428749 0.012107 0.017160
1 0.131376 0.426247 0.008216 0.017875
1 0.120566 0.423387 0.011675 0.020735
1 0.107810 0.415164 0.012107 0.030031
0 0.060679 0.230333 0.029403 0.062206
0 0.104784 0.296114 0.021620 0.057916
0 0.136997 0.315062 0.022052 0.064351
0 0.152780 0.239271 0.025079 0.055771
0 0.182831 0.252856 0.022917 0.057201
0 0.237745 0.222110 0.038483 0.035751
0 0.196235 0.202447 0.044537 0.035036
0 0.236664 0.280026 0.016431 0.031461
0 0.254176 0.284317 0.033294 0.074361
0 0.324657 0.309700 0.030700 0.072216
0 0.880572 0.993469 0.028970 0.013062
0 0.684049 0.985603 0.066589 0.028793
0 0.702426 0.900420 0.047996 0.035751
0 0.646431 0.882903 0.034592 0.037896
0 0.593895 0.859307 0.056644 0.036466
0 0.670861 0.728817 0.017728 0.038611
0 0.626540 0.771360 0.020755 0.039326
1 0.769879 0.767428 0.015134 0.021450
1 0.879708 0.841789 0.018593 0.015730
1 0.879275 0.828204 0.022052 0.020020
1 0.885113 0.789236 0.019025 0.020735
1 0.886194 0.776008 0.018593 0.021450
1 0.801012 0.705222 0.013404 0.025741
1 0.824577 0.663036 0.020755 0.017160
1 0.793661 0.666968 0.015134 0.020735
1 0.796039 0.658388 0.013837 0.022165
1 0.797985 0.645160 0.012539 0.020020
1 0.803390 0.617990 0.011242 0.020020
1 0.807714 0.608337 0.012972 0.025025
1 0.808146 0.593679 0.013837 0.022880
1 0.810957 0.557929 0.018593 0.025741
1 0.780689 0.623710 0.008216 0.025741
1 0.783500 0.594752 0.016431 0.035036
1 0.762745 0.628715 0.009513 0.024310
1 0.753665 0.603690 0.015566 0.014300
1 0.754097 0.617275 0.015566 0.012870
1 0.707614 0.596897 0.015999 0.026456
1 0.685130 0.510738 0.016863 0.022880
0 0.284660 0.810329 0.048428 0.032891
1 0.584598 0.994899 0.014701 0.010202
1 0.582869 0.981932 0.012972 0.018590
1 0.591949 0.958337 0.020755 0.022880
1 0.577680 0.934741 0.014701 0.018590
1 0.535089 0.945824 0.020323 0.022165
1 0.512821 0.901850 0.014701 0.021450
1 0.504605 0.938674 0.017296 0.017875
0 0.515847 0.964057 0.031997 0.034321
0 0.037330 0.871105 0.046699 0.031461
1 0.957323 0.650165 0.012972 0.014300
1 0.950620 0.639440 0.015134 0.011440
1 0.947810 0.630503 0.014701 0.016445
1 0.943486 0.618705 0.018161 0.012870
1 0.938730 0.606907 0.015566 0.013585