1 0.506118 0.488811 0.015999 0.022880
1 0.531413 0.497391 0.011242 0.022880
1 0.522766 0.571752 0.013837 0.027171
1 0.488823 0.588555 0.019458 0.026456
0 0.515631 0.613581 0.012539 0.037896
0 0.578545 0.572825 0.012972 0.036466
0 0.587841 0.538147 0.007351 0.030031
0 0.608812 0.564245 0.021620 0.023595
0 0.600164 0.599638 0.016431 0.017160
0 0.625027 0.495246 0.025511 0.021450
0 0.632162 0.474510 0.018161 0.025741
0 0.652917 0.498463 0.019890 0.023595
0 0.630000 0.625736 0.027673 0.029316
1 0.657673 0.475940 0.013837 0.012870
1 0.660051 0.456992 0.014269 0.013585
0 0.690535 0.386921 0.039780 0.029316
0 0.652917 0.362611 0.039780 0.039326
0 0.698102 0.355103 0.041078 0.041471
0 0.603623 0.328647 0.040645 0.042901
0 0.562114 0.307555 0.038916 0.043616
0 0.569248 0.274664 0.037618 0.042186
0 0.611623 0.306124 0.036754 0.045046
0 0.653781 0.334010 0.037186 0.046476
1 0.670861 0.700455 0.009945 0.024310
1 0.663294 0.662202 0.014701 0.027886
1 0.665672 0.647901 0.012539 0.022165
1 0.668483 0.636819 0.014701 0.030031
1 0.696805 0.642539 0.017728 0.010010
1 0.692264 0.655409 0.012107 0.015730
1 0.689670 0.670782 0.015566 0.013585
1 0.684049 0.575327 0.013837 0.021450
1 0.685130 0.558882 0.009945 0.017160
1 0.688805 0.552447 0.011242 0.021450
1 0.691400 0.538862 0.012107 0.025741
1 0.695075 0.529924 0.010810 0.020735
1 0.698102 0.518126 0.011675 0.022880
1 0.701993 0.510261 0.012539 0.027171
1 0.704588 0.493816 0.009945 0.021450
1 0.719938 0.547799 0.017296 0.015015
1 0.724910 0.533857 0.014269 0.014300
1 0.727072 0.527064 0.017728 0.016445
1 0.731612 0.511334 0.018161 0.019305
1 0.682536 0.484163 0.015134 0.029316
1 0.775500 0.661129 0.017728 0.015730
1 0.774420 0.673642 0.014701 0.013585
1 0.774203 0.684725 0.015999 0.020020
1 0.770528 0.692232 0.017296 0.010725
1 0.772041 0.701527 0.017728 0.023595
1 0.769879 0.711180 0.015999 0.021450
1 0.827172 0.481303 0.013837 0.015015
1 0.830631 0.490956 0.015566 0.015730
1 0.834522 0.498463 0.015566 0.017875
1 0.837549 0.511691 0.015566 0.020020
1 0.842954 0.520986 0.015999 0.024310
0 0.888572 0.691875 0.025079 0.048621
0 0.911705 0.749791 0.036754 0.070071
0 0.944135 0.820577 0.037618 0.077222
0 0.973321 0.896130 0.039780 0.071501
0 0.993579 0.942964 0.012842 0.032176
0 0.969646 0.970134 0.049725 0.045046
0 0.928352 0.913648 0.039780 0.035036
0 0.917758 0.873607 0.042807 0.063636
0 0.874303 0.842862 0.046699 0.039326
0 0.895274 0.800318 0.051455 0.047191
0 0.868682 0.767785 0.051887 0.050766
0 0.917110 0.941534 0.046699 0.043616
0 0.883815 0.892913 0.047563 0.040756
0 0.828253 0.859307 0.053185 0.040756
0 0.867168 0.916151 0.045401 0.044331
0 0.816794 0.891483 0.048428 0.047906
0 0.763826 0.859665 0.041942 0.041471
1 0.811389 0.669828 0.018593 0.019305
0 0.580274 0.768143 0.072642 0.048621
0 0.558871 0.724884 0.043672 0.039326
0 0.514334 0.703077 0.053185 0.038611
0 0.518658 0.739900 0.047996 0.032176
0 0.467635 0.717734 0.043672 0.042186
0 0.426342 0.705222 0.040645 0.031461
0 0.385480 0.691636 0.046266 0.038611
0 0.399317 0.678766 0.042807 0.038611
1 0.402776 0.793883 0.019458 0.017160
1 0.459204 0.857520 0.015566 0.022880
1 0.468068 0.907213 0.016863 0.019305
1 0.373806 0.823556 0.023782 0.020735
1 0.321918 0.854302 0.018593 0.022165
1 0.316729 0.837142 0.017728 0.017875
1 0.262680 0.830349 0.016863 0.021450
1 0.311324 0.801748 0.018161 0.018590
1 0.319756 0.779941 0.018593 0.017875
1 0.310243 0.763138 0.013404 0.018590
1 0.276733 0.747765 0.017296 0.020735
1 0.245817 0.776365 0.013404 0.015015
1 0.226791 0.732392 0.018593 0.022880
0 0.349375 0.661963 0.040645 0.027886
0 0.360617 0.627643 0.049293 0.030746
0 0.308946 0.650880 0.044537 0.032891
0 0.293596 0.608337 0.043240 0.035036
0 0.266139 0.638368 0.046266 0.040756
0 0.171012 0.723097 0.038483 0.031461
1 0.205820 0.762780 0.019025 0.015015
1 0.200199 0.795313 0.020755 0.017160
1 0.159986 0.794956 0.019890 0.019305
1 0.134691 0.772075 0.017728 0.017875
1 0.108964 0.778868 0.022485 0.018590
0 0.204523 0.632290 0.053617 0.022880
0 0.177498 0.556499 0.013404 0.074361
0 0.182471 0.484282 0.020755 0.058631
0 0.167553 0.429941 0.019458 0.044331
0 0.156959 0.389185 0.022485 0.042901
1 0.095559 0.375600 0.019025 0.018590
1 0.092965 0.382750 0.017296 0.015730
1 0.053185 0.357725 0.015566 0.018590
1 0.012756 0.356652 0.012539 0.019305
1 0.031132 0.312679 0.014701 0.030031
1 0.068679 0.747765 0.016863 0.013585
1 0.018953 0.699144 0.021187 0.027886
1 0.603335 0.963342 0.012972 0.018590
1 0.627766 0.926876 0.017728 0.017160
1 0.721379 0.972637 0.022485 0.022880
0 0.492714 0.369165 0.012539 0.072931
0 0.458123 0.357725 0.044537 0.042901
1 0.392903 0.324119 0.014125 0.017160
0 0.386994 0.286223 0.018161 0.022880
0 0.412505 0.301954 0.037186 0.042901
0 0.410127 0.269420 0.041078 0.039326
0 0.371860 0.236887 0.042375 0.042901
0 0.336403 0.206142 0.038916 0.042901
0 0.361482 0.262270 0.037186 0.039326
0 0.326674 0.231525 0.044537 0.036466
1 0.344619 0.124988 0.014701 0.019305
0 0.377481 0.137858 0.044969 0.035036
0 0.360185 0.164671 0.038051 0.042901
0 0.397155 0.190411 0.038483 0.042901
0 0.406451 0.187909 0.037186 0.045046
0 0.439097 0.222229 0.036754 0.040756
0 0.455744 0.196489 0.038916 0.037896
0 0.418126 0.170033 0.035456 0.033606
0 0.076029 0.089237 0.039348 0.043616
0 0.112351 0.101750 0.038483 0.037181
0 0.151482 0.117122 0.038051 0.039326
0 0.190830 0.138930 0.039780 0.035751
0 0.224557 0.148941 0.042375 0.045761
0 0.012684 0.183261 0.021620 0.051481
0 0.025655 0.197562 0.021620 0.054341
0 0.035601 0.201494 0.025944 0.056486
0 0.045546 0.206857 0.024214 0.058631
0 0.053977 0.208644 0.027241 0.056486
0 0.063706 0.210789 0.026808 0.057916
0 0.072786 0.212577 0.027673 0.061491
0 0.087704 0.227592 0.021187 0.062921
0 0.094622 0.229022 0.025511 0.061491
0 0.104568 0.235100 0.024647 0.055056
0 0.116891 0.238675 0.022485 0.057916
0 0.126403 0.245467 0.025079 0.057201
0 0.136781 0.260125 0.025944 0.057916
0 0.145213 0.257265 0.025511 0.057916
0 0.098514 0.261198 0.040213 0.038611
0 0.058085 0.244037 0.041510 0.030031
0 0.174399 0.301954 0.042375 0.034321
0 0.189317 0.276213 0.041942 0.037181
0 0.202505 0.281576 0.038051 0.033606
0 0.208991 0.290871 0.042375 0.036466
0 0.219585 0.295876 0.041078 0.036466
0 0.228665 0.303026 0.042807 0.033606
0 0.240340 0.307674 0.041078 0.037181
0 0.253311 0.313394 0.047131 0.045761
0 0.263905 0.314109 0.043240 0.041471
0 0.275580 0.319114 0.042375 0.041471
0 0.285092 0.324834 0.040645 0.034321
0 0.292659 0.332342 0.043672 0.039326
0 0.304118 0.338777 0.042375 0.035036
0 0.326602 0.346284 0.043240 0.037181
0 0.336331 0.354150 0.041942 0.041471
0 0.349519 0.357725 0.040645 0.038611
0 0.362707 0.360942 0.041078 0.040756
0 0.370923 0.364875 0.042807 0.040041
0 0.379355 0.372740 0.043240 0.035751
0 0.389300 0.379533 0.039780 0.039326
0 0.403569 0.383108 0.044104 0.037896
0 0.068030 0.132495 0.016431 0.057201
0 0.079272 0.135713 0.026808 0.055056
0 0.088785 0.139288 0.026808 0.060776
0 0.100027 0.147511 0.019890 0.045761
0 0.105865 0.146080 0.026376 0.057201
0 0.115594 0.150728 0.025079 0.059346
0 0.125971 0.155733 0.026808 0.056486
0 0.137646 0.165743 0.028538 0.060776
0 0.148456 0.165386 0.014701 0.032891
0 0.167481 0.182546 0.025079 0.058631
0 0.180237 0.188266 0.023782 0.058631
0 0.186939 0.192914 0.026808 0.055056
0 0.199694 0.194701 0.022917 0.060061
0 0.210072 0.204354 0.023782 0.057916
0 0.223044 0.210432 0.023782 0.058631
0 0.229097 0.205069 0.031565 0.063636
0 0.237961 0.211862 0.032862 0.072931
0 0.251798 0.217939 0.029403 0.056486
0 0.253960 0.560789 0.024214 0.065781
0 0.266932 0.552209 0.026808 0.065781
0 0.280769 0.569011 0.025079 0.060776
0 0.291795 0.572586 0.027241 0.063636
0 0.300442 0.572944 0.030700 0.060061
0 0.312550 0.578307 0.032430 0.065066
0 0.322711 0.581167 0.027673 0.059346
0 0.333737 0.584384 0.031565 0.067211
0 0.346276 0.584384 0.030700 0.060061
0 0.357302 0.582597 0.031997 0.065066
0 0.226503 0.385968 0.024647 0.063636
0 0.240556 0.393833 0.024214 0.063636
0 0.252230 0.397050 0.025079 0.067211
0 0.260662 0.407418 0.026376 0.065066
0 0.273202 0.413496 0.025511 0.065781
0 0.286173 0.422076 0.022052 0.060061
0 0.294605 0.422791 0.026808 0.072931
0 0.304118 0.424578 0.026808 0.065066
0 0.315360 0.427796 0.028538 0.068641
0 0.335683 0.446386 0.031132 0.074361
0 0.347141 0.449246 0.028106 0.075792
1 0.355573 0.472127 0.008648 0.015730
1 0.350600 0.457112 0.012539 0.018590
1 0.346493 0.441381 0.010377 0.017160
1 0.340439 0.424936 0.009513 0.018590
0 0.355789 0.449961 0.038483 0.064351
0 0.368545 0.455324 0.025944 0.062206
0 0.379787 0.466049 0.025944 0.063636
0 0.391462 0.474272 0.026808 0.070071
0 0.403136 0.482137 0.024214 0.060061
0 0.413298 0.475702 0.029835 0.062921
0 0.422378 0.445314 0.042807 0.039326
0 0.383246 0.428511 0.044104 0.035751
0 0.334385 0.402056 0.039780 0.037181
0 0.285309 0.381320 0.038483 0.035751