0 0.069327 0.217344 0.022485 0.067211
1 0.067382 0.201256 0.008216 0.012155
1 0.070192 0.216986 0.006918 0.013585
1 0.073651 0.230214 0.008648 0.012870
1 0.076029 0.240582 0.008216 0.015015
0 0.090298 0.337466 0.018593 0.028601
1 0.163373 0.408252 0.015999 0.017160
0 0.229313 0.424698 0.020755 0.064351
0 0.268661 0.564483 0.025079 0.060776
0 0.319252 0.601664 0.029403 0.062206
0 0.290497 0.428273 0.024647 0.064351
0 0.333737 0.452941 0.025511 0.063636
0 0.363140 0.464023 0.022052 0.068641
0 0.375463 0.465453 0.026808 0.062921
0 0.425405 0.511929 0.018593 0.045761
0 0.440322 0.501919 0.032862 0.061491
0 0.450267 0.500132 0.016431 0.036466
0 0.471239 0.515147 0.037618 0.073646
0 0.465834 0.423268 0.044104 0.047191
0 0.416973 0.403605 0.036321 0.037896
0 0.403569 0.387874 0.023349 0.025025
0 0.390381 0.383227 0.038483 0.041471
0 0.373950 0.372859 0.037618 0.049336
0 0.362059 0.366067 0.043240 0.038611
0 0.348006 0.361776 0.044537 0.040041
0 0.335466 0.357844 0.040213 0.043616
0 0.315576 0.345689 0.037618 0.036466
0 0.293092 0.337108 0.038483 0.037896
0 0.285957 0.327456 0.038916 0.032891
0 0.275364 0.321378 0.028106 0.030746
0 0.310171 0.249162 0.028538 0.066496
0 0.268229 0.233074 0.028538 0.058631
1 0.464104 0.195536 0.015566 0.017875
1 0.375895 0.265965 0.019890 0.021450
1 0.394272 0.270612 0.017728 0.020735
0 0.704948 0.396812 0.024214 0.022880
1 0.733919 0.394667 0.014701 0.015730
0 0.671005 0.335678 0.020323 0.026456
0 0.756835 0.425770 0.041510 0.032176
0 0.645278 0.903280 0.053617 0.042901
0 0.765700 0.964772 0.050590 0.044331
1 0.741269 0.973709 0.017296 0.020735
1 0.623658 0.960124 0.017296 0.019305
1 0.760295 0.710227 0.017296 0.015730
1 0.761159 0.683414 0.015566 0.016445
1 0.695435 0.685916 0.015566 0.018590
1 0.755754 0.647663 0.011675 0.025025
1 0.636197 0.631933 0.009513 0.023595
1 0.649385 0.586529 0.013404 0.025741
0 0.664519 0.640155 0.017728 0.024310
0 0.672086 0.505375 0.012107 0.032176
0 0.716190 0.538266 0.019890 0.012155
1 0.717055 0.527541 0.018161 0.012155
1 0.710569 0.563291 0.016431 0.016445
1 0.724190 0.503945 0.016863 0.009295
1 0.724838 0.492505 0.019025 0.013585
1 0.749917 0.522893 0.010377 0.021450
1 0.745593 0.532903 0.012107 0.024310
1 0.740188 0.558286 0.011675 0.022165
1 0.736513 0.573301 0.016431 0.025025
1 0.748188 0.611197 0.012107 0.019305
1 0.768943 0.590104 0.010377 0.024310
1 0.754673 0.590819 0.009513 0.028601
1 0.757268 0.576519 0.011242 0.022880
1 0.759646 0.567224 0.010810 0.021450
1 0.763105 0.553639 0.010810 0.020020
1 0.765051 0.541483 0.009513 0.021450
1 0.767429 0.532903 0.010810 0.024310
1 0.770024 0.522178 0.009945 0.022880
1 0.797481 0.537908 0.019025 0.014300
1 0.794021 0.559001 0.014701 0.015015
1 0.791427 0.571156 0.015566 0.012155
1 0.786455 0.582597 0.014269 0.016445
1 0.730243 0.702719 0.011675 0.022165
1 0.737161 0.674833 0.015134 0.017875
0 0.732189 0.689134 0.013837 0.026456
0 0.800940 0.813189 0.044104 0.027171
1 0.824577 0.899705 0.019025 0.024310
1 0.911921 0.872892 0.015566 0.022165
1 0.839711 0.742760 0.016431 0.016445
1 0.842089 0.718092 0.014269 0.022880
1 0.843170 0.703077 0.014701 0.018590
1 0.843819 0.690921 0.015999 0.017160
1 0.962079 0.745262 0.012972 0.022880
1 0.865439 0.423506 0.016863 0.017160
1 0.892896 0.522893 0.011242 0.015730
1 0.919704 0.589032 0.012107 0.015015
1 0.913651 0.566866 0.015566 0.015015
1 0.908678 0.557214 0.012539 0.015730
1 0.904787 0.550778 0.013404 0.012870
1 0.901327 0.542198 0.014269 0.011440
1 0.898084 0.530758 0.012107 0.020020
0 0.984563 0.806039 0.022485 0.038611
0 0.964890 0.901850 0.052320 0.047191
0 0.968781 0.975497 0.042807 0.040041
0 0.931379 0.954404 0.023349 0.029316
0 0.889437 0.931881 0.044104 0.040041
0 0.659402 0.812831 0.046699 0.029316
0 0.610542 0.795313 0.045834 0.040041
0 0.551952 0.770288 0.045401 0.032891
0 0.502443 0.753843 0.040645 0.040041
0 0.411424 0.827489 0.025511 0.032891
0 0.439962 0.789593 0.024647 0.020020
0 0.382237 0.750267 0.019890 0.024310
1 0.435854 0.802463 0.015566 0.018590
1 0.418775 0.806396 0.013404 0.019305
1 0.465041 0.836069 0.016863 0.024310
1 0.482985 0.863955 0.015566 0.028601
1 0.502011 0.845007 0.013837 0.019305
1 0.520171 0.888980 0.013837 0.018590
1 0.556709 0.853587 0.015999 0.017875
1 0.557357 0.866815 0.015566 0.020020
1 0.553249 0.877540 0.018593 0.025741
1 0.538980 0.886835 0.015134 0.022880
1 0.353483 0.758848 0.012539 0.017160
1 0.304622 0.726672 0.015134 0.020020
1 0.297055 0.734895 0.013837 0.017875
1 0.287110 0.745262 0.012972 0.017160
1 0.247762 0.698786 0.015566 0.018590
1 0.254032 0.673761 0.020323 0.020020
1 0.213819 0.697714 0.015999 0.017875
0 0.300947 0.682699 0.045834 0.045046
0 0.337917 0.776008 0.044537 0.041471
0 0.153644 0.686631 0.022485 0.017160
0 0.174183 0.677694 0.016863 0.017875
0 0.127484 0.627285 0.018593 0.021450
1 0.100460 0.610482 0.013837 0.019305
1 0.158185 0.659818 0.016863 0.017875
1 0.137430 0.667683 0.013404 0.016445
1 0.109540 0.651595 0.013837 0.018590
1 0.075813 0.657673 0.014701 0.013585
1 0.064571 0.668041 0.014701 0.017160
1 0.024791 0.658031 0.014701 0.017160
1 0.008576 0.643015 0.014269 0.018590
1 0.017440 0.626928 0.013837 0.012155
1 0.335322 0.667326 0.021187 0.012870
0 0.358023 0.650523 0.019025 0.017875
0 0.349808 0.629430 0.013837 0.020020
0 0.351537 0.606550 0.027673 0.058631
0 0.361698 0.602975 0.029835 0.061491
0 0.380508 0.597969 0.018161 0.031461
0 0.377913 0.618705 0.030268 0.062921
0 0.394344 0.614057 0.023349 0.036466
0 0.411208 0.624782 0.030268 0.063636
0 0.423747 0.628715 0.031997 0.055771
0 0.442340 0.501800 0.025944 0.059346
1 0.035384 0.541841 0.013404 0.017875