0 0.276598 0.202427 0.024143 0.051384
0 0.293665 0.252384 0.019564 0.042107
0 0.305736 0.294491 0.016234 0.049243
0 0.317079 0.348730 0.016442 0.053525
0 0.328942 0.407786 0.016858 0.051028
0 0.337475 0.323038 0.026432 0.039966
0 0.332688 0.298773 0.024351 0.045675
0 0.365260 0.350692 0.025391 0.043177
0 0.390027 0.387803 0.022894 0.048887
0 0.413961 0.428304 0.025391 0.049243
0 0.339556 0.051129 0.030178 0.016414
0 0.356518 0.065937 0.029138 0.021767
0 0.392836 0.053983 0.025599 0.037825
0 0.378476 0.087169 0.028929 0.018555
0 0.392524 0.103227 0.029970 0.021410
0 0.418332 0.141230 0.028305 0.021053
0 0.433629 0.158001 0.030594 0.021053
0 0.463911 0.198323 0.028721 0.026763
0 0.477751 0.213846 0.031427 0.022837
0 0.500957 0.244534 0.029970 0.022837
0 0.508762 0.252206 0.029762 0.020340
0 0.521770 0.270047 0.033716 0.023908
0 0.530407 0.277541 0.035173 0.021767
0 0.598152 0.626170 0.029970 0.051741
0 0.550907 0.622244 0.030803 0.013917
0 0.531656 0.629024 0.030178 0.046745
0 0.558712 0.633485 0.025183 0.014987
0 0.564332 0.644725 0.029762 0.013917
0 0.572969 0.656679 0.030386 0.014987
0 0.558400 0.669704 0.026640 0.046032
0 0.585872 0.677376 0.029554 0.014273
0 0.591700 0.688259 0.033716 0.013203
0 0.597215 0.697180 0.030594 0.012489
0 0.601898 0.706993 0.030386 0.012132
0 0.610535 0.717876 0.030178 0.013917
0 0.597319 0.729474 0.027889 0.040679
0 0.615114 0.790671 0.026432 0.050314
0 0.630619 0.679517 0.027056 0.048530
0 0.660277 0.726084 0.027264 0.044604
0 0.690976 0.771045 0.025808 0.050314
0 0.715743 0.810832 0.031635 0.049243
0 0.740197 0.850262 0.027264 0.048887
0 0.766525 0.890228 0.028305 0.048173
0 0.621462 0.727154 0.030386 0.014630
0 0.634574 0.751597 0.034133 0.011419
0 0.641442 0.761767 0.031219 0.008921
0 0.646125 0.772472 0.033092 0.010348
0 0.653409 0.782999 0.030594 0.013560
0 0.662150 0.792812 0.030594 0.014630
0 0.665376 0.804587 0.030803 0.016058
0 0.623647 0.775684 0.028929 0.044604
0 0.649455 0.816185 0.026848 0.049243
0 0.684732 0.827603 0.031635 0.013560
0 0.687854 0.838487 0.034965 0.009635
0 0.695659 0.849549 0.031427 0.010348
0 0.701902 0.860075 0.031427 0.011419
0 0.707105 0.870959 0.031011 0.013917
0 0.718344 0.883270 0.035589 0.014987
0 0.732184 0.905572 0.032468 0.016058
0 0.737075 0.916812 0.031011 0.010705
0 0.744464 0.926982 0.032468 0.012489
0 0.749563 0.938044 0.030594 0.011776
0 0.757160 0.947500 0.035798 0.012132
0 0.766525 0.960168 0.032051 0.016771
0 0.647269 0.862395 0.032884 0.054596
0 0.703879 0.899506 0.033300 0.056023
0 0.676615 0.854723 0.023726 0.047816
0 0.687125 0.929837 0.030178 0.051741
0 0.699301 0.924663 0.027473 0.049243
0 0.750916 0.609934 0.028305 0.050671
0 0.703047 0.533035 0.030803 0.051028
1 0.187625 0.011520 0.011447 0.019269
1 0.198968 0.057016 0.009990 0.016058
1 0.254641 0.060942 0.010198 0.015344
1 0.273581 0.071825 0.010614 0.017842
1 0.251623 0.098409 0.010823 0.016771
1 0.273372 0.109114 0.013112 0.020340
1 0.289606 0.147474 0.012279 0.021410
1 0.321241 0.141765 0.009782 0.017842
1 0.324467 0.174415 0.012488 0.019626
1 0.366821 0.199394 0.010198 0.018912
1 0.373897 0.249351 0.011447 0.019626
1 0.361722 0.048274 0.013736 0.012846
1 0.369630 0.030967 0.007909 0.016771
1 0.373168 0.063618 0.007909 0.012132
1 0.353084 0.474157 0.009782 0.019626
1 0.344447 0.456673 0.012904 0.024622
1 0.413441 0.246139 0.011031 0.016058
1 0.415002 0.261662 0.012071 0.019269
1 0.500645 0.363717 0.012696 0.018555
1 0.493049 0.400828 0.011655 0.019269
1 0.578588 0.225264 0.006660 0.017842
1 0.575570 0.252027 0.008533 0.014987
1 0.578588 0.276114 0.006660 0.015344
1 0.532072 0.298594 0.008949 0.015344
1 0.583271 0.310548 0.010198 0.017842
1 0.585248 0.334099 0.008741 0.017128
1 0.587329 0.359256 0.010823 0.018199
1 0.599817 0.404574 0.010823 0.017485
1 0.624584 0.443648 0.011239 0.017842
1 0.433941 0.176556 0.013320 0.013917
1 0.499188 0.219198 0.009782 0.009991
1 0.505224 0.226335 0.011031 0.008564
1 0.386697 0.025436 0.009574 0.013560
1 0.394605 0.042029 0.009990 0.008921
1 0.398976 0.050058 0.009990 0.009991
1 0.405740 0.056124 0.010198 0.009991
1 0.410111 0.063439 0.010614 0.008921
1 0.407613 0.073788 0.008949 0.012489
1 0.416875 0.068614 0.010406 0.010705
1 0.412192 0.078605 0.009366 0.012132
1 0.422702 0.076821 0.009158 0.012846
1 0.432068 0.070933 0.009158 0.015344
1 0.426657 0.096268 0.009990 0.009635
1 0.437271 0.092343 0.009574 0.011062
1 0.434461 0.106795 0.008533 0.011419
1 0.442995 0.097696 0.008117 0.010348
1 0.445284 0.084314 0.009782 0.017128
1 0.439248 0.111612 0.008949 0.010348
1 0.444555 0.116073 0.007076 0.010705
1 0.447469 0.120712 0.008325 0.012132
1 0.451111 0.126599 0.008117 0.011776
1 0.379933 0.145869 0.013944 0.018199
1 0.456627 0.135520 0.008325 0.011776
1 0.446845 0.103405 0.008325 0.008921
1 0.450799 0.107509 0.008741 0.008564
1 0.453089 0.113218 0.008741 0.007137
1 0.457459 0.116786 0.007909 0.009991
1 0.459540 0.122496 0.010823 0.009278
1 0.463495 0.126956 0.010406 0.007494
1 0.466929 0.132309 0.009366 0.008921
1 0.471716 0.116608 0.010198 0.015344
1 0.436751 0.058622 0.005619 0.020696
1 0.441330 0.062012 0.006868 0.015344
1 0.445492 0.068257 0.006868 0.014987
1 0.448822 0.070755 0.007701 0.012846
1 0.453089 0.075572 0.005411 0.012489
1 0.456627 0.078783 0.005828 0.012489
1 0.460477 0.084493 0.005619 0.012489
1 0.463911 0.090737 0.006660 0.014987
1 0.468386 0.093770 0.007284 0.013203
1 0.482330 0.113575 0.007284 0.016414
1 0.472652 0.148902 0.008325 0.009991
1 0.483475 0.147296 0.008325 0.010348
1 0.474838 0.156574 0.007701 0.011062
1 0.480769 0.159785 0.010823 0.009635
1 0.495338 0.148010 0.007909 0.015344
1 0.487221 0.169777 0.011655 0.009635
1 0.495754 0.162818 0.009158 0.007850
1 0.497003 0.168349 0.010406 0.006780
1 0.500853 0.172988 0.010198 0.008921
1 0.505744 0.180482 0.015401 0.012489
1 0.501790 0.136056 0.005411 0.015701
1 0.507930 0.145690 0.006036 0.021410
1 0.514277 0.150329 0.005828 0.019983
1 0.527806 0.167635 0.007909 0.021767
1 0.534153 0.173166 0.006036 0.014987
1 0.538212 0.189759 0.004579 0.018912
1 0.516255 0.204033 0.008949 0.013203
1 0.527285 0.202784 0.009782 0.009991
1 0.521666 0.211526 0.008533 0.012489
1 0.524580 0.218306 0.006868 0.013917
1 0.536235 0.212418 0.010198 0.009991
1 0.546016 0.189224 0.006036 0.019983
1 0.550075 0.196182 0.007076 0.018199
1 0.555174 0.199572 0.006452 0.015701
1 0.559545 0.205995 0.005203 0.014273
1 0.554029 0.217414 0.009574 0.013560
1 0.514798 0.171561 0.008533 0.015344
1 0.603043 0.291993 0.005203 0.015701
1 0.620733 0.301806 0.004787 0.015344
1 0.616155 0.300557 0.007701 0.017128
1 0.613033 0.298059 0.007701 0.014273
1 0.607413 0.295918 0.006452 0.016414
1 0.624584 0.306623 0.006244 0.019269
1 0.633117 0.309478 0.007493 0.017842
1 0.657676 0.493248 0.011655 0.019983
1 0.683067 0.535533 0.008741 0.016058
1 0.645188 0.624564 0.011655 0.022124
1 0.722090 0.591556 0.012279 0.017485
1 0.696491 0.687188 0.011863 0.022481
1 0.755286 0.738930 0.014985 0.027476
1 0.787754 0.777646 0.016234 0.032115
1 0.723964 0.744104 0.025599 0.046389
1 0.793581 0.838844 0.012488 0.024622
1 0.848422 0.892369 0.016026 0.023908
1 0.821366 0.900576 0.018939 0.028190
1 0.711372 0.963379 0.012488 0.013203
1 0.703775 0.955351 0.010614 0.012846
1 0.673909 0.936617 0.011239 0.020340
1 0.667249 0.941434 0.009990 0.030688
1 0.659653 0.927696 0.010198 0.030331
1 0.661214 0.870959 0.009158 0.012489
1 0.703879 0.984433 0.009990 0.016058
1 0.713557 0.992997 0.011031 0.011776
1 0.743735 0.628667 0.009782 0.020340
1 0.449863 0.602262 0.006452 0.015344
1 0.455794 0.602797 0.006660 0.017842
1 0.460997 0.604403 0.003330 0.021767
1 0.466513 0.607436 0.008117 0.021410
1 0.503039 0.628489 0.009158 0.022124
1 0.515110 0.658998 0.009990 0.022481
1 0.532696 0.679695 0.011863 0.010348
1 0.535818 0.687724 0.008533 0.012132
1 0.548306 0.685047 0.008533 0.011062
1 0.549659 0.692898 0.011239 0.007494
1 0.540605 0.694147 0.009366 0.010705
1 0.400849 0.749992 0.007493 0.016771
1 0.375250 0.679873 0.007076 0.017842
1 0.366613 0.708955 0.011863 0.011062
1 0.365572 0.718768 0.012696 0.010705
1 0.408342 0.093235 0.009574 0.016414
1 0.669331 0.886660 0.010823 0.011062
1 0.652368 0.857756 0.009782 0.011776
1 0.648622 0.849906 0.011031 0.013917
1 0.639361 0.837952 0.010406 0.013560
1 0.636343 0.828674 0.010198 0.012846
1 0.626873 0.829388 0.008325 0.008564
1 0.629267 0.838487 0.008117 0.011776
1 0.614282 0.809048 0.009366 0.014987
1 0.606373 0.802625 0.010614 0.012846
1 0.602106 0.794775 0.009158 0.009991
1 0.597736 0.787459 0.010406 0.010348
1 0.595758 0.779431 0.009366 0.010705
1 0.590139 0.773900 0.008949 0.012489
1 0.593157 0.760875 0.011239 0.007850
1 0.588890 0.753917 0.008533 0.010348
1 0.577964 0.752846 0.010406 0.007494
1 0.583687 0.762124 0.008117 0.013203
1 0.586913 0.768547 0.007909 0.012489
1 0.558504 0.705566 0.009782 0.010705
1 0.544247 0.700748 0.009990 0.013917
1 0.547369 0.709491 0.009574 0.013560
1 0.550491 0.716271 0.009158 0.012846
1 0.561001 0.711632 0.011863 0.010705
1 0.567037 0.719304 0.010614 0.008207
1 0.572032 0.725548 0.010198 0.010705
1 0.559857 0.727511 0.010823 0.010348
1 0.563811 0.734826 0.009158 0.014273
1 0.535714 0.735897 0.005828 0.019983
1 0.540501 0.741428 0.008325 0.018199
1 0.544872 0.751419 0.007493 0.016771
1 0.549034 0.758556 0.007493 0.017485
1 0.553509 0.764800 0.005619 0.019983
1 0.557776 0.771223 0.006660 0.019983
1 0.561418 0.775149 0.006868 0.014987
1 0.588266 0.815649 0.006868 0.018912
1 0.592012 0.826176 0.007284 0.017128
1 0.625104 0.860432 0.010198 0.019269
1 0.607517 0.850976 0.005411 0.018199
1 0.612200 0.856150 0.009366 0.017842
1 0.632597 0.889158 0.009366 0.030331
1 0.639153 0.897900 0.008325 0.029974
1 0.647061 0.905929 0.007076 0.028190