0 0.729895 0.579983 0.032468 0.056737
0 0.615010 0.717543 0.032468 0.017128
0 0.675887 0.827806 0.021853 0.021410
0 0.714910 0.878655 0.033716 0.024622
0 0.731456 0.905953 0.034341 0.023551
0 0.663087 0.938603 0.013736 0.026763
0 0.596279 0.688640 0.026224 0.017128
0 0.535714 0.285593 0.033716 0.022481
0 0.519793 0.269001 0.026848 0.021410
0 0.511051 0.249196 0.026848 0.024622
0 0.488028 0.229347 0.028184 0.020102
0 0.484420 0.220456 0.029987 0.018555
0 0.478558 0.212338 0.026831 0.021648
0 0.464466 0.197068 0.027958 0.019715
0 0.456349 0.186051 0.032468 0.023194
0 0.433802 0.157058 0.030213 0.023194
0 0.421852 0.139662 0.029762 0.025514
0 0.393331 0.112215 0.026831 0.020102
0 0.376082 0.088635 0.029311 0.020875
0 0.369656 0.080323 0.029987 0.022808
0 0.359398 0.064860 0.028860 0.021261
0 0.351619 0.056936 0.029085 0.018555
0 0.343164 0.050557 0.027958 0.018942
0 0.371686 0.136569 0.021870 0.034791
0 0.400433 0.172134 0.022547 0.035565
0 0.444174 0.228960 0.020743 0.034018
0 0.473034 0.261819 0.029762 0.046389
0 0.345280 0.476527 0.024351 0.040679
0 0.324988 0.393295 0.016234 0.058343
0 0.764548 0.960932 0.036214 0.018199
1 0.709395 0.964272 0.012279 0.011419
1 0.609807 0.842055 0.008325 0.017485
1 0.582334 0.810654 0.006660 0.020340
1 0.593261 0.781393 0.013112 0.011062
1 0.585352 0.767298 0.010614 0.009991
1 0.578068 0.754987 0.011031 0.010348
1 0.561617 0.777399 0.004536 0.018828
1 0.556842 0.769213 0.004536 0.018828
1 0.552903 0.764301 0.004297 0.018828
1 0.548964 0.757547 0.004536 0.016782
1 0.544070 0.750998 0.004297 0.016782
1 0.573315 0.733193 0.012175 0.009005
1 0.572479 0.725007 0.010982 0.009823
1 0.560065 0.727463 0.008594 0.006549
1 0.555171 0.719891 0.009311 0.011870
1 0.545025 0.702904 0.010027 0.009005
1 0.535818 0.736075 0.005203 0.015344
1 0.532072 0.685583 0.011863 0.009991
1 0.537796 0.693612 0.010406 0.011776
1 0.562146 0.691471 0.010406 0.019626
1 0.548930 0.624029 0.013944 0.012489
1 0.450695 0.601548 0.006036 0.019626
1 0.458188 0.601548 0.005203 0.020340
1 0.463807 0.604938 0.006452 0.016414
1 0.473693 0.608506 0.007493 0.019269
1 0.478168 0.612075 0.007284 0.019269
1 0.384511 0.700035 0.008117 0.015344
1 0.395334 0.750348 0.006452 0.017485
1 0.364115 0.720374 0.010614 0.011776
1 0.363387 0.701819 0.009990 0.010348
1 0.368902 0.680409 0.006036 0.016058
1 0.373793 0.679160 0.006244 0.019269
1 0.115093 0.214381 0.007076 0.014630
1 0.105832 0.254882 0.007284 0.017128
1 0.098755 0.247388 0.009366 0.018555
1 0.251415 0.040424 0.013736 0.021410
1 0.242050 0.045419 0.007909 0.017128
1 0.216242 0.081995 0.009158 0.018199
1 0.267857 0.119819 0.007493 0.015344
1 0.277327 0.117322 0.008949 0.020340
1 0.325092 0.150864 0.010823 0.024622
1 0.339036 0.151221 0.008741 0.021053
1 0.319160 0.032395 0.011447 0.018199
1 0.392316 0.049523 0.012071 0.015344
1 0.437479 0.055946 0.004579 0.015344
1 0.441642 0.061834 0.005828 0.016414
1 0.452360 0.076821 0.005203 0.015701
1 0.464015 0.087883 0.006036 0.017842
1 0.486805 0.116251 0.005828 0.016771
1 0.490655 0.124102 0.005619 0.017485
1 0.495962 0.128384 0.004995 0.016771
1 0.501686 0.135699 0.006452 0.016414
1 0.485348 0.152113 0.009990 0.012132
1 0.493465 0.161748 0.010406 0.011419
1 0.502518 0.207244 0.008533 0.014630
1 0.527597 0.237218 0.008741 0.014630
1 0.508658 0.180303 0.008741 0.010705
1 0.512196 0.187618 0.013320 0.009635
1 0.526245 0.165316 0.006868 0.017842
1 0.535090 0.173345 0.006244 0.018912
1 0.542686 0.184050 0.007701 0.015344
1 0.549346 0.197431 0.006452 0.020696
1 0.554133 0.197967 0.006452 0.015344
1 0.558920 0.204568 0.007701 0.017842
1 0.513133 0.148545 0.006868 0.014987
1 0.534986 0.211526 0.009366 0.011776
1 0.540397 0.217414 0.009782 0.009278
1 0.533113 0.224016 0.010614 0.011062
1 0.539877 0.236148 0.011239 0.013203
1 0.547577 0.226692 0.009990 0.011419
1 0.559232 0.243106 0.011239 0.010705
1 0.554862 0.236862 0.009158 0.011062
1 0.715014 0.209564 0.008533 0.009278
1 0.714910 0.227227 0.009574 0.010348
1 0.715534 0.238289 0.010823 0.009635
1 0.631556 0.307337 0.006868 0.019269
1 0.623543 0.304125 0.006244 0.019269
1 0.612825 0.297702 0.005619 0.018555
1 0.606269 0.293599 0.005411 0.018199
1 0.422182 0.259164 0.011863 0.022837
1 0.454233 0.343912 0.010614 0.018199
1 0.489823 0.405645 0.012279 0.021767
1 0.517711 0.382629 0.011447 0.023551
1 0.548202 0.470946 0.014153 0.025335
1 0.601274 0.500920 0.012904 0.028190
1 0.744152 0.537853 0.011863 0.019983