1 0.214265 0.013661 0.009782 0.016414
1 0.207397 0.036141 0.010198 0.017842
1 0.242882 0.073966 0.009158 0.015701
1 0.236742 0.078783 0.011863 0.021767
1 0.293769 0.107687 0.008533 0.016058
1 0.314061 0.120355 0.012488 0.021410
1 0.311355 0.244177 0.010823 0.019269
1 0.357455 0.213132 0.017691 0.029261
1 0.402410 0.066651 0.010198 0.013203
1 0.450591 0.073252 0.007076 0.017128
1 0.437271 0.056660 0.007909 0.026763
1 0.480353 0.110006 0.009574 0.017842
1 0.491800 0.124458 0.007909 0.018199
1 0.501790 0.137840 0.007493 0.013560
1 0.509907 0.145690 0.005411 0.014987
1 0.530927 0.171739 0.005828 0.016414
1 0.535610 0.177448 0.005203 0.016414
1 0.540293 0.181195 0.006660 0.015344
1 0.547265 0.192257 0.005203 0.016058
1 0.551220 0.196896 0.006868 0.015344
1 0.559961 0.204746 0.006868 0.016771
1 0.555382 0.212418 0.006036 0.016414
1 0.509491 0.181374 0.009990 0.012132
1 0.529783 0.206531 0.009366 0.011062
1 0.525547 0.216305 0.011593 0.012056
1 0.535714 0.211705 0.009990 0.010705
1 0.539044 0.217949 0.009990 0.008921
1 0.532905 0.225443 0.008533 0.012489
1 0.542062 0.225086 0.009782 0.011776
1 0.541542 0.236505 0.009158 0.012489
1 0.550699 0.233650 0.007909 0.012489
1 0.556423 0.238467 0.008533 0.008564
1 0.552989 0.245783 0.009990 0.013203
1 0.477647 0.215095 0.009574 0.009635
1 0.374833 0.207066 0.008325 0.013560
1 0.427073 0.278255 0.009158 0.022481
1 0.482330 0.347302 0.010614 0.020696
1 0.468594 0.469340 0.013112 0.022837
1 0.398560 0.748564 0.005828 0.017485
1 0.392420 0.746958 0.006868 0.017842
1 0.366404 0.720731 0.007701 0.011062
1 0.366925 0.711453 0.009574 0.008207
1 0.367029 0.702532 0.012279 0.011776
1 0.370151 0.678268 0.006036 0.018912
1 0.375562 0.679338 0.007701 0.021767
1 0.450487 0.599942 0.006036 0.017128
1 0.454858 0.601369 0.005619 0.017128
1 0.511260 0.587810 0.012696 0.017128
1 0.534778 0.687724 0.010198 0.009991
1 0.550283 0.706101 0.009574 0.011776
1 0.558088 0.719482 0.009366 0.010705
1 0.535922 0.737681 0.007909 0.019983
1 0.561834 0.727511 0.010614 0.011062
1 0.566413 0.734112 0.010614 0.010705
1 0.541126 0.744817 0.005828 0.017842
1 0.578692 0.753917 0.011447 0.011062
1 0.581294 0.761767 0.012904 0.010348
1 0.586185 0.770510 0.009366 0.014273
1 0.595342 0.781572 0.010614 0.011419
1 0.598568 0.790671 0.010406 0.009635
1 0.607726 0.802090 0.010823 0.013917
1 0.612617 0.808513 0.011863 0.011776
1 0.545184 0.749813 0.006036 0.019269
1 0.548930 0.757842 0.006452 0.018199
1 0.554550 0.764087 0.004787 0.017842
1 0.560377 0.776933 0.005619 0.015701
1 0.565892 0.784248 0.005828 0.016771
1 0.569847 0.791206 0.007493 0.016414
1 0.583167 0.812795 0.006244 0.016771
1 0.661422 0.939471 0.006244 0.021053
1 0.640089 0.903966 0.007701 0.019983
1 0.613657 0.858113 0.007284 0.019626
1 0.601898 0.840628 0.005828 0.018199
1 0.613553 0.837416 0.008741 0.018199
1 0.635406 0.845445 0.010823 0.013560
1 0.655074 0.880237 0.010198 0.010348
1 0.588474 0.824749 0.005619 0.014987
1 0.593469 0.830458 0.005203 0.016414
1 0.596799 0.835811 0.006036 0.017842
1 0.586393 0.482722 0.008949 0.017485
1 0.639048 0.556765 0.011863 0.025692
1 0.583375 0.539458 0.009990 0.020340
1 0.679217 0.635447 0.013112 0.028190
1 0.746337 0.723943 0.013320 0.023194
1 0.776723 0.781215 0.010823 0.024265
1 0.789731 0.786210 0.011447 0.019983
1 0.825841 0.857578 0.011239 0.021410
1 0.817828 0.883091 0.013944 0.022481
1 0.796703 0.684869 0.014569 0.026406
1 0.887862 0.906643 0.014153 0.029617
1 0.864552 0.904502 0.010823 0.021053
1 0.861118 0.913601 0.011031 0.022124
1 0.717095 0.209564 0.010198 0.009991
1 0.717304 0.220447 0.011447 0.009635
1 0.609599 0.297524 0.008325 0.019626
1 0.628538 0.307158 0.007076 0.018912
1 0.580253 0.307694 0.006660 0.022124
1 0.601066 0.409213 0.012488 0.027476
1 0.654762 0.864714 0.014985 0.018555
1 0.632388 0.764800 0.014361 0.014987
0 0.343615 0.102882 0.027597 0.038503
0 0.453869 0.141153 0.029491 0.040822
0 0.408415 0.125613 0.032738 0.023658
0 0.416396 0.139993 0.031385 0.022730
0 0.433577 0.157389 0.034903 0.024122
0 0.442235 0.164811 0.030032 0.024122
0 0.458604 0.186150 0.029221 0.025050
0 0.408415 0.179887 0.025703 0.039430
0 0.497430 0.290988 0.026245 0.047316
0 0.470103 0.256429 0.024621 0.044997
0 0.400162 0.282174 0.026515 0.043605
0 0.468209 0.371241 0.029491 0.050100
0 0.404221 0.414614 0.033550 0.059841
0 0.507846 0.231843 0.022186 0.014380
0 0.509876 0.252718 0.033279 0.019947
0 0.529627 0.268954 0.029491 0.022730
0 0.533685 0.277536 0.026245 0.021339
0 0.544508 0.296555 0.036526 0.027833
0 0.537338 0.287741 0.029221 0.018555
0 0.561824 0.632641 0.031656 0.017164
0 0.586039 0.679493 0.033009 0.020875
0 0.603355 0.753251 0.024351 0.057058
0 0.664367 0.803815 0.036526 0.019947
0 0.680060 0.827937 0.032197 0.019947
0 0.715368 0.880820 0.033550 0.022730
0 0.726596 0.906798 0.031656 0.018092
0 0.766098 0.959449 0.031656 0.021339
0 0.812094 0.745829 0.027868 0.050564
0 0.789232 0.647485 0.022727 0.050564
0 0.777597 0.588572 0.021645 0.057986
0 0.680736 0.451493 0.024892 0.046389
0 0.693588 0.456364 0.027868 0.057058