0 0.349338 0.049880 0.028097 0.017485
0 0.353605 0.057195 0.028305 0.015701
0 0.333729 0.090024 0.028513 0.034256
0 0.360161 0.064153 0.028513 0.016771
0 0.364115 0.072717 0.030594 0.017485
0 0.370463 0.079319 0.029970 0.017842
0 0.378059 0.087347 0.028929 0.019626
0 0.390443 0.105011 0.028305 0.016414
0 0.398039 0.111791 0.028929 0.017128
0 0.403347 0.118392 0.029554 0.017485
0 0.409382 0.125350 0.025391 0.014273
0 0.420725 0.140873 0.028097 0.016771
0 0.434774 0.157109 0.032051 0.017842
0 0.442058 0.165316 0.029554 0.017842
0 0.502102 0.170133 0.026432 0.035327
0 0.455898 0.187975 0.030178 0.018912
0 0.463911 0.196004 0.029970 0.017128
0 0.387633 0.155860 0.026432 0.038181
0 0.414585 0.184764 0.027889 0.039609
0 0.479104 0.213846 0.029970 0.019269
0 0.499396 0.235434 0.029762 0.018199
0 0.502414 0.244534 0.031635 0.018555
0 0.509595 0.252027 0.031011 0.017128
0 0.522394 0.270047 0.029970 0.018912
0 0.490031 0.281823 0.028097 0.039609
0 0.531760 0.277898 0.030386 0.018912
0 0.544872 0.294312 0.025808 0.016771
0 0.684732 0.504489 0.026224 0.052455
0 0.629683 0.598693 0.031011 0.045318
0 0.559753 0.633306 0.031427 0.013917
0 0.562250 0.645796 0.026432 0.010348
0 0.573593 0.654003 0.032884 0.013917
0 0.584416 0.678268 0.031219 0.014630
0 0.603147 0.707350 0.033300 0.016414
0 0.646645 0.706458 0.029970 0.051028
0 0.638008 0.762124 0.031843 0.015344
0 0.664544 0.805123 0.037046 0.018555
0 0.754454 0.497352 0.019148 0.052455
0 0.771208 0.564615 0.018523 0.054953
0 0.797848 0.678089 0.024351 0.055666
0 0.715014 0.555694 0.027681 0.047816
0 0.742799 0.599585 0.030386 0.052098
0 0.758200 0.793347 0.028721 0.056380
0 0.695138 0.779074 0.029138 0.052812
0 0.731456 0.835097 0.030594 0.054239
0 0.688166 0.838665 0.031843 0.012846
0 0.702631 0.859362 0.032468 0.013560
0 0.716471 0.880058 0.033092 0.014987
0 0.707314 0.939293 0.029762 0.049957
0 0.765485 0.958919 0.032884 0.017128
0 0.617091 0.729830 0.034965 0.013560
0 0.376499 0.253098 0.029970 0.043534
0 0.404491 0.412068 0.026848 0.048887
1 0.345176 0.033644 0.013944 0.012132
1 0.457667 0.083244 0.006244 0.018555
1 0.464431 0.091451 0.005203 0.014273
1 0.505744 0.140694 0.005411 0.017128
1 0.512821 0.149080 0.007076 0.014630
1 0.532280 0.172096 0.006036 0.017128
1 0.543207 0.185656 0.005828 0.015701
1 0.440393 0.224016 0.014569 0.021767
1 0.550491 0.197074 0.004995 0.017128
1 0.555382 0.198323 0.005203 0.015344
1 0.548514 0.227941 0.010614 0.010348
1 0.541334 0.235256 0.009990 0.012132
1 0.555798 0.237397 0.010198 0.014273
1 0.601066 0.290209 0.007909 0.017128
1 0.610535 0.299486 0.008117 0.016414
1 0.622294 0.304839 0.005828 0.012846
1 0.626977 0.308764 0.007284 0.017842
1 0.589411 0.482543 0.016650 0.027833
1 0.596799 0.541778 0.009782 0.019983
1 0.617716 0.536604 0.010823 0.018912
1 0.534257 0.585490 0.016234 0.018912
1 0.622190 0.667741 0.012696 0.024265
1 0.537587 0.686296 0.009990 0.012846
1 0.542270 0.698786 0.010198 0.012132
1 0.536963 0.738038 0.007493 0.021410
1 0.552676 0.713059 0.010198 0.011419
1 0.561522 0.725727 0.011655 0.011062
1 0.581918 0.760161 0.010406 0.012846
1 0.605957 0.788708 0.013944 0.014273
1 0.616259 0.807264 0.011655 0.012132
1 0.547681 0.752489 0.006868 0.022481
1 0.552781 0.764800 0.005411 0.018555
1 0.557567 0.769082 0.006660 0.019983
1 0.569743 0.790314 0.006868 0.020340
1 0.583687 0.811546 0.006036 0.019269
1 0.590763 0.820467 0.007284 0.021410
1 0.703671 0.871673 0.016234 0.013917
1 0.678592 0.829566 0.012696 0.011062
1 0.725629 0.682728 0.011447 0.024265
1 0.398664 0.750705 0.008117 0.020340
1 0.487637 0.614751 0.004579 0.016771
1 0.475254 0.610290 0.007284 0.017842
1 0.467137 0.604224 0.005619 0.020696
1 0.461830 0.601548 0.007909 0.025335
1 0.415418 0.584598 0.010823 0.021410
1 0.350899 0.479332 0.014985 0.022837
0 0.326757 0.403504 0.014985 0.040322
1 0.482330 0.388517 0.016858 0.029617