1 0.495236 0.007974 0.015566 0.015948
1 0.516640 0.024528 0.020323 0.025741
1 0.532422 0.022026 0.014701 0.016445
1 0.538908 0.046336 0.013837 0.023595
1 0.552313 0.046336 0.014701 0.017875
1 0.548853 0.021311 0.014701 0.022165
1 0.535017 0.006901 0.016431 0.013802
1 0.565284 0.035253 0.014701 0.022880
1 0.570257 0.060279 0.013404 0.020020
1 0.589715 0.080299 0.010810 0.021450
1 0.590796 0.054559 0.014701 0.020020
1 0.604632 0.073149 0.012972 0.020020
1 0.619766 0.105682 0.013837 0.019305
1 0.616956 0.084589 0.015134 0.018590
1 0.637711 0.097817 0.016863 0.016445
1 0.634900 0.118910 0.010377 0.017160
1 0.630576 0.130350 0.013837 0.021450
1 0.652844 0.118552 0.012539 0.019305
1 0.644413 0.147868 0.016431 0.023595
1 0.672518 0.134640 0.013837 0.017160
1 0.668627 0.149656 0.014701 0.024310
0 0.671005 0.171106 0.022917 0.031461
1 0.687004 0.172178 0.016863 0.023595
1 0.708623 0.168603 0.018593 0.023595
1 0.692841 0.196846 0.013837 0.021450
1 0.711866 0.196846 0.013837 0.021450
1 0.730892 0.187551 0.016431 0.024310
1 0.711650 0.215079 0.017728 0.025025
1 0.733702 0.214364 0.015999 0.025025
1 0.747323 0.204712 0.013837 0.017160
1 0.729162 0.227592 0.015566 0.025741
1 0.762024 0.220442 0.013837 0.021450
1 0.752512 0.232240 0.013837 0.023595
1 0.748620 0.247255 0.014701 0.022165
1 0.816938 0.221872 0.018161 0.032891
1 0.783860 0.244037 0.015999 0.018590
1 0.771969 0.253690 0.014701 0.029316
1 0.767213 0.273353 0.013837 0.021450
1 0.786671 0.285866 0.014701 0.025025
1 0.798129 0.278001 0.013404 0.020735
1 0.808290 0.265845 0.018161 0.022165
1 0.804039 0.305529 0.018593 0.024310
1 0.815065 0.299809 0.013837 0.021450
1 0.828685 0.287653 0.015999 0.020020
1 0.852899 0.331269 0.018593 0.027171
1 0.836468 0.315896 0.017728 0.027886
1 0.833658 0.338419 0.012972 0.024310
1 0.874087 0.374885 0.017728 0.020020
1 0.879275 0.351647 0.016863 0.022165
1 0.864574 0.323046 0.016863 0.025025
1 0.886842 0.341279 0.012972 0.027171
1 0.908894 0.363445 0.014701 0.017160
1 0.897652 0.377030 0.016431 0.018590
1 0.918407 0.400268 0.016431 0.013585
1 0.915164 0.414211 0.016863 0.022880
1 0.927704 0.384180 0.013404 0.018590
1 0.940675 0.421003 0.020323 0.025025
1 0.967051 0.448531 0.018593 0.025741
1 0.940027 0.442096 0.021620 0.028601
1 0.973537 0.470697 0.014269 0.020020
1 0.968781 0.426724 0.017728 0.025025
0 0.920137 0.545773 0.054482 0.075792
0 0.868465 0.487500 0.054914 0.072216
0 0.805336 0.426724 0.054049 0.073646
0 0.740476 0.358797 0.055779 0.067926
0 0.676482 0.288368 0.043672 0.054341
1 0.625892 0.239390 0.020323 0.025025
1 0.607515 0.221157 0.017296 0.018590
1 0.594111 0.206857 0.018161 0.021450
0 0.607947 0.221157 0.062265 0.064351
0 0.562546 0.175754 0.025079 0.027886
0 0.525576 0.137500 0.049725 0.054341
0 0.471527 0.088164 0.047131 0.057201
0 0.422234 0.043118 0.044537 0.052911
0 0.388075 0.006544 0.034159 0.013088
0 0.243438 0.163598 0.039780 0.066496
0 0.369914 0.065999 0.050590 0.025741
0 0.380508 0.078869 0.048428 0.028601
0 0.383102 0.094599 0.038051 0.022880
0 0.405803 0.099962 0.051455 0.033606
0 0.412289 0.115692 0.051455 0.030746
0 0.437800 0.142148 0.051455 0.029316
1 0.471094 0.150728 0.015999 0.015015
1 0.450556 0.155733 0.014701 0.007865
1 0.434773 0.159666 0.015999 0.015730
0 0.450772 0.153588 0.063562 0.033606
0 0.460068 0.169318 0.052752 0.037896
0 0.483634 0.193986 0.052320 0.028601
0 0.511956 0.219012 0.054482 0.032891
0 0.530765 0.241535 0.051455 0.033606
0 0.548709 0.251545 0.053617 0.036466
0 0.555411 0.270135 0.036754 0.026456
0 0.582004 0.277643 0.047563 0.028601
0 0.585895 0.293373 0.051887 0.034321
0 0.612920 0.320544 0.061832 0.037181
0 0.645998 0.348072 0.057941 0.035036
0 0.660916 0.373097 0.053185 0.035036
0 0.675401 0.387040 0.051023 0.035751
0 0.704588 0.420646 0.038483 0.028601
0 0.719289 0.432444 0.054049 0.033606
0 0.756908 0.476775 0.054914 0.030746
0 0.783500 0.485355 0.054482 0.040756
0 0.793445 0.500728 0.053617 0.037181
0 0.805552 0.515028 0.050158 0.045761
0 0.820470 0.531831 0.054914 0.037896
0 0.818956 0.553639 0.052752 0.042901
1 0.984780 0.676263 0.022052 0.023595
1 0.962944 0.685916 0.019025 0.021450
1 0.942621 0.695211 0.019890 0.028601
0 0.912137 0.712372 0.045401 0.044331
1 0.867601 0.749910 0.028106 0.025025
1 0.839279 0.772075 0.019890 0.027886
1 0.815065 0.777795 0.022485 0.016445
1 0.751935 0.752055 0.020755 0.023595
0 0.784148 0.783873 0.049725 0.040041
0 0.796039 0.720952 0.063994 0.037181
0 0.776149 0.704507 0.060535 0.028601
0 0.756691 0.694854 0.065724 0.042186
0 0.747179 0.672688 0.063130 0.035036
1 0.620487 0.938674 0.022485 0.022165
0 0.619190 0.970492 0.031997 0.027171
0 0.566870 0.966202 0.031132 0.030031
0 0.545034 0.956192 0.013404 0.047191
1 0.533359 0.936886 0.008216 0.025741
1 0.517577 0.915436 0.008648 0.034321
1 0.507632 0.910788 0.011242 0.033606
0 0.571626 0.895058 0.034592 0.026456
1 0.490768 0.889338 0.012107 0.033606
1 0.482337 0.875752 0.010810 0.029316
0 0.468284 0.858592 0.022485 0.025025
0 0.439746 0.808899 0.023349 0.042901
1 0.429368 0.810686 0.013837 0.027886
1 0.420720 0.804609 0.012107 0.030031
1 0.411424 0.792811 0.010810 0.027886
1 0.390669 0.767070 0.012539 0.029316
1 0.414234 0.754915 0.021620 0.029316
1 0.363212 0.688419 0.023349 0.032176
1 0.387210 0.719879 0.017728 0.020735
1 0.369482 0.732035 0.007351 0.029316
1 0.359536 0.722382 0.010810 0.027171
1 0.350456 0.721309 0.010810 0.027886
1 0.310460 0.670543 0.012972 0.030746
1 0.317810 0.628715 0.024214 0.021450
1 0.344619 0.660176 0.020755 0.032891
1 0.139592 0.749552 0.013404 0.032891
1 0.127917 0.744190 0.011675 0.025025
1 0.119269 0.740615 0.015999 0.030746
1 0.107378 0.743475 0.019025 0.032176
0 0.035817 0.611912 0.021187 0.047906
0 0.024791 0.574731 0.022485 0.015015
0 0.021764 0.557214 0.019025 0.024310
0 0.182615 0.022383 0.025944 0.027171
0 0.196019 0.047051 0.016431 0.023595
0 0.167265 0.320901 0.013404 0.046476
1 0.179588 0.557214 0.016431 0.017160
1 0.217423 0.498940 0.009945 0.030746
1 0.234502 0.543271 0.017296 0.029316
1 0.246825 0.595824 0.013404 0.030031
1 0.256987 0.595109 0.008648 0.030031
1 0.264337 0.609767 0.014701 0.030746
1 0.271688 0.611912 0.013837 0.023595
1 0.257203 0.475702 0.021187 0.021450
1 0.282066 0.427081 0.011242 0.030031
1 0.316657 0.476775 0.013837 0.043616
1 0.332224 0.483567 0.014701 0.034321
1 0.342385 0.493577 0.014269 0.037181
1 0.356005 0.549706 0.019890 0.026456
1 0.374598 0.534333 0.006918 0.032891
1 0.381517 0.547203 0.012107 0.032891
1 0.388435 0.550778 0.013837 0.032891
1 0.396218 0.561146 0.010377 0.027886
1 0.403569 0.567939 0.016431 0.034321
1 0.411136 0.577234 0.011675 0.035751
1 0.436431 0.661963 0.019890 0.027886
0 0.467779 0.648020 0.021187 0.042901
0 0.484210 0.664823 0.025511 0.047906
1 0.499128 0.679481 0.008648 0.028601
1 0.505614 0.686989 0.012972 0.033606
1 0.513613 0.696641 0.013404 0.031461
1 0.522045 0.706652 0.009513 0.034321
1 0.539989 0.727387 0.016863 0.040041
1 0.549286 0.737040 0.012107 0.033606
1 0.558150 0.748480 0.012539 0.030746
0 0.573932 0.779583 0.023349 0.051481
0 0.602038 0.797816 0.025944 0.047906
0 0.578256 0.849654 0.031132 0.022880
1 0.559015 0.838214 0.016863 0.020020
0 0.544962 0.806396 0.027673 0.016445
1 0.527666 0.795671 0.017296 0.017875
1 0.518802 0.782801 0.020323 0.016445
1 0.492858 0.754558 0.024647 0.021450
1 0.466698 0.726672 0.019890 0.015730
1 0.550583 0.867887 0.019890 0.020735
1 0.540422 0.850727 0.015999 0.016445
1 0.531774 0.843577 0.021187 0.022165
1 0.523126 0.833924 0.018593 0.022880
1 0.512748 0.824629 0.021187 0.021450
1 0.506046 0.812474 0.018161 0.020020
1 0.493939 0.799603 0.024214 0.020020
1 0.487021 0.789236 0.022485 0.017875
1 0.469293 0.775293 0.018161 0.022880
1 0.461942 0.763138 0.019025 0.021450
1 0.443998 0.740257 0.017728 0.024310
1 0.428864 0.715589 0.024647 0.020735
1 0.441836 0.694854 0.015999 0.019305
1 0.410487 0.698667 0.019890 0.022165
1 0.399677 0.689372 0.019890 0.022165
1 0.389732 0.679362 0.018161 0.019305
1 0.376328 0.657554 0.016431 0.018590
1 0.410271 0.660772 0.016863 0.016445
1 0.459780 0.714398 0.016431 0.020735
1 0.402055 0.648259 0.015999 0.018590
1 0.385841 0.631456 0.019025 0.015015
1 0.354276 0.629311 0.018161 0.022165
1 0.365518 0.646114 0.012972 0.024310
0 0.372004 0.606788 0.027673 0.017160
1 0.347574 0.584980 0.022052 0.016445
1 0.342169 0.616798 0.016431 0.018590
1 0.331359 0.607860 0.019025 0.020735
1 0.324873 0.593918 0.018161 0.018590
0 0.324873 0.553877 0.031997 0.021450
0 0.297848 0.520033 0.030700 0.017160
1 0.278823 0.503588 0.017728 0.017160
1 0.255690 0.518603 0.020755 0.015730
1 0.274931 0.538266 0.015999 0.020735
1 0.280985 0.546131 0.013404 0.025025
1 0.288984 0.550063 0.017296 0.022880
1 0.294173 0.567224 0.019025 0.021450
1 0.303902 0.573659 0.015134 0.022880
1 0.091812 0.870032 0.017296 0.023595
1 0.080137 0.846079 0.018161 0.024310
0 0.121215 0.402413 0.046699 0.076507
0 0.115594 0.384538 0.026808 0.043616
0 0.121215 0.348429 0.042375 0.072931
0 0.120566 0.296233 0.044537 0.077222
0 0.120999 0.270850 0.044537 0.067926
0 0.122080 0.245467 0.044969 0.071501
0 0.119053 0.222945 0.041510 0.066496
0 0.120134 0.196131 0.046266 0.071501
0 0.117756 0.177899 0.041510 0.065066
0 0.113215 0.161453 0.033294 0.057916
0 0.115161 0.132495 0.050158 0.081512
0 0.165103 0.200422 0.019458 0.082942
0 0.250068 0.295876 0.017296 0.089377
0 0.261095 0.284436 0.020323 0.079367
0 0.288119 0.242607 0.051887 0.060061
0 0.273634 0.302669 0.017728 0.084372
0 0.285525 0.310534 0.020755 0.080082
0 0.295686 0.296948 0.015999 0.038611
0 0.297848 0.345212 0.023782 0.055056
0 0.308658 0.346642 0.022052 0.076507
0 0.320765 0.320186 0.018593 0.046476
0 0.334602 0.372025 0.027241 0.088662
0 0.346276 0.388828 0.028106 0.092237
0 0.358816 0.397765 0.033294 0.085802
0 0.384976 0.423148 0.025944 0.090807
0 0.395786 0.433516 0.029403 0.091522
0 0.409190 0.461402 0.030268 0.092952
0 0.420865 0.468909 0.026808 0.095097
0 0.431242 0.478562 0.031997 0.098672
0 0.446592 0.504303 0.031565 0.110112
0 0.462807 0.519675 0.031132 0.096527
0 0.471455 0.527541 0.031132 0.102247
0 0.487886 0.548633 0.027673 0.101532
1 0.544746 0.547561 0.020323 0.029316
0 0.517505 0.575446 0.029835 0.109397
0 0.529612 0.604405 0.027241 0.075792
0 0.546475 0.620492 0.028970 0.076507
0 0.555988 0.620135 0.035024 0.107252
1 0.580418 0.673403 0.014701 0.037896
1 0.606578 0.594037 0.020323 0.027886
0 0.590363 0.659461 0.028538 0.100102
0 0.604632 0.670901 0.022485 0.100102
0 0.619982 0.695926 0.025511 0.101532
0 0.633819 0.706652 0.029835 0.095812
0 0.647872 0.713802 0.025944 0.100102
0 0.622144 0.633720 0.057509 0.047191
0 0.633387 0.601187 0.050590 0.055056
0 0.723325 0.640870 0.060968 0.034321
0 0.700192 0.623352 0.064859 0.033606
0 0.691760 0.605835 0.059238 0.038611
0 0.680085 0.590819 0.057509 0.034321
0 0.661709 0.576519 0.060535 0.034321
0 0.646575 0.565079 0.059671 0.034321
0 0.633603 0.548991 0.056211 0.037896
0 0.617604 0.534691 0.058806 0.039326
0 0.589282 0.507878 0.060103 0.041471
0 0.579337 0.483567 0.058373 0.034321
0 0.557718 0.475702 0.059238 0.035751
0 0.544529 0.459257 0.058806 0.034321
0 0.531774 0.445671 0.058373 0.030031
0 0.520315 0.430656 0.057941 0.034321
0 0.508857 0.409921 0.056644 0.032891
0 0.490480 0.398838 0.048428 0.032176
0 0.462807 0.416713 0.000000 0.000715
0 0.477724 0.387040 0.055779 0.030031
0 0.464969 0.372740 0.057076 0.030031
0 0.458483 0.355580 0.063994 0.040041
1 0.478373 0.346999 0.017296 0.012870
1 0.461726 0.350575 0.015134 0.014300
1 0.443349 0.354507 0.019890 0.010725
0 0.429945 0.327694 0.057941 0.028601
0 0.415243 0.315896 0.055347 0.032176
0 0.402055 0.303384 0.054049 0.028601
0 0.388651 0.291943 0.056644 0.034321
0 0.377841 0.279431 0.055779 0.030746
0 0.364005 0.264773 0.054914 0.031461
0 0.353195 0.253333 0.055779 0.028601
0 0.339790 0.239032 0.060968 0.037181
0 0.325305 0.223660 0.057076 0.032176
0 0.314495 0.215794 0.052752 0.035036
0 0.303253 0.200779 0.054482 0.029316
0 0.295902 0.186479 0.057076 0.036466