1 0.459258 0.155230 0.008902 0.011223
1 0.504769 0.140594 0.005073 0.016526
1 0.514915 0.163643 0.004566 0.010437
1 0.503881 0.182561 0.005327 0.012612
1 0.528672 0.244270 0.007401 0.006140
1 0.548725 0.245703 0.005013 0.012279
1 0.533804 0.256754 0.008117 0.007368
1 0.537863 0.270262 0.006207 0.008186
1 0.534043 0.302188 0.008117 0.009005
1 0.530104 0.337184 0.006923 0.013507
1 0.542999 0.282537 0.009158 0.009635
1 0.556527 0.264338 0.005828 0.013917
1 0.559441 0.273437 0.005411 0.013560
1 0.562354 0.279860 0.004995 0.013560
1 0.564644 0.287532 0.007076 0.015344
1 0.569118 0.299843 0.004787 0.014273
1 0.572552 0.306266 0.005411 0.013560
1 0.559961 0.321075 0.008949 0.009635
1 0.555174 0.308229 0.010198 0.006780
1 0.551428 0.301092 0.008117 0.006780
1 0.547994 0.295204 0.008325 0.009278
1 0.596345 0.481718 0.007133 0.010965
1 0.591549 0.482351 0.006395 0.013917
1 0.584170 0.485935 0.007379 0.012651
1 0.621280 0.400018 0.005637 0.008891
1 0.624887 0.411422 0.007891 0.007731
1 0.605384 0.407943 0.009019 0.009278
1 0.607413 0.413548 0.009470 0.015849
1 0.609555 0.419347 0.010146 0.011984
1 0.612712 0.425919 0.008793 0.012757
1 0.615643 0.435003 0.008342 0.010824
1 0.617785 0.441961 0.007666 0.010051
1 0.629058 0.423986 0.008568 0.015076
1 0.623985 0.459937 0.007891 0.018942
1 0.345850 0.020139 0.007058 0.009681
1 0.428254 0.341431 0.008117 0.016942
1 0.598003 0.680269 0.012352 0.022993
1 0.606269 0.716054 0.006868 0.015522
1 0.629058 0.771720 0.009990 0.015522
1 0.648726 0.814540 0.008117 0.014452
1 0.691964 0.990103 0.009678 0.018734
1 0.523851 0.711236 0.009990 0.017663
1 0.559128 0.791257 0.008117 0.016058
1 0.498408 0.881982 0.005932 0.016593
1 0.490603 0.804370 0.011551 0.009099
1 0.441111 0.824574 0.007277 0.012477
1 0.453426 0.695246 0.010076 0.010078
1 0.457624 0.599030 0.006717 0.014396
1 0.448248 0.580554 0.007557 0.015836
1 0.441810 0.556320 0.008117 0.012477
1 0.419419 0.548162 0.008677 0.009598
1 0.413346 0.579556 0.009101 0.008434
1 0.415806 0.585671 0.011560 0.007169
1 0.418019 0.593894 0.009593 0.009278
1 0.420233 0.601274 0.011560 0.011386
1 0.423185 0.610552 0.013036 0.009699
1 0.425890 0.618775 0.009101 0.009278
1 0.428965 0.625101 0.009347 0.010121
1 0.430933 0.646398 0.010823 0.012230
1 0.439050 0.655886 0.008855 0.009278
1 0.444707 0.672122 0.010823 0.010543
1 0.396374 0.598533 0.005657 0.015182
1 0.401294 0.602750 0.008117 0.015182
1 0.403507 0.611606 0.009101 0.010121
1 0.406582 0.619408 0.010331 0.013917
1 0.409042 0.626788 0.011314 0.015182
1 0.411993 0.635222 0.009839 0.014338
1 0.414699 0.640705 0.011806 0.011808
1 0.416175 0.650615 0.005411 0.018977
1 0.421340 0.662001 0.007379 0.018134
1 0.385306 0.396321 0.006641 0.011386
1 0.382231 0.399484 0.005903 0.010121
1 0.377681 0.402857 0.007625 0.013495
1 0.350625 0.440812 0.008609 0.009278
1 0.354314 0.449035 0.009593 0.008856
1 0.358004 0.455993 0.009101 0.009278
1 0.358865 0.462319 0.010331 0.010121
1 0.361447 0.467591 0.011068 0.008013
1 0.324429 0.508497 0.007379 0.012230
0 0.400849 0.165138 0.017899 0.035327
0 0.443723 0.209742 0.031635 0.074579
0 0.469322 0.270583 0.016234 0.033543
0 0.485556 0.315187 0.019980 0.044248
0 0.575778 0.724656 0.023102 0.050314
0 0.636239 0.877025 0.024975 0.055310
0 0.647686 0.072182 0.023310 0.016414
0 0.658196 0.091094 0.023518 0.015701
0 0.680778 0.143371 0.023310 0.018912
0 0.689831 0.170312 0.029346 0.019269
0 0.612512 0.121782 0.009990 0.032115
0 0.623751 0.146939 0.008741 0.036040
0 0.639153 0.180482 0.011239 0.046745
0 0.573177 0.153362 0.024143 0.014630
0 0.580045 0.164246 0.028305 0.014987
0 0.618756 0.264695 0.024143 0.017485
0 0.673701 0.257380 0.008741 0.032115
0 0.784112 0.384592 0.024767 0.018912
0 0.775891 0.436868 0.018315 0.037825
0 0.818556 0.464345 0.025391 0.022124
0 0.803780 0.504310 0.019564 0.039252
0 0.695346 0.355153 0.009158 0.039966
0 0.702110 0.372816 0.011031 0.041036
0 0.708042 0.375136 0.008741 0.041393
0 0.712100 0.387446 0.009366 0.028904
0 0.719801 0.408500 0.010614 0.041750
0 0.723547 0.424736 0.010198 0.044248
0 0.731248 0.446146 0.010614 0.047102
0 0.739885 0.463809 0.010823 0.042463
0 0.744048 0.473801 0.012904 0.040322
0 0.752373 0.498779 0.012071 0.048887
0 0.756431 0.499850 0.012696 0.044604
0 0.762467 0.508592 0.010614 0.049243
0 0.687438 0.379239 0.015401 0.038181
0 0.692953 0.446503 0.021853 0.016414
0 0.699717 0.458992 0.022894 0.018555
0 0.707105 0.478261 0.026848 0.016414
0 0.718240 0.507343 0.025391 0.018912
0 0.720217 0.517335 0.028929 0.017485
0 0.293222 0.271870 0.014205 0.034018
0 0.134492 0.384749 0.025027 0.019329
0 0.203148 0.345705 0.012175 0.041750
0 0.249369 0.363681 0.028409 0.015849
0 0.252074 0.374505 0.024802 0.017396
0 0.252863 0.391900 0.016008 0.015076
0 0.260642 0.409489 0.032017 0.020875
0 0.273607 0.434037 0.020969 0.013530
0 0.226371 0.427852 0.013528 0.043683
0 0.233135 0.450079 0.012626 0.041750
0 0.240012 0.468442 0.012852 0.042136
0 0.168200 0.485258 0.025253 0.018555
0 0.173273 0.506326 0.026831 0.019715
0 0.200555 0.598523 0.016459 0.015463
0 0.257486 0.514444 0.013528 0.044456
0 0.260417 0.529520 0.012175 0.046002
0 0.240688 0.718167 0.030438 0.019715
0 0.280483 0.844770 0.027958 0.020102
0 0.279694 0.627323 0.012852 0.044456
0 0.282738 0.642399 0.014430 0.047548
0 0.290404 0.661728 0.015783 0.046775
0 0.300325 0.698259 0.012626 0.047935
0 0.305510 0.710049 0.011273 0.037498
0 0.312162 0.730151 0.013754 0.045229
0 0.316108 0.738269 0.011724 0.044456
0 0.327155 0.771708 0.012626 0.047935
0 0.338091 0.811138 0.014205 0.049481
0 0.342375 0.819063 0.014655 0.049095
0 0.337189 0.624617 0.028184 0.018942
0 0.342600 0.652257 0.025478 0.016236
0 0.342036 0.638533 0.024802 0.017396
0 0.353084 0.676031 0.027958 0.018169
0 0.359285 0.689174 0.028184 0.020488
0 0.361990 0.699805 0.016910 0.014690
0 0.364358 0.711402 0.026154 0.020875
0 0.370671 0.726865 0.022547 0.019329
0 0.375293 0.738656 0.026831 0.020488
0 0.376646 0.750253 0.026380 0.019715
0 0.378562 0.760497 0.026605 0.020102
0 0.469765 0.950304 0.027733 0.027060