0 0.275162 0.280319 0.016775 0.035255
0 0.342532 0.248079 0.016234 0.032936
0 0.338745 0.255501 0.016234 0.034791
0 0.157332 0.356164 0.015422 0.035719
0 0.135687 0.383534 0.025162 0.019019
0 0.139746 0.396291 0.022998 0.018555
0 0.144075 0.405104 0.024080 0.018555
0 0.147457 0.416006 0.024351 0.017164
0 0.149756 0.422732 0.024080 0.018555
0 0.150839 0.434329 0.025162 0.019483
0 0.161526 0.455204 0.013528 0.011133
0 0.162608 0.463786 0.029762 0.022730
0 0.166531 0.474687 0.026786 0.016700
0 0.168966 0.484197 0.025162 0.019019
0 0.172890 0.504840 0.024892 0.019483
0 0.179518 0.518061 0.026786 0.020875
0 0.183712 0.536152 0.024892 0.016236
0 0.185606 0.547054 0.024892 0.019483
0 0.192100 0.568161 0.024892 0.019019
0 0.196158 0.576974 0.024892 0.020875
0 0.198999 0.588108 0.027868 0.019019
0 0.201975 0.599473 0.029491 0.021339
0 0.210363 0.621276 0.025703 0.015772
0 0.207116 0.628002 0.020833 0.018092
0 0.221997 0.653980 0.026786 0.019947
0 0.220238 0.664649 0.025974 0.021803
0 0.229573 0.686684 0.026786 0.018555
0 0.199269 0.538936 0.016504 0.040358
0 0.239448 0.709414 0.028680 0.018555
0 0.241342 0.719156 0.027597 0.020411
0 0.246889 0.741190 0.025162 0.018092
0 0.251759 0.751628 0.027868 0.022267
0 0.254870 0.764617 0.026515 0.018555
0 0.256494 0.773430 0.026515 0.019483
0 0.262581 0.788275 0.025703 0.020411
0 0.268939 0.811005 0.026515 0.021339
0 0.273268 0.822602 0.025974 0.017628
0 0.275433 0.832808 0.026515 0.022267
0 0.278139 0.844173 0.021645 0.019019
0 0.285038 0.867599 0.026786 0.017628
0 0.292208 0.881748 0.027597 0.021803
0 0.294508 0.891953 0.029491 0.021803
0 0.297348 0.905406 0.035173 0.023658
0 0.304789 0.927209 0.027327 0.019019
0 0.314123 0.950867 0.028139 0.020875
0 0.318994 0.974525 0.025974 0.018092
0 0.322511 0.987514 0.027056 0.023658
0 0.245400 0.634032 0.014610 0.026442
0 0.236066 0.599009 0.007846 0.013917
0 0.225244 0.567929 0.012716 0.027833
0 0.211851 0.522236 0.016775 0.041286
0 0.197240 0.481646 0.014610 0.035255
0 0.183577 0.438040 0.015963 0.040822
0 0.170184 0.397914 0.015693 0.036647
0 0.197105 0.336681 0.014340 0.045925
0 0.200893 0.349670 0.012716 0.042214
0 0.205763 0.354077 0.010552 0.039894
0 0.207927 0.367993 0.011634 0.039894
0 0.210904 0.378199 0.012175 0.040822
0 0.215639 0.383766 0.010823 0.041750
0 0.217803 0.395595 0.010823 0.043141
0 0.223891 0.412295 0.013258 0.053347
0 0.227273 0.427603 0.013528 0.050564
0 0.233360 0.447318 0.012175 0.042678
0 0.235525 0.459147 0.011634 0.041286
0 0.243236 0.478167 0.012446 0.044069
0 0.246753 0.487444 0.011905 0.043141
0 0.250271 0.493011 0.013528 0.045925
0 0.252706 0.505072 0.014069 0.048708
0 0.256899 0.515741 0.012175 0.043141
0 0.259470 0.528730 0.013528 0.045925
0 0.249324 0.364050 0.025703 0.018092
0 0.248512 0.373096 0.024080 0.016700
0 0.254058 0.383302 0.023810 0.015772
0 0.257305 0.393507 0.030303 0.017628
0 0.258523 0.401625 0.024621 0.018092
0 0.265152 0.413454 0.023810 0.017628
0 0.270292 0.422500 0.026515 0.019019
0 0.271780 0.435257 0.025703 0.021339
0 0.286120 0.517365 0.018128 0.033400
0 0.279491 0.633105 0.012446 0.045925
0 0.282468 0.642614 0.009740 0.048244
0 0.286178 0.650018 0.011596 0.044135
0 0.286758 0.677056 0.006262 0.021869
0 0.291976 0.654789 0.007421 0.016302
0 0.292440 0.674471 0.011596 0.046124
0 0.299397 0.700117 0.012059 0.048907
0 0.304035 0.707473 0.011132 0.048509
0 0.312152 0.727354 0.012523 0.048509
0 0.316095 0.737096 0.012987 0.048112
0 0.305427 0.664133 0.017625 0.042147
0 0.322240 0.768706 0.013219 0.044533
0 0.325255 0.779840 0.011827 0.047714
0 0.328734 0.788985 0.012291 0.047714
0 0.332792 0.798925 0.012523 0.046919
0 0.340909 0.818607 0.012523 0.048112
0 0.345895 0.827554 0.012755 0.046124
0 0.308442 0.856580 0.019017 0.050100
0 0.330473 0.734909 0.017161 0.045328
0 0.345895 0.781828 0.018785 0.049305
0 0.377319 0.873479 0.016698 0.046521
0 0.365608 0.839482 0.011364 0.023857
0 0.336503 0.624570 0.023191 0.019483
0 0.336155 0.635505 0.026670 0.019086
0 0.343808 0.651409 0.026206 0.019086
0 0.347171 0.662940 0.028293 0.023857
0 0.352968 0.675266 0.025974 0.019086
0 0.357143 0.689382 0.025046 0.019483
0 0.362361 0.700714 0.024814 0.019881
0 0.366071 0.713040 0.024814 0.023857
0 0.369202 0.725764 0.026438 0.019881
0 0.374304 0.736698 0.026438 0.021869
0 0.378015 0.750217 0.027365 0.021869
0 0.383001 0.765526 0.026670 0.019086
0 0.436688 0.805287 0.012059 0.047714
0 0.444341 0.827355 0.012987 0.058450
0 0.448400 0.842266 0.011364 0.048509
0 0.456865 0.864135 0.009740 0.050100
0 0.496173 0.877852 0.006725 0.025845
0 0.484694 0.844850 0.005102 0.023459
0 0.490492 0.595743 0.027365 0.067595
0 0.524930 0.682622 0.033163 0.079921
0 0.574443 0.154587 0.012523 0.009940
0 0.580589 0.165521 0.024351 0.014314
0 0.582444 0.174865 0.023887 0.013917
0 0.585923 0.185005 0.025742 0.017495
0 0.582444 0.192162 0.013683 0.011133
0 0.595547 0.203693 0.023191 0.012724
0 0.599606 0.214627 0.026206 0.013121
0 0.603432 0.224369 0.023655 0.015905
0 0.607143 0.234309 0.025974 0.016700
0 0.611317 0.244051 0.018553 0.016302
0 0.615260 0.255184 0.016698 0.014712
0 0.616071 0.264130 0.020640 0.015109
0 0.611317 0.120193 0.009276 0.038171
0 0.615955 0.127947 0.008813 0.033002
0 0.619434 0.136296 0.010204 0.035388
0 0.626276 0.154587 0.009972 0.035388
0 0.630102 0.163931 0.009276 0.034990
0 0.634740 0.169696 0.010668 0.036183
0 0.639610 0.181028 0.011596 0.037376
0 0.646684 0.200710 0.010436 0.040159
0 0.650394 0.211247 0.010436 0.036581
0 0.653409 0.221585 0.010436 0.037376
0 0.657004 0.226158 0.009740 0.036183
0 0.661062 0.240472 0.009972 0.037774
0 0.665005 0.243255 0.009508 0.038569
0 0.669179 0.253594 0.009972 0.037774
0 0.673353 0.266118 0.010436 0.037376
0 0.613404 0.158165 0.018553 0.033002
0 0.631841 0.200512 0.018321 0.037376
0 0.695153 0.651807 0.021104 0.046124
0 0.694457 0.354986 0.007189 0.040159
0 0.698052 0.364330 0.011596 0.044533
0 0.703270 0.371487 0.009508 0.040557
0 0.708024 0.384608 0.011596 0.038171
0 0.710343 0.390175 0.014378 0.034195
0 0.715909 0.406875 0.011132 0.039762
0 0.719968 0.414827 0.010900 0.038171
0 0.724258 0.426557 0.011132 0.036183
0 0.732607 0.442660 0.012059 0.039762
0 0.737129 0.451209 0.009508 0.040955
0 0.740144 0.466319 0.010436 0.039364
0 0.745014 0.473873 0.009972 0.040955
0 0.748377 0.486597 0.009276 0.043340
0 0.752899 0.495146 0.009508 0.045328
0 0.756609 0.508267 0.010900 0.043738
0 0.761364 0.516220 0.010668 0.043738
0 0.699907 0.405682 0.019481 0.037376
0 0.693878 0.448823 0.030148 0.017098
0 0.701299 0.459957 0.026438 0.017893
0 0.704198 0.469897 0.026206 0.017098
0 0.707096 0.479241 0.026438 0.018290
0 0.708952 0.487392 0.026438 0.018688
0 0.715793 0.497929 0.029917 0.023857
0 0.721591 0.509062 0.025278 0.020676
0 0.721707 0.519599 0.027365 0.016302
0 0.733998 0.485802 0.019017 0.039364
0 0.622449 0.014427 0.026438 0.015905
0 0.625812 0.023174 0.022032 0.014314
0 0.628711 0.031922 0.024119 0.014314
0 0.635204 0.040670 0.022263 0.015109
0 0.639842 0.049417 0.022727 0.015109
0 0.641118 0.056574 0.022032 0.015109
0 0.644249 0.064725 0.024119 0.015507
0 0.647843 0.073075 0.023423 0.016302
0 0.655960 0.090173 0.023423 0.015507
0 0.658859 0.099914 0.025974 0.015905
0 0.662917 0.107668 0.023887 0.015507
0 0.665932 0.116217 0.025278 0.015109
0 0.672078 0.126555 0.023191 0.014314
0 0.674165 0.134905 0.025046 0.015905
0 0.677180 0.143255 0.023655 0.015905
0 0.681586 0.150809 0.023655 0.015905
0 0.683905 0.160153 0.024583 0.016302
0 0.689819 0.169100 0.024814 0.015905
0 0.698632 0.186993 0.032236 0.016700
0 0.702110 0.197927 0.024351 0.014712
0 0.704893 0.206675 0.023423 0.017098
0 0.712546 0.216416 0.024351 0.016700
0 0.714054 0.224567 0.024119 0.014712
0 0.716489 0.233116 0.025742 0.019881
0 0.720895 0.243057 0.023423 0.017495
0 0.724142 0.250611 0.022959 0.018290
0 0.730172 0.260353 0.023887 0.017098
0 0.737361 0.273474 0.016466 0.013121
0 0.744434 0.290572 0.026902 0.016302
0 0.744434 0.298922 0.024119 0.015507
0 0.754406 0.318803 0.024119 0.014712
0 0.757885 0.328346 0.024583 0.015507
0 0.761364 0.336497 0.023191 0.019086
0 0.768205 0.346835 0.025278 0.016700
0 0.769596 0.355582 0.026670 0.018290
0 0.774235 0.365324 0.024351 0.018688
0 0.694109 0.230929 0.016234 0.036183
0 0.711039 0.288981 0.017161 0.034593
0 0.727737 0.325562 0.017161 0.037774
0 0.743854 0.362938 0.018321 0.037774
0 0.759508 0.400513 0.016698 0.036581
0 0.781656 0.451607 0.018321 0.040159
0 0.784091 0.386398 0.026902 0.017893
0 0.788729 0.396139 0.026902 0.016700
0 0.790816 0.405086 0.025046 0.018688
0 0.793947 0.413436 0.027134 0.018688
0 0.802180 0.426756 0.023655 0.017495
0 0.805195 0.435305 0.025046 0.017098
0 0.807282 0.444450 0.027365 0.019483
0 0.815515 0.455583 0.026670 0.019483
0 0.817950 0.466319 0.026902 0.021869
0 0.800788 0.494947 0.019017 0.043340
1 0.328038 0.294349 0.007189 0.010338
1 0.345779 0.310055 0.005102 0.009940
1 0.375928 0.293156 0.007421 0.015109
1 0.387871 0.371089 0.013683 0.012724
1 0.362709 0.372879 0.007885 0.009145
1 0.385088 0.399121 0.006725 0.010736
1 0.381262 0.402899 0.005566 0.013519
1 0.377667 0.402302 0.004406 0.012326
1 0.374884 0.404887 0.006725 0.011133
1 0.350649 0.442263 0.006030 0.007952
1 0.352157 0.450016 0.006725 0.008350
1 0.355404 0.454788 0.006725 0.007555
1 0.357491 0.462342 0.005798 0.009145
1 0.359462 0.467710 0.009740 0.011929
1 0.306238 0.515027 0.007189 0.010338
1 0.361433 0.478844 0.007653 0.011133
1 0.418947 0.548824 0.011364 0.009543
1 0.420107 0.558367 0.008117 0.009543
1 0.411874 0.579441 0.009276 0.007157
1 0.415353 0.586995 0.008349 0.008748
1 0.417208 0.594153 0.007421 0.009543
1 0.419179 0.604292 0.009045 0.008350
1 0.423353 0.612841 0.007653 0.008748
1 0.425673 0.618407 0.007189 0.007952
1 0.434137 0.643258 0.006957 0.008350
1 0.430891 0.632125 0.008349 0.009940
1 0.428571 0.624173 0.009276 0.011531
1 0.438080 0.655982 0.009276 0.009940
1 0.444573 0.673278 0.008813 0.008748
1 0.447820 0.681032 0.007885 0.007555
1 0.449791 0.688587 0.007653 0.010736
1 0.451531 0.697334 0.008349 0.009940
1 0.466489 0.734909 0.007189 0.006362
1 0.463242 0.724173 0.009045 0.010338
1 0.461271 0.712444 0.007885 0.011531
1 0.470663 0.748229 0.009045 0.010736
1 0.477389 0.763736 0.007653 0.009145
1 0.483186 0.780039 0.008581 0.012326
1 0.399235 0.605485 0.005334 0.011531
1 0.402365 0.612443 0.006957 0.015905
1 0.406192 0.619600 0.008117 0.017495
1 0.407815 0.628348 0.009045 0.015109
1 0.411410 0.633318 0.007421 0.009145
1 0.414193 0.641668 0.007885 0.016302
1 0.415932 0.652801 0.009508 0.015507
1 0.419411 0.658368 0.007189 0.016302
1 0.456981 0.771291 0.005334 0.013917
1 0.461039 0.774074 0.006494 0.017893
1 0.468692 0.800715 0.004174 0.017893
1 0.471475 0.806679 0.005102 0.018688
1 0.475533 0.813836 0.006725 0.019483
1 0.440515 0.556578 0.005798 0.015507
1 0.444921 0.565922 0.008117 0.014314
1 0.451647 0.586001 0.005334 0.014712
1 0.439935 0.609262 0.012987 0.009543
1 0.432166 0.586797 0.010436 0.009145
1 0.437036 0.599123 0.012755 0.010736
1 0.528293 0.804094 0.005566 0.015905
1 0.508813 0.804492 0.011596 0.016700
1 0.501391 0.778846 0.016698 0.010736
1 0.500812 0.790575 0.013683 0.013519
1 0.504290 0.139279 0.004870 0.014314
1 0.511943 0.157768 0.004870 0.013121
1 0.496289 0.165323 0.007421 0.006759
1 0.501507 0.178841 0.007653 0.005964
1 0.504174 0.184011 0.009740 0.009940
1 0.506725 0.193156 0.009276 0.009940
1 0.491883 0.242659 0.005566 0.013519
1 0.515942 0.217057 0.008325 0.009991
1 0.520105 0.225978 0.007493 0.006423
1 0.523539 0.233472 0.007701 0.007137
1 0.528014 0.245247 0.007076 0.009278
1 0.532176 0.256309 0.007909 0.007850
1 0.535922 0.264873 0.009990 0.009278
1 0.536963 0.271475 0.008325 0.008921
1 0.545808 0.291993 0.006868 0.007850
1 0.551532 0.302341 0.008325 0.006423
1 0.552885 0.309835 0.009782 0.007850
1 0.557984 0.317863 0.009574 0.011062
1 0.558400 0.322681 0.007909 0.008564
1 0.533529 0.298237 0.009782 0.008207
1 0.542270 0.320896 0.007284 0.007850
1 0.520209 0.315722 0.003538 0.012489
1 0.523747 0.323751 0.006452 0.014273
1 0.528326 0.335170 0.007284 0.012132
1 0.547994 0.247388 0.004995 0.014987
1 0.552572 0.257915 0.004995 0.012489
1 0.560585 0.279504 0.005203 0.011419
1 0.563499 0.287711 0.005619 0.012132
1 0.565997 0.293242 0.006036 0.013917
1 0.569118 0.300200 0.006036 0.010705
1 0.572448 0.307872 0.004787 0.013203
1 0.622711 0.407786 0.005828 0.006780
1 0.625416 0.415993 0.007493 0.012489
1 0.610639 0.425628 0.006660 0.009635
1 0.606061 0.413317 0.007909 0.007137
1 0.615322 0.434192 0.007701 0.009635
1 0.623751 0.457743 0.005411 0.011776
1 0.590972 0.483614 0.005619 0.012846
1 0.595030 0.482722 0.006244 0.013917
1 0.605644 0.495389 0.007493 0.010705
1 0.590139 0.498958 0.008117 0.008564