0 0.291744 0.271089 0.016234 0.039364
0 0.323864 0.187589 0.011827 0.040159
0 0.316906 0.227550 0.011827 0.036581
0 0.135436 0.383415 0.025046 0.015905
0 0.140886 0.395344 0.026670 0.015905
0 0.146220 0.415225 0.023887 0.015905
0 0.150974 0.424569 0.028293 0.016302
0 0.152018 0.434310 0.024351 0.015905
0 0.157120 0.444847 0.023887 0.015507
0 0.162917 0.464728 0.023423 0.016302
0 0.169643 0.485007 0.024814 0.017098
0 0.173122 0.504689 0.028989 0.017495
0 0.185181 0.537293 0.023887 0.019881
0 0.205125 0.599123 0.027134 0.019483
0 0.209416 0.621191 0.028293 0.018290
0 0.223910 0.654392 0.025278 0.019483
0 0.238520 0.707871 0.025742 0.019881
0 0.241071 0.719998 0.024351 0.020278
0 0.248956 0.742066 0.026206 0.019881
0 0.255914 0.763537 0.027134 0.020676
0 0.262059 0.788190 0.025974 0.021471
0 0.275046 0.822385 0.025974 0.020676
0 0.277018 0.842862 0.026206 0.018688
0 0.285714 0.866321 0.027365 0.019483
0 0.295455 0.891173 0.028757 0.019881
0 0.299513 0.904294 0.026670 0.020676
0 0.304963 0.926560 0.027365 0.018290
0 0.318066 0.964732 0.027597 0.021471
0 0.321660 0.976859 0.027365 0.021074
0 0.324096 0.988390 0.026206 0.019483
0 0.158511 0.356179 0.015538 0.033002
0 0.174281 0.401706 0.007653 0.017495
0 0.182398 0.427352 0.014147 0.035388
0 0.198400 0.479838 0.014610 0.040159
0 0.210807 0.529142 0.021336 0.029821
0 0.229244 0.581031 0.016002 0.041352
0 0.244086 0.630535 0.016929 0.046521
0 0.197936 0.340274 0.012291 0.041750
0 0.201763 0.348624 0.011596 0.040955
0 0.205589 0.353793 0.011827 0.036978
0 0.208372 0.367312 0.010900 0.040955
0 0.214054 0.337690 0.016698 0.034990
0 0.217069 0.397531 0.012523 0.040955
0 0.221127 0.405284 0.011827 0.038171
0 0.224026 0.417213 0.012059 0.042147
0 0.227737 0.427750 0.011596 0.041750
0 0.235390 0.401905 0.014842 0.036978
0 0.233186 0.448426 0.010900 0.043340
0 0.237825 0.455384 0.011364 0.041352
0 0.243622 0.476259 0.012291 0.040955
0 0.246289 0.489380 0.012987 0.044931
0 0.250696 0.493357 0.014378 0.048112
0 0.254058 0.508267 0.012755 0.042147
0 0.259972 0.528546 0.012059 0.046124
0 0.249884 0.364131 0.024351 0.016302
0 0.250928 0.374270 0.024583 0.017495
0 0.251044 0.383614 0.023423 0.017893
0 0.254870 0.392561 0.025046 0.015109
0 0.260436 0.402899 0.024119 0.015905
0 0.264378 0.413038 0.025046 0.014712
0 0.267509 0.422780 0.026206 0.019086
0 0.268785 0.432322 0.026902 0.021471
0 0.278873 0.626558 0.013219 0.044931
0 0.286642 0.652403 0.012987 0.045726
0 0.290584 0.663139 0.012987 0.044135
0 0.294643 0.668706 0.013219 0.045726
0 0.297658 0.681827 0.011364 0.043340
0 0.302760 0.688388 0.013683 0.045328
0 0.305195 0.707871 0.013451 0.047714
0 0.311456 0.732126 0.012987 0.045328
0 0.315167 0.741271 0.012987 0.043738
0 0.325023 0.736499 0.009045 0.048509
0 0.325487 0.776062 0.012755 0.047316
0 0.330705 0.787991 0.014378 0.046521
0 0.334068 0.797136 0.013219 0.048907
0 0.337662 0.808866 0.014378 0.048509
0 0.340329 0.824572 0.014147 0.045726
0 0.345547 0.830934 0.012523 0.046521
0 0.344620 0.775665 0.017625 0.046521
0 0.310065 0.648228 0.018089 0.045328
0 0.340097 0.638686 0.026670 0.019086
0 0.344388 0.650614 0.026438 0.018290
0 0.348562 0.663934 0.028757 0.020278
0 0.365376 0.713835 0.025742 0.019086
0 0.383581 0.765327 0.027829 0.020278
0 0.436920 0.807673 0.012059 0.048509
0 0.453386 0.851212 0.011132 0.052883
0 0.457560 0.865526 0.012987 0.051293
0 0.524467 0.682225 0.019249 0.044135
0 0.492115 0.701708 0.008349 0.021074
0 0.471939 0.643059 0.008349 0.020676
0 0.439355 0.651012 0.015074 0.030219
0 0.494550 0.598924 0.029917 0.075547
1 0.353896 0.452402 0.006030 0.010736
1 0.356563 0.458167 0.009045 0.011929
1 0.358998 0.463337 0.008349 0.011929
1 0.397379 0.598129 0.005798 0.017495
1 0.402365 0.615425 0.006030 0.015507
1 0.423353 0.610852 0.009508 0.009543
1 0.480404 0.082022 0.008581 0.019881
1 0.513451 0.088781 0.009276 0.021471
1 0.489680 0.190969 0.008117 0.007157
1 0.498724 0.128145 0.007189 0.023062
1 0.464518 0.125163 0.014842 0.009940
1 0.461503 0.114825 0.012987 0.012326
1 0.448168 0.127350 0.004406 0.015905
1 0.540700 0.277649 0.007653 0.015109
1 0.571313 0.305483 0.006262 0.021471
1 0.559601 0.323574 0.008349 0.011531
1 0.512175 0.163931 0.005334 0.017495
0 0.703734 0.676857 0.012755 0.045328
0 0.652018 0.350612 0.010900 0.014712
0 0.648539 0.355781 0.009508 0.018688
0 0.645176 0.370891 0.014378 0.015507
0 0.638915 0.054586 0.022727 0.017495
0 0.644481 0.064328 0.029221 0.015507
0 0.655728 0.091167 0.023887 0.015905
0 0.678687 0.144050 0.025278 0.016700
0 0.690863 0.170492 0.025510 0.014712
0 0.698168 0.189577 0.023423 0.016302
0 0.716141 0.233514 0.024119 0.015905
0 0.719156 0.241466 0.024119 0.015905
0 0.723794 0.250611 0.025046 0.016700
0 0.732839 0.269498 0.029221 0.019483
0 0.742695 0.290970 0.024351 0.017893
0 0.775974 0.366119 0.024119 0.019483
0 0.783859 0.385602 0.025510 0.017893
0 0.787454 0.395145 0.024814 0.016302
0 0.515074 0.022976 0.026902 0.015507
0 0.597171 0.123772 0.016234 0.036581
0 0.611433 0.121585 0.009508 0.036978
0 0.626391 0.155382 0.008813 0.035388
0 0.635320 0.167907 0.009972 0.029424
0 0.638335 0.185005 0.009972 0.038171
0 0.645640 0.199915 0.009740 0.039364
0 0.647495 0.213235 0.005566 0.026243
0 0.655032 0.211844 0.009508 0.037774
0 0.661178 0.235502 0.008349 0.036581
0 0.665237 0.245442 0.009972 0.038171
0 0.668715 0.254786 0.008117 0.037774
0 0.673585 0.261546 0.010900 0.041750
0 0.572588 0.152201 0.023191 0.012326
0 0.578154 0.164925 0.023655 0.013121
0 0.591605 0.194945 0.024119 0.014314
0 0.598562 0.213434 0.023655 0.013917
0 0.612477 0.243852 0.023655 0.015109
0 0.617115 0.254389 0.024583 0.013917
0 0.617811 0.265920 0.024119 0.017098
1 0.616303 0.440474 0.008581 0.007555
1 0.608998 0.396139 0.005102 0.012724
1 0.614680 0.432322 0.005798 0.007952
0 0.695269 0.353793 0.009276 0.038569
0 0.699443 0.365523 0.010204 0.038171
0 0.706517 0.389777 0.010900 0.041352
0 0.710923 0.395543 0.008581 0.038569
0 0.715793 0.401706 0.009508 0.040557
0 0.719272 0.414032 0.009508 0.038171
0 0.724490 0.421189 0.008813 0.039762
0 0.731679 0.447631 0.009276 0.039364
0 0.727389 0.324568 0.017857 0.040557
0 0.762755 0.411050 0.017625 0.038569
0 0.789541 0.434310 0.024814 0.037376
0 0.782352 0.452998 0.018785 0.037376
0 0.802760 0.499321 0.018785 0.037774
0 0.736433 0.455981 0.010436 0.040955
0 0.740608 0.463734 0.012291 0.042943
0 0.745362 0.463933 0.006494 0.021869
0 0.748956 0.483416 0.009972 0.040955
0 0.753595 0.491170 0.011827 0.041352
0 0.756841 0.507273 0.009972 0.038569
0 0.761480 0.516021 0.009972 0.044931
0 0.695849 0.448227 0.024351 0.015905
0 0.699907 0.458764 0.025046 0.017098
0 0.702110 0.468307 0.024814 0.016302
0 0.708720 0.479241 0.025046 0.015905
0 0.710807 0.489182 0.025510 0.018290
0 0.716721 0.499321 0.025278 0.017098
0 0.718112 0.507074 0.025278 0.019086
0 0.723098 0.519202 0.028757 0.020278
0 0.445617 0.214229 0.035482 0.089464
0 0.485390 0.317411 0.039425 0.093838