0 0.133929 0.383058 0.022780 0.018855
0 0.159196 0.360163 0.013092 0.035914
0 0.173204 0.404157 0.010735 0.026038
0 0.182761 0.433113 0.017281 0.034567
0 0.194151 0.469027 0.017019 0.037261
0 0.176477 0.503818 0.026183 0.017957
0 0.191270 0.555669 0.024874 0.021997
0 0.201089 0.588216 0.024089 0.017957
0 0.240364 0.617620 0.016234 0.042648
0 0.247303 0.739727 0.026969 0.020202
0 0.275712 0.831307 0.029326 0.020202
0 0.279902 0.844101 0.026707 0.018855
0 0.295219 0.890116 0.027493 0.018406
0 0.304514 0.926254 0.025660 0.019753
0 0.316166 0.961495 0.028016 0.018406
0 0.321795 0.986634 0.028802 0.021099
0 0.339993 0.820084 0.015972 0.050728
0 0.333578 0.803250 0.012044 0.048484
0 0.320093 0.772049 0.011259 0.028282
0 0.298099 0.635128 0.018590 0.039954
0 0.312107 0.681367 0.016234 0.041750
0 0.302681 0.708078 0.010997 0.050279
0 0.198864 0.341084 0.012830 0.041750
0 0.201744 0.350960 0.013877 0.042648
0 0.204493 0.359714 0.012044 0.039505
0 0.208290 0.370488 0.010735 0.040403
0 0.211170 0.379018 0.011783 0.041301
0 0.213919 0.388445 0.013092 0.039505
0 0.214966 0.405055 0.009426 0.032322
0 0.220858 0.405504 0.012306 0.040403
0 0.224393 0.416054 0.012044 0.043545
0 0.227665 0.426828 0.012306 0.039056
0 0.209468 0.330310 0.013615 0.036363
0 0.234604 0.445907 0.012044 0.043097
0 0.234997 0.467231 0.009688 0.025589
0 0.240626 0.465660 0.012044 0.042199
0 0.243114 0.478679 0.012830 0.043097
0 0.246649 0.487208 0.012568 0.042199
0 0.249791 0.498207 0.013092 0.043545
0 0.252671 0.507634 0.013615 0.046239
0 0.256075 0.515939 0.014663 0.043097
0 0.260133 0.531651 0.013877 0.041301
0 0.249005 0.365550 0.024612 0.017059
0 0.252147 0.375202 0.027755 0.016610
0 0.254373 0.384180 0.026969 0.017508
0 0.259086 0.394954 0.023827 0.015712
0 0.261835 0.403484 0.027755 0.016610
0 0.261049 0.412014 0.024089 0.016610
0 0.265893 0.420768 0.025398 0.019753
0 0.270345 0.434011 0.025398 0.018406
0 0.238793 0.388445 0.017805 0.038607
0 0.258693 0.447254 0.016757 0.036812
0 0.272570 0.491922 0.015710 0.037261
0 0.312500 0.618518 0.018067 0.018406
0 0.333316 0.625027 0.013615 0.013468
0 0.346146 0.628843 0.012568 0.014814
0 0.344182 0.640291 0.021209 0.017957
0 0.344444 0.650840 0.024874 0.019304
0 0.349681 0.664532 0.026445 0.023344
0 0.357797 0.689897 0.024874 0.019304
0 0.361856 0.702691 0.027231 0.018855
0 0.365260 0.714138 0.028802 0.022895
0 0.370104 0.726708 0.025922 0.021099
0 0.374424 0.738829 0.025136 0.019304
0 0.380446 0.752970 0.025136 0.018855
0 0.383326 0.764418 0.027231 0.022895
0 0.327948 0.664084 0.017543 0.041301
0 0.341171 0.707180 0.017281 0.037709
0 0.357928 0.754317 0.016234 0.044892
0 0.436872 0.810432 0.014925 0.052973
0 0.448916 0.845673 0.014401 0.057911
0 0.457164 0.869466 0.009426 0.034567
0 0.491857 0.594725 0.019638 0.046239
0 0.510971 0.642535 0.021732 0.050279
0 0.347848 0.260278 0.015972 0.035465
0 0.325330 0.187777 0.012306 0.035016
0 0.314333 0.242994 0.010735 0.037709
0 0.283044 0.232220 0.007331 0.040403
0 0.293255 0.267460 0.016234 0.034567
0 0.285531 0.306292 0.015972 0.038607
0 0.274141 0.269256 0.012568 0.034567
0 0.482955 0.086320 0.008117 0.017957
0 0.518433 0.099339 0.011521 0.040403
0 0.525110 0.115051 0.011259 0.040403
0 0.532834 0.133906 0.012568 0.046688
0 0.513589 0.086994 0.006546 0.026486
0 0.621203 0.014268 0.022780 0.014814
0 0.626309 0.023696 0.023565 0.013917
0 0.629058 0.030878 0.023303 0.015712
0 0.632200 0.039183 0.022780 0.016161
0 0.637437 0.047937 0.023303 0.013917
0 0.640056 0.055794 0.023827 0.014366
0 0.643198 0.063650 0.024874 0.015712
0 0.648041 0.071281 0.024089 0.017508
0 0.654849 0.091932 0.026183 0.017508
0 0.659169 0.099339 0.023827 0.015263
0 0.663490 0.107869 0.024612 0.017957
0 0.665715 0.117520 0.023827 0.014814
0 0.670297 0.125825 0.027231 0.017957
0 0.676189 0.135702 0.030635 0.017957
0 0.678807 0.144007 0.028016 0.020202
0 0.683782 0.152985 0.023827 0.015712
0 0.686400 0.161290 0.025398 0.018855
0 0.690197 0.170269 0.023565 0.017059
0 0.697528 0.184859 0.027755 0.019304
0 0.701849 0.197204 0.026969 0.016161
0 0.705776 0.207080 0.023303 0.016161
0 0.708394 0.214937 0.030635 0.016610
0 0.712977 0.224364 0.025136 0.014814
0 0.717559 0.233791 0.024351 0.018406
0 0.722795 0.242545 0.023303 0.018855
0 0.731043 0.261400 0.025136 0.017059
0 0.735363 0.272623 0.025398 0.016161
0 0.742957 0.289682 0.023303 0.014366
0 0.747801 0.300232 0.023565 0.016610
0 0.750157 0.307190 0.024612 0.018855
0 0.753954 0.318862 0.024351 0.017059
0 0.756441 0.325596 0.024612 0.018855
0 0.771628 0.356572 0.025136 0.016161
0 0.778043 0.366672 0.025922 0.017508
0 0.784850 0.384629 0.025398 0.021997
0 0.787338 0.395628 0.027755 0.019753
0 0.792967 0.406178 0.031158 0.021997
0 0.796895 0.415156 0.024874 0.018406
0 0.800560 0.425706 0.025922 0.019753
0 0.804226 0.434011 0.025922 0.018406
0 0.808154 0.443887 0.025398 0.017508
0 0.812867 0.453539 0.028540 0.020650
0 0.816140 0.464762 0.029326 0.018855
0 0.617538 0.039632 0.017543 0.026935
0 0.631677 0.070832 0.017543 0.037261
0 0.652885 0.122907 0.018590 0.033669
0 0.672130 0.169371 0.021470 0.034118
0 0.711798 0.260053 0.020161 0.036812
0 0.712191 0.285417 0.021994 0.045341
0 0.733531 0.304721 0.015972 0.036363
0 0.729603 0.329187 0.018590 0.042199
0 0.745837 0.364203 0.018067 0.039505
0 0.767962 0.385752 0.020423 0.048484
0 0.763380 0.403260 0.019114 0.037709
0 0.780268 0.449050 0.021470 0.043097
0 0.788385 0.429297 0.024612 0.045790
0 0.817972 0.502696 0.020423 0.045341
0 0.800037 0.494391 0.017543 0.043097
0 0.574426 0.152470 0.022894 0.012132
0 0.580357 0.166565 0.024351 0.014630
0 0.583999 0.175129 0.024559 0.013203
0 0.588474 0.185120 0.021853 0.013203
0 0.592532 0.195826 0.024143 0.014630
0 0.594510 0.205282 0.023102 0.017128
0 0.599921 0.215273 0.023102 0.015701
0 0.603563 0.224016 0.024143 0.016058
0 0.608246 0.233829 0.024767 0.017128
0 0.611160 0.244712 0.023934 0.016771
0 0.615947 0.255596 0.022686 0.014987
0 0.619797 0.265230 0.024559 0.015701
0 0.597632 0.167814 0.016026 0.031402
0 0.613761 0.203319 0.017483 0.040322
0 0.629163 0.241322 0.017899 0.037825
0 0.611784 0.122496 0.011031 0.046389
0 0.616155 0.128740 0.010198 0.033899
0 0.619485 0.138018 0.009782 0.032472
0 0.624584 0.143371 0.009158 0.033899
0 0.627706 0.150507 0.009990 0.034613
0 0.631660 0.162105 0.009574 0.033543
0 0.634782 0.172988 0.009158 0.035327
0 0.638840 0.182087 0.009782 0.037825
0 0.618028 0.167635 0.018107 0.035327
0 0.645917 0.202784 0.012279 0.049957
0 0.651432 0.209028 0.010823 0.043891
0 0.654554 0.218485 0.009990 0.040679
0 0.658404 0.227049 0.009366 0.038538
0 0.662358 0.233650 0.008949 0.039609
0 0.666313 0.244534 0.008117 0.039966
0 0.670683 0.254168 0.010614 0.037111
0 0.674846 0.264516 0.008949 0.035684
0 0.667249 0.283429 0.018315 0.037825
0 0.652264 0.248994 0.016234 0.028190
0 0.695659 0.355688 0.008949 0.038895
0 0.699405 0.366928 0.008533 0.042820
0 0.703359 0.374422 0.010198 0.045675
0 0.707730 0.380845 0.009782 0.039252
0 0.710539 0.399400 0.012488 0.041393
0 0.715534 0.402433 0.009158 0.041036
0 0.719489 0.411890 0.009158 0.040679
0 0.723027 0.429018 0.009158 0.042820
0 0.732705 0.443648 0.009366 0.039966
0 0.737700 0.452747 0.009782 0.037468
0 0.741238 0.464880 0.010614 0.041036
0 0.745296 0.472552 0.009158 0.039252
0 0.749251 0.485398 0.009574 0.042107
0 0.754558 0.493427 0.008949 0.046745
0 0.757472 0.509484 0.007701 0.040322
0 0.762987 0.513945 0.009574 0.040679
0 0.697219 0.399400 0.019564 0.034256
0 0.725941 0.465415 0.018315 0.036397
1 0.742070 0.502526 0.008117 0.018555
0 0.693577 0.448465 0.026848 0.016058
0 0.696491 0.458635 0.025183 0.014273
0 0.699301 0.468270 0.024975 0.016414
0 0.703775 0.476655 0.024767 0.014630
0 0.708874 0.488074 0.027889 0.018199
0 0.715014 0.499136 0.030594 0.017485
0 0.718656 0.509127 0.029554 0.017485
0 0.722923 0.521260 0.025599 0.016058
0 0.717720 0.475942 0.021437 0.042463
0 0.702839 0.610469 0.019148 0.041036
0 0.717512 0.652754 0.015609 0.043534
0 0.697844 0.654181 0.018731 0.042107
0 0.494089 0.341415 0.017483 0.038181
0 0.432380 0.175843 0.019356 0.041036
1 0.463079 0.787816 0.006244 0.013203
1 0.457563 0.769439 0.005203 0.012846
1 0.449967 0.688259 0.008325 0.009635
1 0.444555 0.673629 0.007909 0.007494
1 0.442266 0.666492 0.008741 0.007494
1 0.439665 0.657928 0.008117 0.008207
1 0.437479 0.649899 0.008325 0.006423
1 0.428322 0.626705 0.007909 0.009278
1 0.424263 0.612253 0.007284 0.007494
1 0.420621 0.604938 0.008741 0.007850
1 0.418748 0.595839 0.007909 0.008207
1 0.415418 0.589237 0.007909 0.007850
1 0.412192 0.581030 0.008117 0.010705
1 0.406156 0.621531 0.005619 0.015344
1 0.404179 0.614216 0.006244 0.014273
1 0.400849 0.609220 0.005828 0.011419
1 0.398248 0.599764 0.006452 0.016058
1 0.388674 0.374600 0.006868 0.007494
1 0.391275 0.384770 0.010823 0.009278
1 0.385344 0.397973 0.009366 0.014987
1 0.338828 0.464701 0.006244 0.012132
1 0.356727 0.460955 0.007076 0.010348
1 0.358808 0.465415 0.007909 0.012846
1 0.360057 0.471660 0.008325 0.010348
1 0.346216 0.203141 0.004371 0.012846
1 0.363491 0.263267 0.004371 0.009635
1 0.478688 0.303233 0.007909 0.016771
1 0.465888 0.126421 0.012279 0.011419
1 0.514173 0.164781 0.004787 0.016058
1 0.503455 0.180660 0.012071 0.012846
1 0.505328 0.231152 0.011239 0.008207
1 0.511884 0.247924 0.011031 0.014630
1 0.509595 0.287711 0.005619 0.019269
1 0.527806 0.217236 0.006244 0.011062
1 0.517503 0.220269 0.008117 0.011419
1 0.523539 0.234185 0.009782 0.014273
1 0.528846 0.246139 0.007909 0.006066
1 0.533321 0.258629 0.007701 0.008207
1 0.539356 0.270939 0.007284 0.009991
1 0.540709 0.278790 0.006244 0.007850
1 0.542895 0.284499 0.008533 0.008564
1 0.545496 0.290744 0.007493 0.007494
1 0.548930 0.297702 0.008117 0.007137
1 0.551844 0.304839 0.006452 0.006423
1 0.554029 0.310905 0.007493 0.007137
1 0.557880 0.323038 0.008533 0.009278
1 0.564332 0.288424 0.003954 0.011419
1 0.566725 0.296096 0.006244 0.012489
1 0.569327 0.305374 0.005203 0.020340
1 0.574426 0.390479 0.007076 0.007850
1 0.613241 0.392264 0.006868 0.012846
1 0.623127 0.407072 0.004163 0.009635
1 0.609599 0.423487 0.007909 0.009635
1 0.612617 0.428482 0.006036 0.008207
1 0.615322 0.435262 0.008117 0.008921
1 0.616571 0.443826 0.007284 0.010348
1 0.583895 0.488253 0.006036 0.009991
1 0.587537 0.485576 0.006244 0.013203
1 0.592116 0.484684 0.007076 0.010705
1 0.595446 0.482008 0.006244 0.010348
1 0.603667 0.495924 0.006868 0.011776
1 0.609287 0.503061 0.007284 0.014630
1 0.616155 0.518405 0.005619 0.011776
1 0.618964 0.538923 0.006660 0.007137
1 0.640818 0.650078 0.007076 0.011776
1 0.675887 0.646866 0.004371 0.016771
1 0.671828 0.664708 0.005828 0.013917
1 0.670579 0.689508 0.005828 0.019269