0 0.160065 0.361711 0.014935 0.039523
0 0.202161 0.348256 0.013190 0.043924
0 0.197342 0.345646 0.013190 0.045664
0 0.211293 0.377828 0.014205 0.049143
0 0.206981 0.510688 0.016234 0.040010
0 0.194044 0.472200 0.015219 0.039575
0 0.226004 0.428059 0.012683 0.042620
0 0.233868 0.443715 0.013697 0.042620
0 0.241097 0.465677 0.012936 0.044794
0 0.251116 0.493510 0.015219 0.045664
0 0.252384 0.518516 0.009639 0.027833
0 0.260882 0.528302 0.013951 0.052622
0 0.210278 0.621586 0.029424 0.019135
0 0.244141 0.627457 0.018517 0.043924
0 0.250989 0.363477 0.024604 0.021310
0 0.248580 0.371087 0.026380 0.020005
0 0.253526 0.382830 0.028663 0.017396
0 0.259233 0.394354 0.023843 0.019570
0 0.260628 0.402182 0.024604 0.019570
0 0.263291 0.412402 0.025365 0.019135
0 0.266208 0.420883 0.025619 0.017831
0 0.270520 0.432190 0.029170 0.021310
0 0.276735 0.385439 0.009639 0.019135
0 0.279525 0.628110 0.012175 0.047838
0 0.283584 0.634416 0.014205 0.043054
0 0.290305 0.659422 0.012936 0.048708
0 0.297788 0.680949 0.012683 0.052622
0 0.285232 0.866431 0.024604 0.020875
0 0.320997 0.984722 0.028155 0.021745
0 0.309963 0.736398 0.013190 0.043489
0 0.316432 0.739225 0.006849 0.038706
0 0.325817 0.778148 0.013444 0.052187
0 0.333046 0.798805 0.015726 0.062190
0 0.345094 0.824247 0.013951 0.062625
0 0.389357 0.767711 0.018263 0.020005
0 0.350802 0.662684 0.023843 0.020440
0 0.341924 0.640939 0.022321 0.015221
0 0.340909 0.625065 0.021814 0.017396
0 0.335582 0.242794 0.009131 0.022614
0 0.388469 0.231052 0.016487 0.034791
0 0.348392 0.115805 0.018517 0.038271
0 0.452897 0.405662 0.019024 0.036096
0 0.347758 0.477854 0.010146 0.016091
1 0.460887 0.777713 0.007102 0.016526
1 0.499061 0.858168 0.007863 0.018266
1 0.421063 0.665511 0.006595 0.013917
1 0.436917 0.649419 0.008878 0.008698
1 0.425756 0.618325 0.007356 0.010003
1 0.420683 0.604625 0.008371 0.008698
1 0.417385 0.594840 0.007863 0.007393
1 0.415102 0.587665 0.008371 0.006089
1 0.413073 0.579184 0.010400 0.010003
1 0.396966 0.598102 0.003551 0.017396
1 0.399756 0.602233 0.004566 0.016091
1 0.404956 0.617890 0.005834 0.015221
1 0.407493 0.627892 0.006849 0.017831
1 0.412312 0.641374 0.004312 0.014351
1 0.416371 0.653333 0.009385 0.012177
1 0.308695 0.518082 0.006088 0.011307
1 0.305144 0.512210 0.007102 0.010872
1 0.320236 0.500033 0.007863 0.012612
1 0.318207 0.493075 0.008371 0.014351
1 0.359679 0.466112 0.006088 0.007393
1 0.357523 0.461110 0.006849 0.009568
1 0.416244 0.624631 0.010146 0.018266
1 0.350067 0.441329 0.004995 0.011776
1 0.353813 0.451498 0.010406 0.012846
1 0.357039 0.288068 0.009782 0.008564
1 0.351523 0.278790 0.007493 0.007850
1 0.350587 0.271832 0.006036 0.005353
1 0.347881 0.265587 0.008117 0.009278
1 0.346633 0.260234 0.006452 0.009278
1 0.345072 0.253811 0.006244 0.008564
1 0.340701 0.237575 0.007909 0.018912
1 0.331231 0.213132 0.007701 0.027120
1 0.342054 0.080211 0.010198 0.016058
1 0.364115 0.126778 0.008117 0.012846
1 0.409590 0.274151 0.012904 0.013560
1 0.476190 0.384235 0.007909 0.013203
1 0.492632 0.410819 0.006660 0.013560
1 0.487637 0.430445 0.006244 0.014987
1 0.527493 0.568897 0.006868 0.013560
1 0.529991 0.592805 0.006036 0.014273
1 0.384615 0.396367 0.006660 0.012489
1 0.381389 0.399936 0.005203 0.011776
1 0.377435 0.402790 0.005203 0.012489
1 0.375042 0.405288 0.007909 0.015344
1 0.574946 0.638807 0.008117 0.016447
1 0.593147 0.686882 0.006641 0.014760
0 0.566337 0.701642 0.013036 0.024881
0 0.624754 0.851141 0.023121 0.051449
0 0.714532 0.963317 0.019677 0.047232
0 0.687352 0.828157 0.009101 0.023194
1 0.644554 0.792944 0.008117 0.011808
1 0.629919 0.775653 0.007871 0.014338
1 0.628198 0.421202 0.007379 0.010543
1 0.603232 0.406231 0.005657 0.009278
1 0.605815 0.411713 0.007871 0.009278
1 0.608028 0.418039 0.009839 0.010121
1 0.610980 0.422889 0.012298 0.008856
1 0.612456 0.426895 0.007871 0.014338
1 0.613932 0.433853 0.006887 0.013073
1 0.616514 0.439757 0.009101 0.012230
1 0.622540 0.456415 0.007379 0.014338
1 0.592287 0.481507 0.007871 0.013917
1 0.586998 0.484248 0.007625 0.014338
1 0.461924 0.113772 0.008363 0.008013
1 0.450487 0.110398 0.006641 0.012230
1 0.490088 0.101964 0.004673 0.016447
1 0.593885 0.220676 0.009101 0.009278
1 0.535468 0.215405 0.004919 0.013073
1 0.541617 0.228900 0.006395 0.011386
1 0.546168 0.240708 0.006641 0.013917
1 0.551579 0.255679 0.005657 0.014338
1 0.556129 0.266433 0.005411 0.012230
1 0.558712 0.276975 0.007133 0.014760
1 0.561787 0.282669 0.009347 0.011808
1 0.564615 0.288151 0.009101 0.009278
1 0.568920 0.298905 0.005903 0.016447
1 0.571994 0.307550 0.007133 0.013495
1 0.559573 0.323997 0.009347 0.008434
1 0.556006 0.314930 0.008117 0.011386
1 0.548259 0.297850 0.010823 0.008434
1 0.545061 0.289205 0.008855 0.008856
1 0.541126 0.276132 0.007379 0.008856
1 0.531533 0.341920 0.005903 0.018977
0 0.646276 0.071389 0.023859 0.016869
0 0.619343 0.091210 0.017710 0.038798
0 0.691411 0.168805 0.028040 0.018555
0 0.633732 0.172390 0.009593 0.036689
0 0.638897 0.177240 0.008609 0.037111
0 0.611964 0.251672 0.022629 0.014760
0 0.646891 0.194530 0.008855 0.045545
0 0.672840 0.261583 0.012052 0.043858
0 0.698913 0.361951 0.006641 0.016869
0 0.695223 0.353938 0.011068 0.048076
0 0.707522 0.381772 0.008609 0.041328
0 0.733963 0.269806 0.029516 0.023194
0 0.695469 0.449035 0.026810 0.018134
0 0.703832 0.477079 0.026810 0.019399
0 0.714409 0.496900 0.028778 0.019399
0 0.717483 0.508919 0.030500 0.020664
0 0.731626 0.439547 0.010577 0.044702
0 0.736177 0.450511 0.006887 0.049762
0 0.748967 0.480031 0.008855 0.042172
0 0.762372 0.511660 0.007625 0.044702
0 0.777745 0.409816 0.018693 0.038376
0 0.811442 0.453463 0.026564 0.019399
0 0.785370 0.386200 0.027056 0.018977
0 0.671488 0.529583 0.011314 0.024881
0 0.657099 0.544764 0.012544 0.018977