0 0.292594 0.267254 0.012369 0.027833
0 0.249675 0.363381 0.025325 0.018370
0 0.259578 0.392049 0.024351 0.016700
0 0.266883 0.413202 0.021429 0.015587
0 0.269643 0.432129 0.026299 0.021153
0 0.133929 0.385091 0.023701 0.016143
0 0.182305 0.433242 0.015260 0.035626
0 0.194318 0.470539 0.015909 0.037853
0 0.175000 0.503939 0.025974 0.017813
0 0.191071 0.556543 0.024351 0.016143
0 0.201461 0.587716 0.025649 0.018370
0 0.240747 0.615828 0.017208 0.038966
0 0.349675 0.472209 0.009091 0.020040
0 0.221104 0.403461 0.012338 0.040636
0 0.228084 0.420439 0.012662 0.050100
0 0.242857 0.478054 0.012338 0.048430
0 0.250487 0.496702 0.014610 0.048986
0 0.259416 0.530102 0.016234 0.048986
0 0.275487 0.515628 0.012662 0.047873
0 0.248052 0.741077 0.026623 0.023380
0 0.304383 0.706286 0.012013 0.057336
0 0.382468 0.763901 0.027922 0.020040
0 0.275974 0.832927 0.029870 0.021153
0 0.279870 0.842669 0.025974 0.020597
0 0.294318 0.889150 0.028247 0.022267
0 0.305032 0.924776 0.026948 0.021153
0 0.320455 0.771416 0.012987 0.031730
0 0.331494 0.803424 0.016234 0.052326
0 0.340097 0.817897 0.017208 0.052326
0 0.315747 0.962073 0.028247 0.022267
0 0.321266 0.985453 0.032143 0.024493
0 0.490747 0.585768 0.019805 0.047873
0 0.525325 0.111212 0.011039 0.031730
0 0.433766 0.179682 0.016883 0.038410
0 0.486851 0.317178 0.016558 0.046203
0 0.572403 0.149344 0.026623 0.018927
0 0.585877 0.174950 0.025649 0.013360
0 0.593831 0.203062 0.024026 0.013917
0 0.598377 0.212803 0.023377 0.016700
0 0.608766 0.233400 0.022727 0.015587
0 0.614935 0.250100 0.024026 0.018927
0 0.623181 0.013813 0.024910 0.013917
0 0.629758 0.030129 0.026310 0.018715
0 0.655508 0.090114 0.023511 0.014876
0 0.633677 0.084835 0.016234 0.034072
0 0.672582 0.125865 0.027989 0.015356
0 0.688955 0.167135 0.024910 0.018236
0 0.698752 0.188250 0.028829 0.019195
0 0.707428 0.206246 0.031628 0.018715
0 0.589454 0.110269 0.011196 0.021595
0 0.611425 0.133303 0.009236 0.020635
0 0.613804 0.108829 0.007277 0.022554
0 0.623321 0.144101 0.010076 0.037431
0 0.634516 0.169055 0.009516 0.038391
0 0.638715 0.178652 0.009516 0.034552
0 0.646692 0.198327 0.009796 0.039350
0 0.650330 0.205286 0.009796 0.041750
0 0.654109 0.215123 0.011755 0.039350
0 0.658587 0.228320 0.011196 0.036951
0 0.662925 0.236238 0.009796 0.036471
0 0.669503 0.253034 0.009516 0.038391
0 0.673421 0.261912 0.008957 0.038870
0 0.734298 0.269110 0.023791 0.017756
0 0.758649 0.326696 0.024910 0.016796
0 0.763827 0.336294 0.025750 0.016796
0 0.766206 0.345172 0.029389 0.020155
0 0.775022 0.363887 0.026870 0.021115
0 0.777961 0.440668 0.020432 0.037431
0 0.802872 0.497054 0.020432 0.038870
0 0.694693 0.351890 0.008957 0.042230
0 0.703370 0.369886 0.009516 0.037911
0 0.707988 0.373965 0.007557 0.026873
0 0.711067 0.391480 0.009236 0.040790
0 0.715545 0.399878 0.009236 0.037431
0 0.719604 0.412595 0.008957 0.041750
0 0.724222 0.423153 0.009796 0.043669
0 0.734438 0.437789 0.011196 0.042230
0 0.740736 0.463943 0.009796 0.039830
0 0.745774 0.471381 0.008677 0.039350
0 0.749272 0.486257 0.011755 0.047029
0 0.754170 0.496335 0.008117 0.044149
0 0.761867 0.515530 0.008397 0.043189
0 0.694833 0.446427 0.026030 0.016316
0 0.702670 0.466822 0.026590 0.015836
0 0.705609 0.475940 0.020712 0.014876
0 0.709807 0.486737 0.025750 0.017276
0 0.715965 0.497534 0.025750 0.020635
0 0.719184 0.508092 0.025470 0.019675
0 0.719744 0.517689 0.024910 0.018715
0 0.703090 0.610787 0.017913 0.042710
0 0.669083 0.690687 0.011476 0.038391
0 0.716945 0.649657 0.012035 0.026394
1 0.503107 0.837771 0.016514 0.017756
1 0.460143 0.778266 0.007277 0.015836
1 0.449507 0.713242 0.007837 0.013437
1 0.445869 0.679650 0.012875 0.009598
1 0.442230 0.664294 0.008397 0.010557
1 0.419699 0.552241 0.013715 0.017756
1 0.434813 0.647498 0.012595 0.013437
1 0.431734 0.632381 0.008677 0.010078
1 0.426416 0.617265 0.008677 0.010557
1 0.421658 0.603348 0.009796 0.012477
1 0.418159 0.596390 0.012315 0.011037
1 0.412562 0.579354 0.007837 0.012477
1 0.406124 0.622544 0.006717 0.014396
1 0.400246 0.605988 0.007277 0.018715
1 0.398567 0.596390 0.006158 0.020635
1 0.361761 0.474020 0.008117 0.009118
1 0.358682 0.464422 0.005878 0.011997
1 0.356163 0.459624 0.005318 0.014876
1 0.354624 0.451945 0.006717 0.019675
1 0.374496 0.403237 0.007277 0.013437
1 0.372257 0.384522 0.005038 0.017276
1 0.309421 0.267191 0.004758 0.012957
1 0.314319 0.241997 0.008397 0.010557
1 0.500168 0.126585 0.006717 0.013917
1 0.518501 0.216083 0.009236 0.007678
1 0.509824 0.287586 0.005878 0.017276
1 0.548869 0.296224 0.006717 0.005759
1 0.567482 0.295744 0.007557 0.015356
1 0.571680 0.306061 0.004198 0.015836
1 0.623461 0.266471 0.007557 0.010557
1 0.613524 0.261192 0.010636 0.008638
1 0.582876 0.484577 0.007557 0.015836
1 0.587634 0.484817 0.008117 0.013437
1 0.592532 0.482418 0.008397 0.013437
1 0.596731 0.480019 0.008397 0.016316
1 0.610446 0.504973 0.008957 0.013437
1 0.624020 0.406117 0.006438 0.011517
1 0.611145 0.427951 0.008117 0.012957
1 0.616183 0.440428 0.005878 0.013917
1 0.613105 0.391480 0.007557 0.013917
1 0.609746 0.394839 0.008677 0.015836
1 0.657607 0.625423 0.009796 0.015356
1 0.645572 0.593031 0.009236 0.015836