1 0.022196 0.648387 0.021620 0.020758
1 0.202937 0.681748 0.021620 0.025206
1 0.340439 0.640232 0.023349 0.019275
1 0.445511 0.715480 0.021620 0.022982
1 0.499993 0.672110 0.017296 0.017792
1 0.553394 0.675447 0.016863 0.017051
0 0.574365 0.646904 0.034592 0.019275
0 0.637278 0.658025 0.043672 0.028171
1 0.592309 0.678783 0.018593 0.019275
0 0.786671 0.670257 0.034592 0.021499
0 0.931811 0.668527 0.041510 0.032372
0 0.909111 0.731419 0.022052 0.020758
1 0.292731 0.974459 0.012107 0.020017
1 0.262248 0.971122 0.015999 0.017792
0 0.177066 0.955925 0.016863 0.030395
1 0.285813 0.930348 0.018161 0.019275
1 0.265274 0.924417 0.011675 0.022241
1 0.257491 0.923305 0.015999 0.015568
1 0.232629 0.921081 0.010377 0.018534
1 0.215765 0.918486 0.017296 0.022241
1 0.184849 0.912185 0.010810 0.022982
1 0.284732 0.894022 0.014269 0.026689
1 0.173607 0.881789 0.013404 0.024465
1 0.156311 0.874376 0.015999 0.027430
1 0.162148 0.909961 0.013837 0.025947
1 0.154365 0.907366 0.015566 0.017792
1 0.145933 0.905142 0.015999 0.023723
1 0.139231 0.904030 0.016431 0.020017
1 0.131880 0.900694 0.017296 0.020758
1 0.123665 0.900694 0.014701 0.019275
1 0.113720 0.903289 0.014701 0.017051
1 0.102478 0.868074 0.013837 0.019275
1 0.111558 0.867704 0.018161 0.017051
1 0.163013 0.833972 0.015566 0.031137
1 0.182255 0.807284 0.017728 0.025206
1 0.194578 0.787267 0.014701 0.023723
1 0.103559 0.819516 0.015134 0.021499
0 0.096424 0.780966 0.041510 0.054119
0 0.126692 0.789491 0.032862 0.048929
1 0.212666 0.797275 0.013404 0.020017
0 0.220449 0.805801 0.034159 0.060791
0 0.264770 0.818404 0.034592 0.050412
0 0.307145 0.822481 0.038051 0.054119
0 0.333737 0.820257 0.035024 0.054119
0 0.393624 0.830266 0.036321 0.050412
0 0.741630 0.405841 0.015134 0.014086
0 0.648232 0.351352 0.016863 0.026689
1 0.713524 0.354688 0.017728 0.024465
1 0.846269 0.376558 0.012539 0.026689
1 0.870916 0.373593 0.015134 0.031137
1 0.854917 0.450693 0.014269 0.029654
1 0.866376 0.415850 0.009513 0.019275
0 0.700336 0.477011 0.044969 0.052636
0 0.606506 0.420298 0.015566 0.022241
0 0.622072 0.419186 0.016431 0.022982
0 0.581427 0.454029 0.042375 0.020017
0 0.547628 0.528412 0.033294 0.060050
0 0.584598 0.530265 0.029403 0.056343
0 0.610326 0.529524 0.028106 0.045964
0 0.700480 0.538791 0.018161 0.037809
0 0.732045 0.527300 0.032862 0.053377
0 0.766420 0.530265 0.034159 0.053377
0 0.790418 0.527670 0.039780 0.054119
0 0.813984 0.528782 0.036754 0.053377
1 0.841225 0.509507 0.014269 0.017792
0 0.849872 0.531006 0.035889 0.057825
0 0.871276 0.523593 0.038051 0.054860
0 0.894193 0.522852 0.038051 0.053377
1 0.803822 0.151928 0.013837 0.025206
1 0.746962 0.152670 0.010810 0.023723