1 0.604921 0.379276 0.012107 0.022241
1 0.645133 0.378535 0.011242 0.023723
1 0.648593 0.399664 0.016431 0.014086
1 0.714749 0.397439 0.017296 0.015568
1 0.620487 0.421904 0.010377 0.017051
1 0.683400 0.419680 0.014269 0.018534
1 0.698318 0.419680 0.012107 0.018534
1 0.741990 0.421163 0.010377 0.020017
1 0.752367 0.419309 0.012972 0.016310
1 0.788040 0.379276 0.011675 0.025206
1 0.799498 0.400405 0.017296 0.014086
1 0.800579 0.380018 0.009080 0.022241
1 0.866952 0.471575 0.017296 0.014086
1 0.974835 0.466756 0.015134 0.019275
1 0.849440 0.450075 0.010810 0.018534
1 0.909111 0.500487 0.014269 0.021499
1 0.900895 0.493445 0.014269 0.019275
1 0.888139 0.513832 0.011242 0.015568
1 0.882951 0.523469 0.011242 0.017051
1 0.877113 0.535331 0.011675 0.015568
0 0.879275 0.533107 0.034159 0.060050
1 0.887707 0.499005 0.010377 0.015568
1 0.868898 0.496410 0.010810 0.019275
1 0.877330 0.499746 0.012107 0.022982
1 0.841873 0.451558 0.012107 0.021499
1 0.835387 0.453412 0.014701 0.017792
1 0.826523 0.452300 0.012539 0.021499
1 0.818308 0.451188 0.012539 0.023723
1 0.810957 0.450446 0.015134 0.023723
1 0.803390 0.450446 0.012107 0.022241
1 0.796688 0.450075 0.015134 0.025947
1 0.786743 0.452300 0.012539 0.022982
1 0.770960 0.451188 0.019025 0.020758
1 0.746962 0.453782 0.012539 0.021499
1 0.791932 0.551641 0.015999 0.020017
1 0.732045 0.453041 0.012107 0.020017
1 0.718641 0.477876 0.016431 0.017792
1 0.718208 0.453782 0.012972 0.021499
1 0.688373 0.453412 0.012972 0.022241
1 0.672807 0.452670 0.019025 0.025206
0 0.640377 0.454153 0.043240 0.020758
1 0.773555 0.417827 0.012107 0.022241
1 0.780473 0.419309 0.013837 0.019275
1 0.789986 0.418939 0.012107 0.018534
1 0.796039 0.420421 0.010377 0.017051
1 0.802958 0.419309 0.012107 0.017792
1 0.820253 0.417085 0.012972 0.023723
1 0.834090 0.416715 0.013837 0.020017
1 0.841873 0.416715 0.012107 0.018534
1 0.858737 0.416344 0.011242 0.019275
1 0.866087 0.417456 0.012107 0.015568
1 0.874303 0.415603 0.009513 0.020758
0 0.895274 0.380018 0.018593 0.029654
1 0.882951 0.377052 0.011242 0.022241
1 0.874519 0.378164 0.010810 0.021499
1 0.868249 0.376682 0.011242 0.021499
1 0.861115 0.377423 0.009080 0.018534
1 0.856142 0.377794 0.012972 0.020758
1 0.848359 0.380388 0.012972 0.021499
1 0.841225 0.376311 0.009945 0.019275
1 0.834739 0.375940 0.011675 0.020017
1 0.828253 0.377052 0.011675 0.020758
1 0.822848 0.377052 0.013837 0.023723
1 0.815929 0.378164 0.010377 0.027430
1 0.806849 0.379276 0.009513 0.025206
1 0.920137 0.672481 0.014701 0.018534
1 0.908894 0.717333 0.019890 0.016310
1 0.868898 0.732531 0.018593 0.018534
1 0.589787 0.781831 0.019890 0.014827
1 0.538980 0.807407 0.017728 0.031878
1 0.692048 0.732160 0.019458 0.022241
1 0.559519 0.677671 0.016431 0.020017
1 0.635405 0.665809 0.012539 0.015568
1 0.527522 0.659507 0.028538 0.019275
1 0.461149 0.714738 0.015999 0.017051
1 0.402992 0.646163 0.016431 0.023723
1 0.266139 0.676929 0.013404 0.017051
1 0.153068 0.675817 0.021620 0.022241
1 0.166904 0.596863 0.016431 0.020017
0 0.227007 0.685455 0.024214 0.032619
1 0.054194 0.735743 0.017296 0.021499
1 0.037114 0.809508 0.015999 0.020758
1 0.033006 0.854730 0.013837 0.019275
1 0.003747 0.831007 0.007494 0.013344
1 0.162508 0.850282 0.019458 0.016310
1 0.240988 0.859549 0.012972 0.021499
1 0.215909 0.869557 0.016431 0.019275
1 0.101108 0.864368 0.013404 0.020758
1 0.110837 0.868445 0.013837 0.024465
1 0.117756 0.868074 0.013837 0.016310
1 0.126620 0.873635 0.012539 0.022982
1 0.134619 0.872893 0.012972 0.020017
1 0.147591 0.873635 0.012972 0.015568
1 0.164670 0.875488 0.012539 0.017792
1 0.172886 0.878453 0.012539 0.019275
1 0.180453 0.880677 0.012972 0.019275
1 0.197749 0.782819 0.017296 0.017792
1 0.308226 0.796163 0.017728 0.016310
1 0.218936 0.889203 0.013837 0.017051
1 0.225854 0.888091 0.011242 0.017792
1 0.323576 0.902918 0.012972 0.023723
1 0.333305 0.901065 0.013404 0.024465
1 0.355140 0.902547 0.012972 0.020017
1 0.366599 0.940727 0.011675 0.019275
1 0.352330 0.937762 0.011675 0.022241
1 0.342601 0.939244 0.013837 0.019275
1 0.326602 0.932572 0.009513 0.028171
1 0.320981 0.933313 0.013837 0.023723
1 0.256554 0.891798 0.011242 0.026689
1 0.264770 0.894392 0.008648 0.024465
1 0.271904 0.968898 0.008216 0.025206
1 0.264770 0.970381 0.008648 0.022241
1 0.256771 0.967416 0.012539 0.025206
1 0.247690 0.969640 0.009080 0.022241
1 0.239259 0.967416 0.011242 0.017792
1 0.232773 0.966674 0.012107 0.026689
0 0.306928 0.928124 0.012539 0.026689
0 0.295470 0.930348 0.024214 0.022241
0 0.274499 0.932572 0.015999 0.026689
1 0.268013 0.927753 0.015134 0.018534
0 0.282930 0.896246 0.017296 0.028171
0 0.308442 0.895505 0.019890 0.032619
0 0.391245 0.910332 0.030700 0.034102
1 0.370707 0.909590 0.011242 0.019275
0 0.347574 0.985579 0.047131 0.027430
0 0.294173 0.976312 0.038051 0.028171
0 0.193209 0.913297 0.037618 0.020758
1 0.201640 0.925529 0.017296 0.014086
1 0.184128 0.922564 0.016863 0.015568
1 0.222828 0.964080 0.011242 0.022982
1 0.214180 0.961114 0.007783 0.020017
1 0.207045 0.962968 0.009945 0.019275
1 0.197749 0.958890 0.008648 0.020017
1 0.190830 0.958519 0.008648 0.022241
1 0.183912 0.953701 0.011242 0.024465
1 0.175480 0.953330 0.011675 0.023723
1 0.167481 0.955925 0.013837 0.025947
1 0.255690 0.922935 0.014701 0.025206
1 0.247258 0.920710 0.015134 0.017792
1 0.239907 0.921452 0.014269 0.023723
1 0.232773 0.919969 0.012107 0.025206
1 0.225422 0.921823 0.012107 0.024465
1 0.217639 0.917745 0.011242 0.023723
1 0.115594 0.944804 0.014701 0.024465
1 0.112351 0.902918 0.011675 0.026689
1 0.120782 0.905513 0.012972 0.022982
1 0.129863 0.904401 0.012972 0.022241
1 0.144348 0.907366 0.011675 0.020758
1 0.151482 0.912185 0.014701 0.024465
1 0.160130 0.909590 0.013837 0.019275
1 0.167481 0.906625 0.012972 0.022241
0 0.066733 0.658272 0.017296 0.023723
0 0.013476 0.723140 0.026952 0.020017
0 0.081002 0.825817 0.040645 0.032619
0 0.082083 0.785043 0.044537 0.057825
0 0.097433 0.785043 0.037186 0.050412
0 0.124025 0.824705 0.045401 0.021499
0 0.127052 0.786155 0.035889 0.049671
0 0.149753 0.790974 0.038916 0.054860
0 0.162292 0.792457 0.037186 0.048929
0 0.171589 0.797275 0.033294 0.049671
0 0.189966 0.837679 0.031997 0.023723
0 0.207045 0.807284 0.038483 0.054860
0 0.217855 0.808396 0.035889 0.049671
0 0.232124 0.808766 0.035889 0.048929
0 0.245096 0.809508 0.035024 0.053377
0 0.263689 0.822111 0.035024 0.051895
0 0.282498 0.813956 0.033727 0.053377
0 0.304983 0.823593 0.042375 0.069687
0 0.330710 0.823223 0.037618 0.054119
0 0.358600 0.823223 0.036321 0.054119
0 0.373085 0.826188 0.041078 0.057084
0 0.393840 0.831378 0.036754 0.051153
0 0.404866 0.831378 0.041510 0.058567
0 0.413730 0.841015 0.035024 0.051153
0 0.432972 0.833231 0.039780 0.053377
1 0.974186 0.746863 0.017296 0.017051
1 0.991849 0.714615 0.016301 0.017792
1 0.982834 0.684219 0.017296 0.019275
1 0.745017 0.154894 0.005189 0.019275
1 0.749773 0.152670 0.009513 0.020758
1 0.756259 0.154152 0.010377 0.020758
1 0.797553 0.154523 0.009080 0.027430
1 0.809227 0.151928 0.009945 0.023723
0 0.716046 0.358766 0.026808 0.048929
0 0.861547 0.531501 0.033294 0.051895
0 0.854845 0.526682 0.034592 0.048188
0 0.821767 0.543733 0.011675 0.020017
0 0.821118 0.521492 0.029403 0.045222
0 0.794742 0.522604 0.040645 0.051895
0 0.759718 0.525570 0.038051 0.057825
0 0.731829 0.528906 0.033294 0.048188
0 0.704372 0.532983 0.025944 0.037068
0 0.690967 0.534095 0.035456 0.052636
0 0.672590 0.524458 0.030700 0.046705
0 0.755394 0.493692 0.040645 0.023723
0 0.797769 0.488502 0.043240 0.022241
1 0.552601 0.541138 0.012972 0.023723
1 0.562546 0.524087 0.013837 0.022241
0 0.548061 0.530759 0.030700 0.053377
0 0.559519 0.528165 0.037186 0.061532
0 0.582869 0.526311 0.042375 0.059308
0 0.608164 0.528165 0.035024 0.055601
0 0.622649 0.527053 0.035456 0.053377
0 0.633026 0.527794 0.036321 0.059308
1 0.330782 0.591674 0.013837 0.014086
1 0.062841 0.607613 0.016431 0.020758
1 0.018737 0.584260 0.018161 0.022982