0 0.330711 0.082887 0.008325 0.035684
0 0.330399 0.117322 0.006868 0.034613
0 0.329878 0.161391 0.008741 0.036397
0 0.268898 0.246139 0.033716 0.021767
0 0.255890 0.283786 0.031011 0.016414
0 0.248189 0.295204 0.030178 0.017128
0 0.245067 0.305017 0.030594 0.016058
0 0.236638 0.314830 0.032051 0.017128
0 0.229354 0.326963 0.030803 0.015701
0 0.219156 0.310013 0.024143 0.032472
0 0.207189 0.295026 0.026016 0.037468
0 0.272852 0.318042 0.025808 0.036397
0 0.220092 0.341950 0.032259 0.016414
0 0.209582 0.351763 0.030386 0.014630
0 0.201986 0.363003 0.035173 0.017128
0 0.194909 0.373887 0.035173 0.018912
0 0.187313 0.386019 0.032468 0.018199
0 0.183150 0.399757 0.032468 0.017842
0 0.177947 0.410641 0.031219 0.018199
0 0.167229 0.422416 0.033092 0.018199
0 0.156614 0.434906 0.033924 0.018912
0 0.150995 0.445611 0.032676 0.019626
0 0.144855 0.461133 0.032468 0.020696
0 0.137259 0.473087 0.033508 0.021767
0 0.126852 0.484506 0.032676 0.018199
0 0.119048 0.497173 0.032051 0.017842
0 0.113012 0.510198 0.034133 0.018199
0 0.185127 0.330353 0.024767 0.039609
0 0.158279 0.371746 0.027681 0.043177
0 0.130911 0.414209 0.026640 0.043891
0 0.093656 0.473801 0.026640 0.042463
0 0.181693 0.364252 0.025391 0.036040
0 0.155261 0.410641 0.026224 0.041036
0 0.129558 0.448287 0.027264 0.042820
0 0.104791 0.489323 0.024351 0.037825
0 0.268377 0.351228 0.024767 0.035684
0 0.247253 0.360148 0.024975 0.037111
0 0.224983 0.397081 0.027056 0.037468
0 0.238407 0.399936 0.024767 0.040322
0 0.247877 0.417956 0.022061 0.039966
0 0.282426 0.367999 0.025808 0.039252
0 0.205524 0.453818 0.027264 0.040322
0 0.194493 0.445611 0.028513 0.038181
0 0.169518 0.485398 0.027264 0.041393
0 0.192412 0.518048 0.028097 0.045318
0 0.174825 0.504667 0.027056 0.042820
0 0.123314 0.529110 0.027681 0.042463
0 0.127373 0.553732 0.026640 0.042463
0 0.147353 0.548915 0.025808 0.042820
0 0.165980 0.531786 0.028097 0.047816
0 0.164939 0.563188 0.027264 0.046389
0 0.076486 0.588702 0.030178 0.036040
1 0.074509 0.504489 0.014569 0.022481
1 0.151099 0.515550 0.015401 0.026049
1 0.112492 0.442221 0.018523 0.022124
1 0.236534 0.262197 0.008949 0.010348
1 0.225296 0.273794 0.015193 0.016414
1 0.290543 0.238467 0.008325 0.009278
1 0.265464 0.397973 0.013944 0.019269
1 0.350795 0.091273 0.008117 0.006066
1 0.350275 0.058622 0.007493 0.007137
1 0.341325 0.054697 0.006660 0.009991
1 0.351732 0.069149 0.008325 0.006780
1 0.350899 0.075393 0.009158 0.008564
1 0.378996 0.073609 0.007909 0.007137
1 0.378372 0.079319 0.008741 0.009278
1 0.398248 0.017408 0.003954 0.012489
1 0.437167 0.025793 0.005203 0.013560
1 0.462662 0.064153 0.005828 0.013917
1 0.464119 0.299486 0.005411 0.014987
1 0.422182 0.580495 0.006452 0.016771
1 0.449759 0.582814 0.007493 0.022124
1 0.520833 0.589059 0.013944 0.010348
1 0.555278 0.594768 0.009990 0.010348
1 0.588370 0.598336 0.012071 0.010348
1 0.589202 0.609398 0.013320 0.008921
1 0.587225 0.635626 0.011447 0.010705
1 0.588786 0.643476 0.012071 0.008564
1 0.552052 0.633663 0.010614 0.010348
1 0.554862 0.601548 0.009990 0.009635
1 0.555070 0.610647 0.011239 0.010705
1 0.554029 0.617070 0.010406 0.012132
1 0.553613 0.625634 0.012071 0.012132
1 0.521874 0.616357 0.009782 0.010705
1 0.523123 0.596195 0.011031 0.008921
1 0.396166 0.782107 0.008117 0.023194
1 0.582230 0.752311 0.012696 0.012132
1 0.584416 0.736075 0.013320 0.011062
1 0.571512 0.780858 0.008741 0.029261
1 0.422910 0.897008 0.009574 0.018912
0 0.391588 0.865606 0.015193 0.043177
0 0.508970 0.866320 0.035173 0.054596
0 0.540293 0.822072 0.030803 0.044604
0 0.702319 0.581565 0.032259 0.017485
0 0.720634 0.597801 0.038087 0.019269
0 0.722819 0.609934 0.030803 0.017842
0 0.742695 0.577105 0.026016 0.041393
0 0.770271 0.625277 0.024559 0.045675
0 0.793790 0.673986 0.022478 0.041036
0 0.738220 0.635804 0.033300 0.017485
0 0.743111 0.657928 0.033508 0.022481
0 0.685252 0.633306 0.025599 0.042463
0 0.710019 0.679338 0.023934 0.046745
0 0.733329 0.731971 0.023934 0.052812
0 0.768710 0.701105 0.033508 0.023908
0 0.775579 0.718768 0.035173 0.024979
0 0.779845 0.739465 0.039960 0.035684
0 0.699613 0.707528 0.023934 0.054596
0 0.682963 0.724121 0.027264 0.054953
0 0.798056 0.786924 0.034341 0.032115
0 0.807005 0.808870 0.037254 0.034613
0 0.816371 0.848657 0.033092 0.038538
0 0.870692 0.903253 0.018939 0.059948
0 0.832813 0.906999 0.034341 0.038895
0 0.787754 0.896116 0.021645 0.059948
0 0.742903 0.838130 0.022269 0.061019
0 0.726253 0.867391 0.021021 0.061019
0 0.741342 0.926090 0.021229 0.063517
1 0.713557 0.743033 0.014361 0.027833
1 0.762155 0.808870 0.012904 0.029617
1 0.800970 0.948392 0.013528 0.034613
1 0.772249 0.965520 0.014361 0.027476