0 0.415314 0.161748 0.008949 0.039966
0 0.413129 0.039710 0.007493 0.037825
0 0.436334 0.024723 0.008949 0.032115
0 0.486076 0.500207 0.009782 0.050314
0 0.477023 0.651505 0.010823 0.053882
0 0.526036 0.809762 0.030178 0.045675
0 0.118423 0.508414 0.032051 0.019626
0 0.123418 0.494676 0.027473 0.016414
0 0.203963 0.503953 0.027056 0.043534
0 0.192828 0.453996 0.026848 0.042107
0 0.706689 0.583706 0.031843 0.023194
0 0.747378 0.586739 0.025808 0.043534
0 0.775266 0.639908 0.024559 0.044961
0 0.764964 0.711810 0.033092 0.024622
0 0.803675 0.701462 0.025183 0.056023
0 0.686501 0.676662 0.022686 0.044961
0 0.731352 0.802090 0.023310 0.063160
0 0.811272 0.831350 0.034965 0.039609
0 0.741654 0.939471 0.022269 0.069583
0 0.823239 0.895581 0.023102 0.029617
0 0.790355 0.910746 0.022269 0.068512
1 0.732080 0.891299 0.007284 0.016771
1 0.349858 0.080568 0.006660 0.006066
1 0.386801 0.066294 0.005619 0.008921
1 0.377227 0.082173 0.007701 0.004282
1 0.349026 0.064867 0.008325 0.006066
1 0.349026 0.057373 0.009158 0.006066
1 0.348818 0.052734 0.009574 0.006066
1 0.277223 0.372459 0.007076 0.011776
1 0.262030 0.335705 0.012071 0.017485
1 0.269938 0.319469 0.008741 0.015701
1 0.264319 0.394583 0.012488 0.011776
1 0.227481 0.456494 0.010406 0.014987
1 0.169830 0.555338 0.013320 0.022837
0 0.178884 0.401185 0.020604 0.018555
0 0.116238 0.561225 0.027264 0.053882
1 0.520417 0.588167 0.009782 0.011419
1 0.520729 0.602618 0.011655 0.010348
1 0.586601 0.593341 0.010198 0.011776
1 0.585040 0.609398 0.009574 0.012489
1 0.586081 0.625991 0.011239 0.012132
1 0.452672 0.549807 0.008741 0.023194
1 0.411464 0.725905 0.008741 0.024265
1 0.576195 0.760518 0.015193 0.017842
1 0.554341 0.783713 0.012279 0.020696
1 0.586393 0.649007 0.013112 0.016771
0 0.497211 0.880415 0.026224 0.040679