0 0.411359 0.051842 0.008117 0.034256
0 0.204691 0.299665 0.025599 0.036040
0 0.153388 0.378169 0.027473 0.041750
0 0.106872 0.451855 0.027681 0.044248
0 0.190955 0.353190 0.026016 0.036040
0 0.201986 0.361219 0.032676 0.016414
0 0.273060 0.344269 0.026224 0.037468
0 0.196054 0.471481 0.030803 0.043534
0 0.076798 0.586739 0.031219 0.031402
0 0.148914 0.550164 0.027264 0.048173
1 0.065664 0.643655 0.013112 0.012489
1 0.095113 0.612075 0.009990 0.016414
1 0.148393 0.524115 0.011239 0.016771
1 0.378996 0.083065 0.009990 0.008207
1 0.350587 0.058801 0.009782 0.006780
1 0.555174 0.585847 0.008117 0.008921
1 0.554133 0.601548 0.009782 0.008921
1 0.520833 0.610647 0.011031 0.009278
1 0.521041 0.601369 0.014777 0.007850
1 0.520417 0.625099 0.007701 0.013917
1 0.559649 0.675056 0.006660 0.017485
1 0.685148 0.665243 0.010823 0.018555
1 0.692120 0.679338 0.005619 0.017485
1 0.742174 0.933227 0.010823 0.022837
0 0.751124 0.973192 0.014153 0.032115
0 0.832085 0.906821 0.035381 0.041393
0 0.824072 0.866855 0.042666 0.045675
0 0.868819 0.894153 0.020188 0.064587
0 0.850608 0.823321 0.021645 0.059235
0 0.804716 0.804766 0.034341 0.031402
0 0.827610 0.752846 0.022686 0.055310
0 0.792020 0.771223 0.033508 0.029261
0 0.788378 0.755344 0.033716 0.031045
0 0.780886 0.737859 0.032468 0.029617
0 0.774018 0.713416 0.039544 0.027833
0 0.799721 0.686296 0.025599 0.050671
0 0.764236 0.927696 0.019564 0.065301
0 0.748210 0.855258 0.020813 0.062446
0 0.706585 0.723229 0.024143 0.055310
0 0.671100 0.685226 0.025599 0.059235
0 0.700133 0.658820 0.027056 0.050671
0 0.701382 0.579959 0.032468 0.022124
0 0.745088 0.655609 0.033716 0.027120
0 0.773393 0.629381 0.027056 0.049600
0 0.475358 0.623672 0.011655 0.056023
0 0.480977 0.784426 0.010823 0.055666
0 0.483891 0.902004 0.027056 0.045318
0 0.509178 0.863465 0.024767 0.043891
0 0.530511 0.775684 0.025391 0.049600
0 0.539877 0.822608 0.027473 0.046389
1 0.415730 0.640265 0.006452 0.014987
1 0.383263 0.858648 0.007284 0.023551
1 0.408758 0.781215 0.007493 0.029974