0 0.412712 0.173702 0.012904 0.041750
0 0.479104 0.312511 0.012904 0.049600
0 0.466513 0.742141 0.013528 0.061019
0 0.506473 0.867391 0.029346 0.047459
0 0.431548 0.806729 0.014361 0.059592
0 0.109682 0.506451 0.039128 0.022837
0 0.204483 0.297167 0.028929 0.043177
0 0.229458 0.386197 0.024767 0.040679
0 0.256202 0.282893 0.034965 0.020340
0 0.274413 0.310013 0.026848 0.041036
0 0.174929 0.345518 0.027264 0.045675
0 0.707001 0.582992 0.032051 0.020340
0 0.747169 0.587453 0.025808 0.042107
0 0.776099 0.640086 0.025808 0.046032
0 0.804612 0.702354 0.027473 0.056380
0 0.764860 0.711810 0.034549 0.027476
0 0.687021 0.678089 0.022061 0.047102
0 0.731352 0.801019 0.024975 0.063874
0 0.810856 0.831350 0.033300 0.037468
0 0.822615 0.895224 0.022269 0.030331
0 0.789003 0.904680 0.025808 0.080645
0 0.741238 0.938936 0.023518 0.070653
0 0.538732 0.763908 0.026848 0.052455
1 0.185648 0.525542 0.011239 0.019626
1 0.134912 0.683298 0.007133 0.016869
1 0.129501 0.682033 0.007625 0.020242
1 0.349858 0.055411 0.007493 0.006423
1 0.350275 0.068614 0.007076 0.007137
1 0.349234 0.075572 0.009158 0.008921
1 0.350275 0.085206 0.007909 0.009635
1 0.349130 0.091629 0.008949 0.008207
1 0.349754 0.098409 0.008949 0.006066
1 0.350691 0.122139 0.008325 0.012846
1 0.334249 0.068435 0.006244 0.015344
1 0.334457 0.015623 0.006244 0.014630
1 0.325508 0.003313 0.007493 0.006423
1 0.384615 0.006524 0.004995 0.011419
1 0.324155 0.079140 0.008533 0.008207
1 0.436855 0.077356 0.004995 0.016058
1 0.461414 0.153897 0.007493 0.016414
1 0.428009 0.494319 0.007701 0.017842
1 0.454545 0.505916 0.007076 0.020340
1 0.429674 0.555338 0.009782 0.021410
1 0.400849 0.796737 0.011239 0.023908
1 0.521250 0.587096 0.011447 0.012846
1 0.521354 0.602440 0.012488 0.010705
1 0.519585 0.610112 0.012279 0.007494
1 0.554237 0.600299 0.010823 0.009278
1 0.553717 0.609041 0.011447 0.011062
1 0.553717 0.622958 0.009782 0.010348
1 0.553301 0.631879 0.011447 0.010348
1 0.587017 0.594054 0.010614 0.010348
1 0.587017 0.602083 0.009782 0.008564
1 0.587433 0.610826 0.012279 0.011062
1 0.585872 0.645260 0.010406 0.010705
1 0.585560 0.635626 0.010614 0.009278
1 0.587329 0.625991 0.011239 0.011419
1 0.547786 0.716627 0.007076 0.019269
1 0.556839 0.710740 0.008117 0.023908
1 0.583479 0.741249 0.010614 0.012132
1 0.558192 0.689865 0.007076 0.017842
1 0.559232 0.672737 0.005411 0.017842
1 0.559441 0.655252 0.004995 0.016414