1 0.241737 0.029540 0.009782 0.020340
1 0.248397 0.050772 0.010198 0.017128
1 0.256306 0.069862 0.009366 0.019626
1 0.262342 0.085742 0.008117 0.019983
1 0.214889 0.241857 0.012279 0.031758
1 0.265047 0.171739 0.009366 0.019983
1 0.274933 0.122674 0.009990 0.018912
1 0.272644 0.131595 0.008741 0.021767
1 0.263799 0.127848 0.010198 0.022124
1 0.293665 0.360327 0.009574 0.019626
1 0.292104 0.384235 0.010614 0.018912
1 0.282842 0.373708 0.010406 0.019983
1 0.211247 0.558728 0.011239 0.011776
1 0.289086 0.674699 0.008325 0.020340
1 0.298972 0.671845 0.006868 0.018912
1 0.241946 0.770510 0.009782 0.012846
1 0.241737 0.789244 0.008117 0.013203
1 0.238303 0.825641 0.009574 0.011776
1 0.287629 0.717698 0.006660 0.018555
1 0.293873 0.717341 0.007076 0.017128
1 0.394085 0.035785 0.010614 0.022124
1 0.406677 0.008615 0.009158 0.017229
1 0.353397 0.403682 0.009158 0.022124
1 0.362034 0.399044 0.009366 0.020696
1 0.357039 0.606187 0.010614 0.011776
1 0.365052 0.619925 0.009158 0.011419
1 0.355062 0.614572 0.010823 0.014273
1 0.353605 0.623672 0.011239 0.013203
1 0.352980 0.632949 0.008325 0.012489
1 0.351732 0.641157 0.011239 0.015344
1 0.347985 0.655609 0.012071 0.015701
1 0.348193 0.664351 0.011239 0.013203
1 0.347361 0.672023 0.011239 0.013560
1 0.344551 0.688081 0.009366 0.014273
1 0.342054 0.700391 0.010198 0.016771
1 0.341013 0.710026 0.010614 0.014630
1 0.338828 0.718590 0.009990 0.017485
1 0.362034 0.632771 0.010614 0.017128
1 0.361409 0.644547 0.010614 0.017842
1 0.353813 0.683263 0.009574 0.013917
1 0.352356 0.703246 0.011655 0.013917
1 0.347257 0.733577 0.011447 0.017485
1 0.377747 0.669882 0.010406 0.014987
1 0.386905 0.682371 0.010823 0.014987
1 0.375146 0.685583 0.010614 0.014273
1 0.382742 0.705922 0.012071 0.013560
1 0.371920 0.717520 0.011239 0.013917
1 0.368486 0.726976 0.013112 0.013560
1 0.366508 0.738751 0.011655 0.013560
1 0.375978 0.755166 0.012279 0.018555
1 0.362138 0.776576 0.009990 0.016414
1 0.369006 0.797272 0.009990 0.018555
1 0.400329 0.793704 0.012696 0.015701
1 0.399392 0.806193 0.012904 0.019269
1 0.339973 0.816363 0.010198 0.017485
1 0.360889 0.881129 0.009158 0.019983
1 0.397103 0.949820 0.009990 0.020340
1 0.354437 0.856686 0.009574 0.021053
1 0.348298 0.840271 0.010198 0.023908
1 0.231227 0.250778 0.010823 0.025335
1 0.447365 0.164246 0.011447 0.023551
1 0.485244 0.192792 0.011447 0.019269
1 0.570575 0.765157 0.013528 0.014987
1 0.590867 0.560512 0.013736 0.024622
1 0.609599 0.514123 0.012488 0.022481
1 0.553093 0.462382 0.010614 0.020340
1 0.573593 0.396367 0.014153 0.031045
1 0.444764 0.202605 0.014985 0.029617
1 0.696803 0.759626 0.009574 0.019626
1 0.674638 0.777290 0.012279 0.020696
1 0.713141 0.878274 0.013944 0.026406
0 0.779117 0.938044 0.028513 0.066728
0 0.673493 0.806193 0.023726 0.055666
0 0.456939 0.106973 0.023102 0.051741
0 0.334353 0.167635 0.033924 0.022481
0 0.348714 0.194933 0.033924 0.022837
0 0.361618 0.240787 0.032676 0.023908
0 0.372648 0.276292 0.019356 0.018555
0 0.383783 0.293955 0.034965 0.024622
0 0.390547 0.313938 0.034341 0.023194
0 0.342470 0.337668 0.014777 0.059948
0 0.317703 0.262732 0.017691 0.064230
0 0.311667 0.223123 0.008533 0.029974
0 0.286380 0.262197 0.014985 0.024622
0 0.228834 0.280217 0.012696 0.042107
0 0.224567 0.266122 0.010823 0.031758
0 0.369318 0.418848 0.015609 0.057451
0 0.400537 0.350514 0.034757 0.022124
0 0.406469 0.365144 0.033300 0.023551
0 0.417707 0.388695 0.034965 0.023551
0 0.435606 0.442399 0.034549 0.022481
0 0.384615 0.446503 0.017899 0.067085
0 0.416354 0.549271 0.015609 0.062803
0 0.449446 0.478796 0.044331 0.026763
0 0.454233 0.491107 0.040584 0.026406
0 0.459853 0.505024 0.040584 0.026406
0 0.476399 0.543740 0.036214 0.025335
0 0.516983 0.673450 0.038711 0.026406
0 0.534674 0.868104 0.014985 0.065301
0 0.574217 0.815649 0.042041 0.029617