0 0.331960 0.167279 0.033716 0.023908
0 0.290335 0.197074 0.015401 0.060662
0 0.295746 0.201713 0.015401 0.054239
0 0.300845 0.213310 0.016858 0.056023
0 0.308337 0.242749 0.015193 0.055666
0 0.317079 0.262554 0.015609 0.057451
0 0.322490 0.273616 0.015609 0.056023
0 0.335186 0.312689 0.013944 0.057094
0 0.345488 0.330888 0.018731 0.062803
0 0.382534 0.290744 0.033716 0.023908
0 0.384511 0.312332 0.034757 0.023551
0 0.409070 0.364430 0.035173 0.024265
0 0.415522 0.388160 0.037671 0.026049
0 0.419997 0.401541 0.033716 0.022837
0 0.430507 0.439009 0.033508 0.022837
0 0.387737 0.468627 0.014153 0.059235
0 0.372440 0.483792 0.015609 0.056023
0 0.398560 0.482900 0.014985 0.057094
0 0.446949 0.467021 0.030178 0.018199
0 0.426969 0.563366 0.015609 0.059592
0 0.418332 0.540886 0.017066 0.066015
0 0.364219 0.240252 0.019148 0.018555
0 0.461934 0.516443 0.037254 0.029974
0 0.470363 0.538923 0.036630 0.027120
0 0.494818 0.599942 0.033092 0.024979
0 0.502935 0.624742 0.037254 0.026049
0 0.583895 0.574428 0.026016 0.058164
0 0.616987 0.543740 0.024351 0.056023
0 0.475254 0.700391 0.018107 0.073151
0 0.483787 0.726619 0.017274 0.063517
0 0.531136 0.701284 0.037046 0.029974
0 0.514069 0.814044 0.015818 0.063517
0 0.575466 0.815828 0.037463 0.029261
0 0.551011 0.364430 0.018523 0.032829
0 0.716471 0.800305 0.026432 0.055310
1 0.727398 0.946787 0.012071 0.019983
1 0.787650 0.941077 0.016442 0.033543
1 0.773601 0.941077 0.012071 0.022837
1 0.770896 0.959811 0.011655 0.028904
1 0.688686 0.823678 0.014985 0.028547
1 0.791708 0.989072 0.010406 0.021767
1 0.662879 0.655073 0.012071 0.021053
1 0.667770 0.696645 0.011447 0.019983
1 0.681402 0.703603 0.011655 0.020340
1 0.626977 0.587810 0.012696 0.021410
1 0.633845 0.539815 0.013528 0.024622
0 0.789003 0.310905 0.031219 0.055666
1 0.665897 0.022225 0.011031 0.018555
1 0.384303 0.040602 0.021021 0.036754
1 0.469114 0.132844 0.010823 0.021410
1 0.452985 0.177627 0.012279 0.021767
1 0.455690 0.202784 0.013944 0.025692
1 0.485452 0.173880 0.014361 0.020696
1 0.423223 0.317863 0.015609 0.030331
1 0.362866 0.218306 0.018523 0.017485
0 0.363074 0.386733 0.016858 0.060305
1 0.405116 0.537853 0.008949 0.024265
1 0.355374 0.624921 0.010614 0.013560
1 0.364739 0.619568 0.011447 0.015701
1 0.378788 0.671666 0.011239 0.014987
1 0.349546 0.653824 0.012696 0.017128
1 0.348298 0.665243 0.016026 0.016414
1 0.378892 0.691649 0.018107 0.017842
1 0.381389 0.716806 0.013112 0.017485
1 0.438208 0.930015 0.013944 0.020696
1 0.360265 0.878988 0.010406 0.022837
1 0.185752 0.051842 0.011863 0.025692
1 0.169726 0.110006 0.011863 0.029974
1 0.198551 0.198323 0.011655 0.028904
1 0.205211 0.199215 0.012071 0.026406
1 0.215306 0.242214 0.008949 0.026763
1 0.224255 0.266657 0.013112 0.029261
1 0.230603 0.278611 0.011655 0.028190
1 0.264839 0.172988 0.011031 0.018199
1 0.272020 0.131952 0.012488 0.018912
1 0.293457 0.403504 0.009158 0.018199
1 0.209270 0.558906 0.013112 0.013560
1 0.203755 0.753917 0.012071 0.010348
1 0.202818 0.763016 0.011447 0.009991
1 0.202090 0.770866 0.010406 0.014273
1 0.225296 0.698607 0.006868 0.019626
1 0.270355 0.682906 0.017066 0.014630
1 0.300637 0.674342 0.007701 0.026049
1 0.268794 0.727333 0.008533 0.019983
1 0.291687 0.716271 0.006868 0.022837
1 0.298243 0.713773 0.007493 0.024979
1 0.242050 0.772115 0.012071 0.011062
1 0.241217 0.782642 0.014985 0.011419
1 0.240905 0.791741 0.011447 0.013203
1 0.241009 0.800127 0.012488 0.014273
1 0.241009 0.814400 0.011655 0.014987
1 0.575362 0.518048 0.013944 0.024622