1 0.624480 0.534463 0.012279 0.031045
1 0.376915 0.737859 0.010823 0.015344
1 0.430715 0.805301 0.011031 0.017485
1 0.385032 0.680765 0.013320 0.016058
1 0.357559 0.658998 0.012071 0.013917
1 0.360057 0.641157 0.011239 0.013917
1 0.301469 0.672201 0.008117 0.023194
1 0.169310 0.113575 0.013112 0.027120
1 0.239968 0.144976 0.008741 0.017128
1 0.215618 0.239716 0.011655 0.027476
1 0.222902 0.266836 0.012904 0.028904
1 0.228209 0.274151 0.011863 0.032829
1 0.264735 0.682906 0.008325 0.016058
1 0.222694 0.700035 0.009990 0.022481
1 0.774122 0.265944 0.012696 0.020696
0 0.280657 0.150329 0.017274 0.050671
0 0.317911 0.119998 0.032259 0.032829
0 0.330191 0.164781 0.034757 0.023908
0 0.339244 0.180303 0.034549 0.022837
0 0.342678 0.191722 0.034341 0.021410
0 0.347777 0.203854 0.032468 0.022124
0 0.356623 0.217949 0.033092 0.022481
0 0.363699 0.240965 0.035173 0.024265
0 0.365156 0.252206 0.034757 0.021767
0 0.369110 0.263803 0.033508 0.024265
0 0.374938 0.277363 0.035589 0.022124
0 0.381806 0.290565 0.034757 0.023551
0 0.391588 0.312511 0.034341 0.023194
0 0.393565 0.325535 0.034549 0.019983
0 0.396374 0.338025 0.034341 0.023551
0 0.402930 0.350514 0.035381 0.022837
0 0.411672 0.366036 0.032051 0.025335
0 0.416250 0.386197 0.036214 0.026406
0 0.422286 0.400471 0.036214 0.024979
0 0.425096 0.414566 0.037254 0.026763
0 0.433421 0.428126 0.027264 0.021053
0 0.433837 0.439901 0.033508 0.024622
0 0.448510 0.463988 0.029138 0.022837
0 0.452152 0.478083 0.037671 0.028190
0 0.457667 0.490929 0.036214 0.025335
0 0.459228 0.504489 0.036422 0.026049
0 0.465264 0.517156 0.037254 0.028547
0 0.472860 0.541064 0.036630 0.028547
0 0.476711 0.555694 0.035589 0.024265
0 0.480769 0.568719 0.040376 0.026049
0 0.487741 0.583528 0.036422 0.024265
0 0.291583 0.189581 0.015818 0.052812
0 0.296370 0.200464 0.015401 0.051741
0 0.300117 0.216344 0.014569 0.056380
0 0.304279 0.227762 0.014985 0.055666
0 0.309482 0.240073 0.015401 0.056023
0 0.318328 0.250778 0.014777 0.055310
0 0.322802 0.269334 0.014569 0.055310
0 0.326653 0.287176 0.015609 0.058164
0 0.333521 0.285391 0.008949 0.032472
0 0.336226 0.308764 0.015609 0.057807
0 0.343198 0.331245 0.015818 0.054239
0 0.337787 0.257915 0.023726 0.051028
0 0.349130 0.339095 0.014361 0.057094
0 0.353293 0.360327 0.015609 0.057451
0 0.357455 0.373351 0.014361 0.056380
0 0.362346 0.382986 0.014985 0.059235
0 0.364531 0.332672 0.022686 0.051384
0 0.372232 0.401898 0.016026 0.058521
0 0.376603 0.417777 0.015193 0.058164
0 0.381389 0.432586 0.016442 0.061376
0 0.385968 0.448287 0.015193 0.058521
0 0.389819 0.462739 0.014569 0.056737
0 0.397831 0.485576 0.014777 0.060305
0 0.410839 0.465237 0.024559 0.053882
0 0.402618 0.499671 0.015609 0.058521
0 0.406885 0.517156 0.015401 0.059235
0 0.411984 0.530359 0.013944 0.055666
0 0.417395 0.547309 0.015193 0.058164
0 0.426865 0.557300 0.015401 0.061019
0 0.430611 0.574785 0.015401 0.063874
0 0.436126 0.589059 0.016026 0.070297
0 0.440497 0.607257 0.013528 0.061019
0 0.447261 0.538923 0.027473 0.052812
0 0.445492 0.623315 0.016026 0.060305
0 0.455170 0.639194 0.014153 0.060662
0 0.460269 0.654360 0.014777 0.063160
0 0.465368 0.667563 0.015401 0.068156
0 0.470675 0.679338 0.016442 0.063160
0 0.474942 0.701640 0.014569 0.067085
0 0.484724 0.722515 0.016234 0.066015
0 0.490031 0.731436 0.014777 0.065301
0 0.341638 0.728403 0.029346 0.026406
0 0.420725 0.882735 0.018523 0.066015
0 0.381910 0.945002 0.015818 0.032829
0 0.367549 0.903788 0.021229 0.046745
0 0.347985 0.938044 0.019564 0.040322
0 0.338099 0.904680 0.013944 0.030688
0 0.327589 0.878096 0.018315 0.038895
0 0.319888 0.846873 0.016234 0.032829
0 0.310419 0.818861 0.016026 0.036040
0 0.330607 0.790492 0.016442 0.032115
0 0.337891 0.814044 0.014361 0.032115
0 0.345592 0.837238 0.017691 0.035684
0 0.402930 0.767120 0.019148 0.074579
0 0.491488 0.596909 0.035173 0.024622
0 0.503975 0.621709 0.036838 0.022837
0 0.506993 0.635447 0.037463 0.025335
0 0.509595 0.647401 0.035173 0.026406
0 0.516255 0.662745 0.034341 0.027120
0 0.524371 0.679517 0.038503 0.025692
0 0.528534 0.700927 0.035173 0.024979
0 0.532801 0.715200 0.035798 0.026406
0 0.541021 0.730187 0.036838 0.025692
0 0.544768 0.743747 0.037671 0.024979
0 0.548410 0.757307 0.036214 0.027120
0 0.492216 0.762302 0.014153 0.061376
0 0.498772 0.768725 0.014361 0.064230
0 0.504808 0.781215 0.014777 0.064944
0 0.513861 0.808691 0.014985 0.065658
0 0.519168 0.832599 0.014361 0.057807
0 0.511156 0.712524 0.024975 0.057451
0 0.559857 0.782464 0.038295 0.026049
0 0.567037 0.799770 0.036006 0.028547
0 0.575362 0.816363 0.036838 0.026763
0 0.532072 0.845980 0.014777 0.057451
0 0.536235 0.865071 0.016442 0.067799
0 0.523435 0.847408 0.009574 0.041750