1 0.666209 0.666670 0.010823 0.020696
1 0.651536 0.725192 0.012696 0.028547
1 0.751956 0.904502 0.015401 0.029617
1 0.585144 0.478440 0.011863 0.026763
1 0.608350 0.516264 0.011655 0.024622
1 0.614177 0.551591 0.016234 0.026763
1 0.536859 0.305374 0.012279 0.021053
1 0.531448 0.336776 0.012696 0.023908
1 0.551636 0.482722 0.015193 0.029617
1 0.488574 0.200108 0.011447 0.023194
1 0.499396 0.253990 0.011447 0.031045
1 0.456106 0.140159 0.012696 0.021767
1 0.438208 0.088240 0.013528 0.026406
1 0.382118 0.038818 0.012071 0.023194
1 0.415730 0.034357 0.012696 0.024265
1 0.271083 0.055232 0.012696 0.018912
1 0.254121 0.062547 0.012904 0.023551
1 0.266088 0.161926 0.010198 0.022481
1 0.270042 0.137840 0.009782 0.018555
1 0.169518 0.114289 0.011863 0.025692
1 0.174201 0.130881 0.012488 0.027476
1 0.183879 0.160677 0.011863 0.027120
1 0.190539 0.167457 0.011447 0.028547
1 0.197823 0.197610 0.012696 0.026049
1 0.210831 0.229725 0.012071 0.026049
1 0.214993 0.240252 0.011655 0.024265
1 0.220301 0.246139 0.012279 0.025335
1 0.230811 0.263624 0.013736 0.026763
1 0.226024 0.290209 0.009990 0.028547
1 0.252144 0.240787 0.012279 0.021767
1 0.287733 0.336419 0.013528 0.022481
1 0.306360 0.401185 0.010823 0.019983
1 0.328526 0.458992 0.013528 0.023551
1 0.179092 0.503240 0.011031 0.020696
1 0.170871 0.455780 0.010823 0.017842
1 0.211247 0.560690 0.010406 0.012132
1 0.190539 0.511447 0.010614 0.019269
1 0.300741 0.670239 0.009574 0.019983
1 0.289086 0.674878 0.009158 0.022837
1 0.278159 0.676127 0.008117 0.018199
1 0.272956 0.679873 0.006036 0.023551
1 0.243194 0.689865 0.008117 0.021410
1 0.234869 0.697894 0.009366 0.034613
1 0.240801 0.754809 0.011239 0.009991
1 0.239448 0.819396 0.012696 0.010705
1 0.241425 0.798164 0.012904 0.013917
1 0.240905 0.781572 0.011447 0.007850
1 0.241113 0.772651 0.013112 0.009991
1 0.241009 0.763016 0.014985 0.012132
1 0.354645 0.605473 0.012071 0.016058
1 0.352772 0.616000 0.011239 0.015701
1 0.351003 0.622958 0.009782 0.015344
1 0.349338 0.640086 0.011031 0.013917
1 0.348298 0.648293 0.011447 0.015344
1 0.347361 0.656322 0.011655 0.014987
1 0.346008 0.663994 0.010614 0.013203
1 0.363595 0.627240 0.010406 0.015344
1 0.360785 0.634198 0.008949 0.011419
1 0.359848 0.643476 0.010823 0.012846
1 0.358912 0.652040 0.010614 0.014273
1 0.356623 0.659534 0.009782 0.014273
1 0.353709 0.684691 0.010614 0.012489
1 0.351940 0.692006 0.010406 0.010705
1 0.351107 0.699321 0.012071 0.011062
1 0.349026 0.707707 0.011655 0.011419
1 0.347361 0.717698 0.011239 0.012846
1 0.345176 0.731079 0.011447 0.013917
1 0.376186 0.670596 0.009366 0.014273
1 0.387217 0.674878 0.009366 0.014273
1 0.375354 0.677732 0.008533 0.014273
1 0.374521 0.685940 0.011031 0.016414
1 0.383679 0.692006 0.009782 0.016414
1 0.370255 0.706636 0.010406 0.014987
1 0.369214 0.718233 0.010406 0.014630
1 0.367445 0.727511 0.011447 0.013203
1 0.376394 0.731079 0.010614 0.013917
1 0.376915 0.739287 0.011655 0.013917
1 0.372544 0.753917 0.010823 0.013203
1 0.363074 0.747315 0.009782 0.012846
1 0.360889 0.758734 0.009574 0.012846
1 0.360265 0.766941 0.009990 0.015701
1 0.360161 0.776754 0.011031 0.013917
1 0.359536 0.785497 0.011447 0.014273
1 0.369734 0.773721 0.010198 0.014273
1 0.368798 0.798343 0.010823 0.013560
1 0.398664 0.735183 0.014361 0.017842
1 0.345904 0.670774 0.011239 0.015344
1 0.342678 0.687367 0.010614 0.011419
1 0.341117 0.697001 0.013736 0.009991
1 0.338203 0.705387 0.013736 0.011062
1 0.336538 0.720017 0.009990 0.011062
1 0.333729 0.727154 0.011031 0.012489
1 0.248918 0.730009 0.006660 0.020340
1 0.403867 0.768369 0.012279 0.017842
1 0.393044 0.775149 0.008949 0.012846
1 0.395646 0.808513 0.016650 0.016058
1 0.385656 0.816185 0.010406 0.012846
1 0.383471 0.832778 0.011447 0.012489
1 0.396270 0.829923 0.011655 0.011062
1 0.421662 0.800127 0.011239 0.013560
1 0.433525 0.804052 0.011655 0.015701
1 0.420933 0.816541 0.011447 0.012846
1 0.422494 0.828139 0.012488 0.015344
1 0.407301 0.906286 0.012488 0.013203
1 0.409278 0.893796 0.012696 0.014630
1 0.411255 0.874527 0.011239 0.013203
1 0.415626 0.860968 0.011655 0.014630
1 0.393149 0.850798 0.011239 0.014987
1 0.391796 0.861324 0.011447 0.015344
1 0.380037 0.857221 0.013320 0.014273
0 0.287525 0.021639 0.023518 0.043278
0 0.280241 0.148723 0.017274 0.053882
0 0.332272 0.165138 0.033924 0.023194
0 0.339764 0.180482 0.033508 0.021053
0 0.344135 0.192257 0.033508 0.023194
0 0.350171 0.204746 0.033092 0.021767
0 0.353917 0.217771 0.034757 0.022837
0 0.362970 0.240787 0.033300 0.022481
0 0.365052 0.251670 0.034549 0.021410
0 0.368069 0.263803 0.034341 0.022837
0 0.371920 0.276470 0.035798 0.023194
0 0.375562 0.288781 0.035173 0.022837
0 0.386072 0.311084 0.032884 0.022481
0 0.390859 0.324108 0.032884 0.022837
0 0.395126 0.336597 0.034757 0.019983
0 0.401057 0.350514 0.040793 0.024979
0 0.412920 0.366571 0.032884 0.022124
0 0.414794 0.386554 0.032468 0.024265
0 0.420309 0.400292 0.035589 0.023908
0 0.426969 0.413495 0.034341 0.025335
0 0.427801 0.425449 0.034757 0.024979
0 0.435398 0.440080 0.034133 0.024265
0 0.443515 0.463274 0.035798 0.024265
0 0.447053 0.476477 0.035381 0.023551
0 0.449550 0.488431 0.033716 0.023908
0 0.458916 0.503775 0.033716 0.024622
0 0.288878 0.188332 0.014569 0.046745
0 0.296266 0.196896 0.015609 0.051028
0 0.300741 0.205282 0.014153 0.053525
0 0.304175 0.220447 0.014361 0.052455
0 0.309378 0.239359 0.016026 0.055310
0 0.315830 0.258272 0.014777 0.056023
0 0.321449 0.269512 0.015193 0.063517
0 0.325612 0.285927 0.015193 0.052812
0 0.330087 0.300200 0.013736 0.050671
0 0.334978 0.311797 0.014361 0.056023
0 0.343198 0.334456 0.014985 0.055666
0 0.347361 0.347838 0.014569 0.058164
0 0.337787 0.265765 0.021229 0.046745
0 0.323010 0.185834 0.023310 0.051028
0 0.351628 0.360505 0.013112 0.055666
0 0.357871 0.369426 0.014777 0.054953
0 0.362034 0.383343 0.014361 0.055666
0 0.367757 0.347124 0.019980 0.046032
0 0.369214 0.414566 0.015401 0.056737
0 0.374313 0.425093 0.013112 0.056380
0 0.378996 0.436868 0.012071 0.055666
0 0.383471 0.453818 0.013944 0.063874
0 0.388154 0.463988 0.013736 0.065658
0 0.397207 0.485755 0.013944 0.057807
0 0.402202 0.498244 0.014361 0.058521
0 0.405948 0.516264 0.013528 0.058164
0 0.411880 0.525542 0.012904 0.057451
0 0.394605 0.423844 0.023726 0.056737
0 0.399184 0.399222 0.022061 0.051028
0 0.319680 0.853652 0.024975 0.060662
0 0.349546 0.852403 0.020188 0.055310
0 0.347881 0.938044 0.014361 0.031045
0 0.400641 0.963023 0.024143 0.043177
0 0.419372 0.885768 0.017483 0.067085
0 0.438624 0.892904 0.017691 0.065658
0 0.415834 0.482365 0.024143 0.050314
0 0.416771 0.542313 0.014777 0.059592
0 0.424888 0.562118 0.014361 0.059948
0 0.431339 0.570682 0.014777 0.059948
0 0.436543 0.587096 0.014777 0.064230
0 0.445908 0.611004 0.013944 0.059948
0 0.453817 0.638659 0.017691 0.074579
0 0.459020 0.654003 0.013944 0.061733
0 0.463079 0.673629 0.014153 0.062446
0 0.469114 0.685583 0.015818 0.059235
0 0.472860 0.704852 0.014153 0.060662
0 0.482642 0.730009 0.015818 0.053169
0 0.488054 0.741606 0.014985 0.060662
0 0.493465 0.748743 0.014985 0.061376
0 0.498148 0.767655 0.013944 0.059948
0 0.503143 0.784248 0.013944 0.061733
0 0.514277 0.801198 0.014569 0.064230
0 0.518752 0.824570 0.015609 0.063160
0 0.525724 0.828317 0.011655 0.040679
0 0.529887 0.846159 0.013736 0.059948
0 0.534257 0.875776 0.014569 0.064230
0 0.533529 0.803874 0.025183 0.056737
0 0.503559 0.724121 0.024767 0.058521
0 0.475254 0.647044 0.023518 0.057094
0 0.465576 0.538566 0.034549 0.024265
0 0.471300 0.553732 0.033508 0.024622
0 0.479729 0.567827 0.034965 0.024265
0 0.486805 0.583171 0.034549 0.024265
0 0.497419 0.599942 0.033716 0.025692
0 0.463807 0.576391 0.030178 0.044248
0 0.501582 0.620639 0.035798 0.024979
0 0.503975 0.633842 0.035173 0.025692
0 0.511884 0.649007 0.034341 0.024622
0 0.517399 0.663280 0.035381 0.026049
0 0.523331 0.677732 0.036006 0.024979
0 0.533737 0.710918 0.034757 0.023551
0 0.538004 0.729652 0.034965 0.026763
0 0.545496 0.744639 0.034965 0.026049
0 0.551636 0.759269 0.042666 0.027476
0 0.557151 0.783891 0.039128 0.028904
0 0.566413 0.799949 0.035173 0.028190
0 0.574322 0.816363 0.035173 0.028190