0 0.589015 0.047579 0.042749 0.049172
0 0.637446 0.020674 0.051948 0.026905
0 0.682089 0.010105 0.041667 0.020210
0 0.682359 0.083762 0.034632 0.054739
0 0.649080 0.141748 0.036255 0.055666
0 0.613095 0.182570 0.042208 0.063089
0 0.551136 0.255400 0.049242 0.043605
0 0.406951 0.512879 0.011068 0.072113
0 0.396067 0.523000 0.012175 0.073378
0 0.402524 0.465120 0.019185 0.028466
0 0.387028 0.537233 0.011806 0.077806
0 0.377620 0.549252 0.012175 0.072746
0 0.391271 0.594165 0.039478 0.058829
0 0.396805 0.639078 0.041691 0.070216
0 0.355114 0.591951 0.010700 0.083500
0 0.331870 0.579932 0.039478 0.067053
0 0.344230 0.612509 0.011068 0.086662
0 0.335744 0.623263 0.012544 0.058829
0 0.323753 0.652678 0.013651 0.082234
0 0.325598 0.519838 0.019554 0.078439
0 0.314160 0.669441 0.009962 0.085397
0 0.295159 0.643189 0.026564 0.040485
0 0.303461 0.686520 0.011437 0.087928
0 0.341278 0.735229 0.042060 0.074011
0 0.277450 0.708344 0.012544 0.092356
0 0.290916 0.819677 0.043905 0.075909
0 0.266935 0.726373 0.011437 0.086662
0 0.256420 0.761797 0.013282 0.079072
0 0.245351 0.773499 0.011806 0.089825
0 0.234836 0.798170 0.012175 0.092356
0 0.222107 0.820626 0.011806 0.089193
0 0.197757 0.862692 0.015496 0.096151
0 0.185213 0.877557 0.011068 0.095518
0 0.173960 0.925949 0.012913 0.079704
0 0.163998 0.906656 0.016603 0.099314
0 0.152376 0.926266 0.012544 0.101844
0 0.113267 0.977207 0.014020 0.045585
0 0.140201 0.942712 0.014020 0.095518
0 0.225612 0.927847 0.049808 0.084765
0 0.082091 0.977207 0.040215 0.045585
0 0.100354 0.986992 0.016234 0.025935
1 0.414330 0.405342 0.015496 0.011386
1 0.387028 0.415463 0.017710 0.015182
1 0.348841 0.409770 0.013651 0.015182
1 0.361570 0.427798 0.014020 0.015814
1 0.334821 0.425901 0.015865 0.010754
1 0.340489 0.448210 0.015394 0.019948
1 0.357143 0.467062 0.006717 0.025434
1 0.355743 0.492496 0.008397 0.025434
1 0.376176 0.503533 0.007277 0.022554
1 0.351125 0.473540 0.005878 0.027833
1 0.345107 0.504253 0.011196 0.023994
1 0.344128 0.481458 0.006438 0.022554
1 0.334332 0.520329 0.006997 0.021595
1 0.338110 0.490816 0.011196 0.035511
1 0.317398 0.517929 0.009516 0.022554
1 0.313060 0.462983 0.015394 0.014396
1 0.305083 0.472580 0.013435 0.015356
1 0.299065 0.482898 0.014275 0.015836
1 0.293467 0.491776 0.016514 0.012477
1 0.287869 0.503773 0.013715 0.014396
1 0.279893 0.511451 0.015114 0.014396
1 0.276114 0.520809 0.014834 0.017756
1 0.265198 0.542163 0.018753 0.012477
1 0.234830 0.586073 0.015674 0.012957
1 0.228252 0.597350 0.015394 0.014396
1 0.221815 0.610787 0.010916 0.019195
1 0.208240 0.628542 0.013435 0.023034
1 0.200683 0.640539 0.012315 0.025914
1 0.193966 0.653016 0.013435 0.019195
1 0.206981 0.702924 0.008117 0.025914
1 0.204322 0.730517 0.009516 0.020635
1 0.198304 0.737716 0.006997 0.032152
1 0.199144 0.709403 0.008677 0.025434
1 0.178851 0.728598 0.011196 0.021595
1 0.190747 0.754991 0.008677 0.030233
1 0.163457 0.798421 0.007277 0.029753
1 0.170455 0.759070 0.006158 0.023994
1 0.164297 0.766988 0.006717 0.025434
1 0.157999 0.772747 0.009796 0.032152
1 0.147503 0.814497 0.011755 0.040790
1 0.123153 0.788583 0.013995 0.023514
1 0.102441 0.814497 0.015114 0.024474
1 0.090825 0.834892 0.014275 0.023994
1 0.077670 0.862005 0.012035 0.033112
1 0.090545 0.873043 0.015954 0.020635
1 0.303124 0.511451 0.011755 0.015356
1 0.304243 0.538084 0.008397 0.031192
1 0.311800 0.554640 0.007277 0.025914
1 0.304523 0.570237 0.007277 0.024474
1 0.285210 0.574555 0.009516 0.029273
1 0.283811 0.606948 0.007837 0.023994
1 0.278773 0.590632 0.006717 0.025914
1 0.272335 0.600949 0.009516 0.028313
1 0.271636 0.624223 0.008117 0.023034
1 0.264358 0.605508 0.008117 0.023994
1 0.242667 0.696686 0.007837 0.025914
1 0.236509 0.649897 0.008957 0.022554
1 0.235949 0.679650 0.006717 0.021595
1 0.248405 0.664534 0.010916 0.025914
1 0.243227 0.628062 0.006717 0.025914
1 0.256102 0.655176 0.008397 0.021595
1 0.249664 0.623983 0.006717 0.023514
1 0.257781 0.622304 0.007837 0.027833
1 0.229512 0.664534 0.008957 0.028793
0 0.116995 0.867044 0.031348 0.090218
0 0.098102 0.890558 0.036106 0.087339
0 0.159539 0.860086 0.041984 0.072462
0 0.221675 0.777546 0.044783 0.096456
0 0.181790 0.750672 0.028829 0.083979
0 0.452306 0.798181 0.041424 0.068623
1 0.402206 0.769148 0.018473 0.026873
1 0.418159 0.773467 0.012315 0.026873
1 0.400946 0.857926 0.011476 0.022075
1 0.370158 0.945985 0.017073 0.024474
1 0.299205 0.974298 0.017353 0.032152
0 0.362741 0.530886 0.019033 0.030233
1 0.444469 0.408996 0.008957 0.026394
1 0.642493 0.341572 0.012595 0.028793
1 0.600929 0.440188 0.011755 0.025434
1 0.590713 0.516490 0.009236 0.024474
1 0.543551 0.522728 0.014554 0.023514
1 0.531236 0.630222 0.013995 0.018715
1 0.766486 0.132104 0.010916 0.016796
1 0.716245 0.224961 0.013995 0.023994
1 0.728840 0.256153 0.012875 0.023034
1 0.783139 0.178892 0.009516 0.019195
1 0.777401 0.164736 0.011476 0.016796
1 0.826383 0.017652 0.012035 0.019195
1 0.898175 0.266471 0.008957 0.023514
1 0.911050 0.295744 0.008397 0.021595
1 0.910490 0.330535 0.009516 0.020155
1 0.910350 0.349970 0.009796 0.026394
1 0.902094 0.350450 0.011755 0.027353
1 0.903353 0.376364 0.009796 0.023514
1 0.893277 0.371085 0.011476 0.021595
1 0.884180 0.372525 0.007277 0.022554
1 0.884600 0.325496 0.009236 0.023514
1 0.865708 0.413075 0.008397 0.022075
1 0.851993 0.431071 0.007277 0.024474
1 0.850873 0.390281 0.008957 0.021595
1 0.888099 0.410436 0.011755 0.018715
1 0.862629 0.471861 0.016234 0.011037
1 0.837718 0.456504 0.008397 0.023514
1 0.835059 0.431311 0.009796 0.027833
1 0.828762 0.437549 0.008957 0.023034
1 0.834360 0.472580 0.009516 0.025914
1 0.824004 0.455785 0.008397 0.022075
1 0.828762 0.479779 0.010636 0.024954
1 0.691894 0.464182 0.020152 0.019675
1 0.819105 0.462983 0.009796 0.018236
1 0.823584 0.486737 0.007557 0.023514
1 0.816726 0.496575 0.011196 0.029753
1 0.825123 0.521528 0.013435 0.023994
1 0.804271 0.535445 0.008677 0.023994
1 0.808889 0.478099 0.013435 0.021595
1 0.799093 0.502813 0.010636 0.026873
1 0.794475 0.507372 0.010916 0.026394
1 0.798253 0.535685 0.009516 0.034072
1 0.773763 0.550801 0.009796 0.026873
1 0.784399 0.581994 0.010356 0.025914
1 0.777961 0.583193 0.010356 0.026394
1 0.769005 0.566637 0.010356 0.027833
1 0.771664 0.594471 0.008397 0.025914
1 0.762707 0.574795 0.010076 0.027833
1 0.766626 0.603828 0.009516 0.028313
1 0.760888 0.613906 0.008677 0.023514
1 0.755710 0.627583 0.010076 0.025914
1 0.749412 0.636460 0.007557 0.024474
1 0.745214 0.648697 0.009796 0.024954
1 0.738916 0.656136 0.008397 0.031192
1 0.723382 0.697645 0.009236 0.023034
1 0.716665 0.708203 0.008677 0.025914
1 0.711627 0.723799 0.008117 0.023514
1 0.704909 0.728118 0.009236 0.029273
1 0.700011 0.743954 0.009516 0.029273
1 0.693714 0.750433 0.008677 0.029753
1 0.687556 0.762909 0.007557 0.030712
1 0.681958 0.774667 0.010356 0.027353
1 0.673142 0.760030 0.010076 0.023034
1 0.767885 0.696446 0.017073 0.014876
1 0.761448 0.668852 0.012595 0.023994
1 0.735558 0.563518 0.012875 0.022554
1 0.755710 0.721400 0.016234 0.013917
1 0.749832 0.735796 0.016794 0.013917
1 0.736117 0.760030 0.020712 0.014396
1 0.726461 0.771307 0.021552 0.019675
1 0.720024 0.783304 0.017633 0.013917
1 0.698192 0.804179 0.011476 0.031672
1 0.698892 0.836092 0.017913 0.019675
1 0.757389 0.590392 0.011196 0.024474
1 0.751791 0.600229 0.008397 0.023994
1 0.745494 0.611267 0.012035 0.028793
1 0.736257 0.624463 0.011476 0.031192
1 0.718904 0.671972 0.009796 0.023514
1 0.712886 0.678450 0.011196 0.027833
1 0.707148 0.686608 0.011476 0.031672
1 0.701970 0.698845 0.011755 0.028313
1 0.697072 0.711562 0.012035 0.031672
1 0.691195 0.719240 0.012595 0.028793
1 0.685877 0.727878 0.012595 0.026873
1 0.679859 0.741075 0.014554 0.033112
1 0.664465 0.706763 0.019033 0.021115
1 0.630738 0.776586 0.015394 0.034072
1 0.619262 0.866804 0.019313 0.017756
1 0.578538 0.868244 0.010636 0.032152
1 0.603448 0.900396 0.013995 0.028313
1 0.604568 0.848089 0.016234 0.021595
1 0.593232 0.933988 0.015394 0.033112
1 0.585535 0.965660 0.010636 0.031192
1 0.579937 0.992788 0.020152 0.014424
0 0.794335 0.636700 0.022391 0.020155
0 0.784539 0.658535 0.026870 0.019675
0 0.661526 0.521049 0.017633 0.032632
0 0.628639 0.586553 0.030788 0.059985
0 0.817566 0.230720 0.025190 0.052787
0 0.871725 0.231919 0.019313 0.067663
0 0.865708 0.252554 0.014554 0.059026
0 0.859270 0.265271 0.016794 0.062385
0 0.851993 0.277508 0.017353 0.064784
0 0.845555 0.292864 0.017913 0.067663
0 0.837019 0.308221 0.015954 0.066704
0 0.874104 0.295504 0.023511 0.054707
0 0.822324 0.344212 0.019592 0.068623
0 0.814487 0.356689 0.018473 0.065744
0 0.807070 0.371325 0.018753 0.066224
0 0.800912 0.387881 0.019872 0.083020
0 0.792236 0.400598 0.015394 0.060465
0 0.784819 0.416434 0.017353 0.070063
0 0.765786 0.434190 0.017353 0.063345
0 0.759208 0.456744 0.017073 0.075821
0 0.750672 0.473300 0.017353 0.073422
0 0.743954 0.487457 0.016794 0.074862
0 0.735697 0.503053 0.017633 0.072462
0 0.726181 0.522488 0.018753 0.072942
0 0.708128 0.557040 0.017353 0.079661
0 0.710647 0.612226 0.017913 0.039350
0 0.694833 0.594951 0.020992 0.079661
0 0.685177 0.604788 0.020152 0.079181
0 0.677900 0.631182 0.019592 0.092617
0 0.669223 0.645578 0.019592 0.088778
0 0.875784 0.375164 0.013435 0.071982
0 0.861089 0.392440 0.017073 0.073902
0 0.841917 0.363647 0.039745 0.067184
0 0.780900 0.483618 0.033587 0.054707
0 0.810289 0.426272 0.027989 0.074382
0 0.715265 0.428911 0.032747 0.063345
0 0.744514 0.364367 0.032468 0.059026
0 0.774463 0.305341 0.036946 0.057106
0 0.646272 0.683249 0.018473 0.081580
0 0.637315 0.701245 0.018473 0.084939
0 0.627379 0.716121 0.019313 0.082060
0 0.621361 0.739155 0.022951 0.094537