1 0.451369 0.342338 0.013411 0.025413
1 0.418196 0.397399 0.019763 0.022993
1 0.745871 0.252183 0.010940 0.020572
1 0.816100 0.367449 0.007411 0.019967
1 0.900092 0.376827 0.013763 0.022993
1 0.857919 0.401030 0.011293 0.022993
1 0.824746 0.447620 0.014822 0.024203
1 0.765281 0.601610 0.010234 0.027228
1 0.718521 0.710220 0.009176 0.021783
1 0.830745 0.567727 0.013411 0.027228
1 0.816805 0.589207 0.017292 0.024203
1 0.762634 0.703565 0.019057 0.018152
1 0.753458 0.730188 0.016234 0.018152
1 0.740401 0.749852 0.018351 0.017547
1 0.732108 0.762559 0.019410 0.016337
1 0.725226 0.784644 0.016234 0.021783
1 0.682524 0.761954 0.011293 0.035699
1 0.676701 0.774660 0.013763 0.035699
1 0.362260 0.837890 0.019410 0.032674
1 0.358025 0.465772 0.006705 0.025413
1 0.344080 0.449803 0.013444 0.019570
1 0.351562 0.474810 0.008624 0.023484
1 0.352450 0.503513 0.008371 0.023484
1 0.345982 0.479593 0.009131 0.021745
1 0.338626 0.494380 0.007610 0.020875
1 0.332792 0.505035 0.007610 0.022180
1 0.333046 0.532868 0.008117 0.022180
1 0.326578 0.518299 0.007356 0.025224
1 0.318841 0.528736 0.007610 0.022614
1 0.311105 0.536347 0.009385 0.025659
1 0.286374 0.581793 0.007102 0.023484
1 0.277115 0.615933 0.011414 0.032617
1 0.270394 0.592883 0.009639 0.023919
1 0.259994 0.614411 0.010653 0.024354
1 0.251243 0.634416 0.009385 0.029573
1 0.243760 0.643548 0.009639 0.029573
1 0.236404 0.685733 0.009131 0.026963
1 0.230317 0.660292 0.011161 0.021310
1 0.206981 0.734224 0.010146 0.026529
1 0.207995 0.703346 0.008624 0.023919
1 0.313261 0.463937 0.014712 0.013047
1 0.303242 0.480463 0.015980 0.010437
1 0.295632 0.490683 0.013951 0.016091
1 0.284091 0.514385 0.016234 0.017396
1 0.275974 0.522648 0.015219 0.013917
1 0.270774 0.531346 0.014458 0.014786
1 0.264179 0.544175 0.013951 0.014351
1 0.238307 0.579184 0.018009 0.015656
1 0.227526 0.594840 0.016741 0.012177
1 0.215605 0.618759 0.013697 0.020005
1 0.207361 0.630067 0.012429 0.021745
1 0.176669 0.681602 0.013444 0.026529
1 0.193791 0.720959 0.010146 0.032182
1 0.186561 0.737920 0.010400 0.027833
1 0.160816 0.715958 0.011668 0.022180
1 0.164240 0.775104 0.008878 0.030877
1 0.162084 0.811635 0.007102 0.028268
1 0.147879 0.830770 0.010653 0.029138
1 0.125304 0.759882 0.016741 0.016091
1 0.149782 0.791630 0.009385 0.027398
0 0.199878 0.861648 0.013190 0.094372
0 0.139255 0.972465 0.018263 0.055070
0 0.115539 0.980293 0.018009 0.039414
0 0.247311 0.778148 0.014712 0.090893
0 0.188337 0.826639 0.044897 0.087849
0 0.125304 0.852732 0.011668 0.030443
0 0.130758 0.797501 0.040331 0.079151
0 0.279145 0.721829 0.015473 0.090458
0 0.304003 0.676600 0.014458 0.099156
0 0.315290 0.656595 0.012175 0.093937
0 0.335456 0.631589 0.011414 0.088283
0 0.346236 0.610496 0.008117 0.078281
0 0.377942 0.561571 0.013697 0.079586
0 0.397093 0.518516 0.014458 0.080455
0 0.406986 0.506122 0.011414 0.073062
0 0.454858 0.284639 0.019980 0.039609
0 0.631868 0.029055 0.042458 0.030509
0 0.681818 0.008238 0.047453 0.016476
0 0.888330 0.337897 0.014048 0.032650
0 0.875687 0.245565 0.022478 0.073865
0 0.867570 0.257876 0.017483 0.067442
0 0.862575 0.271793 0.013736 0.052455
0 0.853678 0.275807 0.019043 0.067977
0 0.847746 0.293471 0.021541 0.072259
0 0.839317 0.304979 0.019043 0.071724
0 0.820586 0.326656 0.014048 0.050849
0 0.772509 0.320233 0.032780 0.057272
0 0.823239 0.225761 0.029970 0.049243
0 0.787025 0.416847 0.021229 0.073865
0 0.767358 0.439863 0.019356 0.072795
0 0.745661 0.498205 0.015922 0.073865
0 0.738168 0.511319 0.019043 0.075471
0 0.710227 0.566182 0.018107 0.089923
0 0.695711 0.595354 0.019043 0.077612
0 0.685252 0.607665 0.017483 0.077612
0 0.669175 0.642991 0.015922 0.094740
0 0.708198 0.709630 0.032155 0.078147
0 0.647946 0.675909 0.020917 0.094205
0 0.631400 0.721941 0.018419 0.085641
0 0.619381 0.743887 0.020604 0.100628
0 0.638580 0.575014 0.037150 0.072259
0 0.092360 0.922832 0.060262 0.085608
0 0.295282 0.958678 0.030746 0.051871