0 0.709603 0.033489 0.033092 0.046032
0 0.806069 0.348218 0.029970 0.086711
0 0.838536 0.309680 0.026224 0.082429
0 0.872565 0.217616 0.021853 0.050314
0 0.700549 0.558573 0.027473 0.089923
0 0.669331 0.642072 0.022478 0.085641
0 0.638736 0.685963 0.021229 0.092064
0 0.619068 0.714332 0.015609 0.065301
0 0.501686 0.264183 0.046828 0.059948
0 0.398352 0.537698 0.014985 0.067442
0 0.393466 0.638621 0.046672 0.076541
0 0.268466 0.747518 0.015828 0.093937
0 0.225041 0.810143 0.017451 0.093937
0 0.199269 0.860939 0.017857 0.116204
0 0.062906 0.954180 0.014610 0.056362
0 0.256291 0.875203 0.047484 0.084891
0 0.214286 0.954528 0.034903 0.055666
1 0.268344 0.162704 0.010714 0.013917
1 0.314123 0.459405 0.013312 0.017257
1 0.306609 0.471496 0.010997 0.010325
1 0.300063 0.482943 0.012044 0.012570
1 0.293648 0.490575 0.013354 0.008978
1 0.288673 0.502920 0.017543 0.014814
1 0.281342 0.509205 0.011783 0.013019
1 0.274010 0.521551 0.013877 0.012570
1 0.264977 0.542650 0.018852 0.014366
1 0.241412 0.573401 0.015710 0.017508
1 0.226356 0.596521 0.012830 0.011672
1 0.217454 0.607744 0.015448 0.014366
1 0.210908 0.617396 0.015448 0.015712
1 0.195983 0.641189 0.015972 0.018406
1 0.189438 0.649718 0.012830 0.015712
1 0.162469 0.697079 0.016496 0.018855
1 0.236830 0.656901 0.009164 0.026486
1 0.249791 0.662512 0.006808 0.028731
1 0.244554 0.639842 0.006808 0.021099
1 0.258955 0.621436 0.009950 0.029180
1 0.271916 0.599888 0.007593 0.027384
1 0.285138 0.593827 0.007331 0.037709
1 0.311191 0.562627 0.008641 0.030976
1 0.311845 0.537263 0.008379 0.024242
1 0.325461 0.541528 0.008902 0.027384
1 0.305561 0.711669 0.008379 0.027384
1 0.318391 0.520877 0.005760 0.025589
1 0.325330 0.512797 0.007593 0.029180
1 0.331352 0.500002 0.008641 0.032322
1 0.338683 0.490351 0.004975 0.024691
1 0.343920 0.513919 0.009688 0.022446
1 0.343789 0.482719 0.008379 0.030078
1 0.350990 0.496860 0.010735 0.029629
1 0.351121 0.467904 0.007855 0.024691
0 0.408855 0.472843 0.010735 0.033669
1 0.445643 0.713914 0.019899 0.045341
1 0.536107 0.556791 0.013354 0.027384
1 0.601304 0.415605 0.014925 0.023344
1 0.625786 0.395179 0.014663 0.026486
0 0.604970 0.517735 0.016496 0.033669
1 0.612956 0.080484 0.016234 0.018406
1 0.780399 0.079586 0.014401 0.021099
1 0.822162 0.084076 0.014139 0.025589
1 0.776602 0.112358 0.014139 0.019304
1 0.721355 0.221446 0.013615 0.023793
1 0.700147 0.233118 0.010473 0.016610
1 0.629844 0.842755 0.014401 0.012121
1 0.676451 0.783946 0.008641 0.025589
1 0.676058 0.753644 0.009426 0.030527
1 0.683520 0.776763 0.010212 0.022895
1 0.688102 0.759704 0.010473 0.031873
1 0.692292 0.716383 0.009950 0.025140
1 0.704729 0.724464 0.010735 0.029629
1 0.713500 0.671940 0.010473 0.023344
1 0.718606 0.705160 0.008641 0.027833
1 0.737458 0.623905 0.007070 0.030527
1 0.767307 0.600112 0.009164 0.023344
1 0.693208 0.844326 0.014401 0.015263
1 0.724890 0.787313 0.017543 0.015263
1 0.728948 0.766662 0.019899 0.018855
1 0.746622 0.738829 0.018590 0.013468
1 0.741386 0.749379 0.015972 0.016610
1 0.759321 0.715485 0.014663 0.016161
1 0.767700 0.693712 0.015710 0.013917
1 0.812474 0.599439 0.014139 0.017508
1 0.797811 0.634679 0.019899 0.017059
1 0.784588 0.654207 0.018067 0.015712
1 0.831588 0.443663 0.009426 0.039056
1 0.871387 0.472618 0.012044 0.018855