0 0.586260 0.056794 0.037633 0.044280
0 0.626660 0.026431 0.042429 0.031629
0 0.668905 0.012899 0.043536 0.025798
0 0.719267 0.025482 0.027671 0.047443
0 0.695469 0.058060 0.025089 0.041750
0 0.672226 0.097912 0.030992 0.055666
0 0.639942 0.151997 0.035788 0.057564
0 0.627214 0.110879 0.037633 0.051238
0 0.601756 0.198807 0.038371 0.052504
0 0.922373 0.052366 0.032468 0.051871
0 0.873487 0.244668 0.022506 0.068318
0 0.855409 0.287367 0.020292 0.067685
0 0.847661 0.299386 0.018079 0.072746
0 0.840097 0.314568 0.018447 0.067685
0 0.821465 0.330698 0.018079 0.067053
0 0.814824 0.349043 0.018816 0.074644
0 0.807999 0.365174 0.019923 0.079072
0 0.801542 0.378774 0.021030 0.073378
0 0.795639 0.403444 0.020292 0.077174
0 0.786046 0.420207 0.019554 0.085397
0 0.767414 0.446459 0.016234 0.072113
0 0.760035 0.459111 0.019185 0.074644
0 0.751365 0.467650 0.016603 0.075276
0 0.744171 0.481567 0.017710 0.066420
0 0.737161 0.505288 0.017710 0.080969
0 0.728306 0.521735 0.019185 0.079704
0 0.708751 0.560006 0.019185 0.080337
0 0.701557 0.575188 0.017341 0.076541
0 0.693809 0.591318 0.017341 0.087295
0 0.683478 0.597644 0.012913 0.034159
0 0.678682 0.641292 0.019554 0.082234
0 0.667983 0.650464 0.016603 0.086662
0 0.647321 0.675767 0.015127 0.071481
0 0.638098 0.705498 0.018079 0.091723
0 0.630165 0.723526 0.018447 0.084765
0 0.620942 0.745350 0.018447 0.090458
0 0.870167 0.358532 0.033574 0.064522
0 0.813902 0.478088 0.037633 0.072113
0 0.406582 0.515726 0.013282 0.077806
0 0.396989 0.532489 0.010331 0.078439
0 0.387212 0.545773 0.012175 0.083500
0 0.376513 0.556527 0.013651 0.086030
0 0.355298 0.595746 0.014758 0.070848
0 0.344783 0.620100 0.011437 0.085397
0 0.334637 0.629589 0.009593 0.086662
0 0.325044 0.648250 0.010331 0.088560
0 0.313053 0.670074 0.011437 0.087928
0 0.302723 0.689367 0.012913 0.091090
0 0.279664 0.726056 0.011806 0.087295
0 0.268411 0.737443 0.011437 0.097416
0 0.257342 0.754522 0.011437 0.091090
0 0.246643 0.775081 0.011437 0.089193
0 0.236312 0.798486 0.015127 0.091723
0 0.222476 0.823156 0.013282 0.099314
0 0.200339 0.855734 0.014020 0.099946
0 0.187795 0.872813 0.014758 0.088560
0 0.175804 0.900963 0.013651 0.095518
0 0.163260 0.913298 0.012175 0.097416
0 0.151823 0.937652 0.018079 0.096784
0 0.140016 0.952201 0.018079 0.094253
0 0.113267 0.974361 0.016234 0.051278
0 0.074897 0.921205 0.040584 0.125882
0 0.103121 0.878823 0.023244 0.095518
0 0.121200 0.852571 0.023982 0.101212
0 0.150162 0.824421 0.015496 0.030996
0 0.173960 0.850673 0.052760 0.080969
0 0.174329 0.770020 0.025457 0.090458
0 0.190747 0.738391 0.025826 0.087928
0 0.222107 0.760848 0.046488 0.065788
0 0.295344 0.647934 0.047594 0.079072
0 0.376144 0.508768 0.043905 0.075276
0 0.232991 0.666278 0.023244 0.090458
0 0.278372 0.597328 0.019554 0.082867
0 0.306412 0.548303 0.012913 0.078439
0 0.319141 0.538182 0.014758 0.086030
0 0.335559 0.510665 0.015865 0.074011
0 0.347366 0.492953 0.012175 0.056299
0 0.400310 0.633068 0.042798 0.068318
0 0.356220 0.705814 0.045381 0.078439
0 0.267673 0.860794 0.046119 0.074644
0 0.209748 0.959792 0.054236 0.080337
0 0.312869 0.466069 0.029516 0.031629
0 0.303276 0.482200 0.024351 0.017079
1 0.294237 0.495484 0.020292 0.018345
1 0.267488 0.535019 0.016234 0.017712
1 0.234652 0.583095 0.016972 0.020242
1 0.768152 0.702335 0.027302 0.028466
1 0.728859 0.770653 0.023244 0.018345
1 0.744909 0.739340 0.012544 0.026568
1 0.723140 0.788997 0.025826 0.020875
1 0.675915 0.776029 0.016234 0.051871
1 0.465798 0.683041 0.012175 0.018977
1 0.601018 0.446459 0.016972 0.024038