0 0.962475 0.093057 0.028097 0.036040
0 0.906073 0.234364 0.027264 0.035327
0 0.943015 0.189938 0.022061 0.034256
0 0.888174 0.308764 0.012696 0.052812
0 0.913670 0.282180 0.012071 0.057451
0 0.923243 0.277898 0.011239 0.053882
0 0.929695 0.351406 0.033300 0.023908
0 0.920434 0.366750 0.038503 0.025335
0 0.899621 0.387803 0.032259 0.022481
0 0.871628 0.417777 0.026640 0.018912
0 0.861846 0.432943 0.024559 0.019269
0 0.847070 0.441150 0.034965 0.019983
0 0.843115 0.451855 0.035798 0.022837
0 0.837184 0.363360 0.012696 0.052098
0 0.764860 0.386197 0.027889 0.035684
1 0.907322 0.650791 0.018107 0.014630
1 0.838224 0.593697 0.008949 0.015344
1 0.823551 0.586739 0.009158 0.017842
1 0.818348 0.592270 0.010823 0.021053
1 0.810544 0.602083 0.008533 0.017842
1 0.800033 0.614751 0.009158 0.020340
1 0.796183 0.574785 0.007701 0.018912
1 0.800033 0.569789 0.007493 0.019626
1 0.803884 0.566043 0.008533 0.022837
1 0.808462 0.558014 0.007284 0.018199
1 0.866425 0.518940 0.009990 0.020696
1 0.850087 0.513409 0.008117 0.021767
1 0.840722 0.511447 0.008533 0.022837
1 0.820534 0.504310 0.009782 0.024265
1 0.820846 0.470054 0.008741 0.014273
1 0.825737 0.472909 0.009366 0.017842
1 0.831772 0.474157 0.010198 0.015344
1 0.840722 0.479332 0.009366 0.017842
1 0.851648 0.481294 0.009990 0.016771
1 0.856435 0.483970 0.008325 0.016414
1 0.811064 0.384056 0.009990 0.028547
1 0.831356 0.204390 0.015609 0.018912
1 0.995962 0.009557 0.008075 0.016771
0 0.646021 0.518048 0.026224 0.038895
0 0.675262 0.485755 0.026848 0.036397
0 0.576403 0.516978 0.018939 0.026763
1 0.714182 0.532322 0.012279 0.020340
1 0.692224 0.351406 0.009574 0.018199
1 0.681922 0.347124 0.011031 0.018199
1 0.633845 0.027577 0.009782 0.017128
1 0.550699 0.410462 0.012904 0.020696
1 0.487533 0.590486 0.012696 0.016058
1 0.485556 0.657928 0.011239 0.017485
1 0.437271 0.632236 0.010823 0.017485
1 0.383263 0.683977 0.011447 0.017485
0 0.529783 0.547844 0.033508 0.040679
0 0.440185 0.650078 0.021229 0.028904
0 0.340077 0.741963 0.032884 0.037825
0 0.275037 0.626883 0.018939 0.055310
0 0.255474 0.646688 0.018523 0.054953
0 0.189290 0.624207 0.033092 0.032115
0 0.199176 0.617249 0.031635 0.028190
0 0.142254 0.745353 0.022269 0.060305
1 0.280137 0.782999 0.012488 0.018555
1 0.269626 0.819575 0.011447 0.016058
1 0.228730 0.832064 0.013320 0.015344
1 0.202714 0.866855 0.013736 0.017842
1 0.137883 0.907713 0.014777 0.022481
1 0.100316 0.941077 0.010406 0.018555
1 0.108225 0.592270 0.011655 0.013203
1 0.145271 0.599585 0.009990 0.019269
1 0.172952 0.538923 0.009158 0.014987
1 0.184503 0.530181 0.011447 0.016058
1 0.188978 0.524293 0.008741 0.013560
1 0.195846 0.519832 0.010406 0.013917
1 0.200529 0.513766 0.009782 0.014630
1 0.221237 0.496281 0.006660 0.018199
1 0.226440 0.499493 0.007493 0.016058
1 0.190435 0.559263 0.008741 0.019269
1 0.197615 0.554981 0.008949 0.019269
1 0.221653 0.537496 0.009990 0.012132
1 0.227065 0.541064 0.009990 0.012846
1 0.232372 0.545703 0.010614 0.015701
1 0.238407 0.549093 0.008949 0.018199
0 0.072844 0.797451 0.024143 0.062446
0 0.105832 0.692898 0.031427 0.028190
0 0.240697 0.571038 0.031427 0.029261
1 0.328318 0.529467 0.010198 0.018912
1 0.337891 0.516978 0.011863 0.016058
1 0.348714 0.449001 0.007701 0.018555
1 0.332896 0.464345 0.008117 0.017842
1 0.328213 0.469162 0.008741 0.018199
1 0.322386 0.476655 0.007493 0.013917
1 0.316558 0.481473 0.009990 0.021410
1 0.256202 0.387982 0.014985 0.014987