0 0.920538 0.281109 0.010406 0.051028
0 0.907010 0.299308 0.012071 0.053169
0 0.888174 0.317685 0.011031 0.055666
0 0.875687 0.334813 0.009366 0.052812
0 0.868819 0.343020 0.010198 0.047816
0 0.856123 0.349979 0.011031 0.055310
0 0.842595 0.364074 0.011031 0.049243
0 0.764236 0.394226 0.031219 0.040322
0 0.797120 0.419205 0.011239 0.051028
0 0.805028 0.409213 0.010823 0.053169
0 0.810440 0.404931 0.010823 0.051741
0 0.844884 0.447216 0.034757 0.024265
0 0.857060 0.438474 0.029554 0.022481
0 0.867986 0.421524 0.032259 0.024265
0 0.878705 0.404039 0.032051 0.024979
0 0.893065 0.400828 0.029554 0.021410
0 0.908987 0.378704 0.036006 0.024265
0 0.918144 0.369961 0.032259 0.025335
1 0.925117 0.446860 0.009990 0.022837
1 0.942079 0.422595 0.011447 0.021410
1 0.962579 0.403326 0.007909 0.022837
1 0.971737 0.393513 0.010823 0.023908
1 0.978293 0.419562 0.012279 0.016058
1 0.964764 0.440615 0.013112 0.015344
1 0.972985 0.430624 0.016650 0.018912
1 0.819285 0.510733 0.006868 0.017842
1 0.827818 0.511982 0.010198 0.019626
1 0.834374 0.513945 0.008741 0.019983
1 0.844780 0.517335 0.009158 0.023194
1 0.851232 0.521795 0.007076 0.022124
1 0.856123 0.523579 0.007701 0.017842
1 0.870900 0.526791 0.006452 0.023551
1 0.873085 0.494497 0.009158 0.018912
1 0.826777 0.477904 0.008533 0.014273
1 0.835935 0.483078 0.008533 0.013917
1 0.842179 0.484327 0.009366 0.017128
1 0.848110 0.484684 0.009574 0.018555
1 0.858516 0.487896 0.008741 0.014987
1 0.904928 0.498601 0.011655 0.012846
1 0.894730 0.522509 0.011239 0.014987
1 0.942807 0.468627 0.013736 0.014987
1 0.822303 0.404574 0.007909 0.020340
1 0.830316 0.371746 0.008533 0.033899
1 0.834582 0.247745 0.016234 0.016414
1 0.876311 0.149972 0.011031 0.021410
1 0.890776 0.254347 0.014569 0.021053
1 0.951861 0.119819 0.008949 0.013917
1 0.958104 0.174237 0.016026 0.024979
1 0.652368 0.429553 0.016026 0.023908
1 0.646229 0.392977 0.012071 0.017842
1 0.690039 0.392264 0.013112 0.017128
1 0.657988 0.348194 0.011863 0.016771
1 0.643627 0.520368 0.015609 0.019269
0 0.745713 0.347481 0.024559 0.033186
0 0.672140 0.491999 0.028097 0.037468
0 0.042874 0.734112 0.015818 0.060662
0 0.097507 0.639194 0.032676 0.035684
0 0.072324 0.801911 0.021437 0.065658
0 0.086164 0.853117 0.032051 0.041750
0 0.100004 0.778538 0.019772 0.059592
0 0.108641 0.773900 0.019564 0.058164
0 0.116238 0.771223 0.019356 0.058521
0 0.125291 0.760875 0.018315 0.054953
0 0.132264 0.759805 0.018939 0.059235
0 0.141733 0.749635 0.019980 0.059592
0 0.158591 0.735004 0.018731 0.055310
0 0.185335 0.767833 0.031843 0.043177
0 0.168894 0.721088 0.018523 0.058878
0 0.177010 0.713594 0.018523 0.056023
0 0.185335 0.708063 0.017691 0.059948
0 0.192828 0.702711 0.018107 0.059948
0 0.199696 0.700570 0.018107 0.058521
0 0.207501 0.690043 0.021229 0.068869
0 0.231643 0.728581 0.032468 0.041750
0 0.226128 0.673093 0.018939 0.059948
0 0.234245 0.669168 0.018939 0.057807
0 0.102398 0.696466 0.032884 0.028190
0 0.113844 0.689686 0.031219 0.026049
0 0.124563 0.683085 0.036422 0.028547
0 0.128934 0.674164 0.032676 0.027120
0 0.134137 0.667027 0.031011 0.026406
0 0.145375 0.660247 0.031427 0.025692
0 0.153492 0.653289 0.031427 0.026049
0 0.161401 0.646509 0.031843 0.026763
0 0.170142 0.639729 0.031011 0.026763
0 0.178051 0.632593 0.031427 0.026049
0 0.187105 0.625813 0.032051 0.026049
0 0.193452 0.618498 0.032259 0.027120
0 0.213745 0.608328 0.036630 0.029617
0 0.218011 0.597444 0.033092 0.024265
0 0.232996 0.595482 0.022269 0.024622
0 0.234141 0.583885 0.030386 0.026406
0 0.241946 0.577640 0.032676 0.028904
0 0.122274 0.822608 0.024767 0.034970
0 0.249022 0.655609 0.016858 0.055666
0 0.256722 0.649542 0.016858 0.059235
0 0.265464 0.640443 0.018107 0.063160
0 0.272540 0.637053 0.017691 0.057094
0 0.281177 0.631879 0.018315 0.057451
0 0.287837 0.678981 0.020813 0.028904
0 0.273060 0.603867 0.029970 0.037825
1 0.255994 0.705922 0.012488 0.019269
1 0.267129 0.694682 0.012696 0.024622
1 0.243923 0.833313 0.013320 0.022837
1 0.292936 0.775684 0.012696 0.023194
1 0.036526 0.834562 0.009782 0.026049
1 0.146104 0.800484 0.010823 0.021410
1 0.146728 0.774613 0.017066 0.018912
1 0.108849 0.598336 0.011655 0.021767
1 0.134033 0.612610 0.006244 0.018199
1 0.139652 0.610290 0.009158 0.022837
1 0.150266 0.599764 0.009574 0.021053
1 0.157343 0.596731 0.008325 0.020696
1 0.141941 0.571931 0.016234 0.016771
1 0.150266 0.564080 0.013320 0.017485
1 0.157343 0.558371 0.012488 0.017485
1 0.169310 0.550342 0.013528 0.017128
1 0.177531 0.541064 0.015818 0.016414
1 0.168790 0.581922 0.007909 0.016771
1 0.174617 0.580495 0.005828 0.016771
1 0.179508 0.576569 0.004787 0.018199
1 0.186376 0.571752 0.006868 0.020696
1 0.191475 0.568362 0.006244 0.020340
1 0.197719 0.562831 0.006660 0.024979
1 0.204483 0.558192 0.007701 0.018555
1 0.269938 0.442578 0.009158 0.015701
1 0.280969 0.445967 0.007909 0.019626
1 0.321658 0.483257 0.008533 0.018555
1 0.325092 0.479510 0.007909 0.020340
1 0.335810 0.470768 0.008117 0.019269
1 0.344343 0.464345 0.007284 0.019269
1 0.348922 0.459884 0.007284 0.019626
1 0.409903 0.669168 0.011447 0.018555