0 0.918248 0.229190 0.021229 0.032115
0 0.923972 0.277541 0.010614 0.049600
0 0.910236 0.294491 0.009366 0.051384
0 0.903263 0.304304 0.009990 0.039609
0 0.896603 0.315009 0.009574 0.045318
0 0.890672 0.321789 0.009366 0.048887
0 0.884532 0.324108 0.010406 0.048530
0 0.877976 0.331066 0.008949 0.048887
0 0.870900 0.342307 0.008533 0.040679
0 0.858308 0.351228 0.009158 0.044961
0 0.852065 0.360684 0.009158 0.049600
0 0.846237 0.367642 0.009574 0.049243
0 0.839161 0.372459 0.009574 0.050314
0 0.832605 0.379239 0.008533 0.047459
0 0.826153 0.385841 0.008533 0.057807
0 0.819909 0.396903 0.007701 0.050671
0 0.812833 0.402790 0.008949 0.050314
0 0.807005 0.411533 0.008533 0.049957
0 0.800345 0.414744 0.008949 0.051384
0 0.840410 0.455780 0.031219 0.021410
0 0.849255 0.447395 0.031011 0.021053
0 0.857268 0.440436 0.032051 0.022837
0 0.866217 0.431694 0.033716 0.026763
0 0.870796 0.422059 0.031219 0.023194
0 0.886301 0.408678 0.033508 0.022837
0 0.888382 0.397795 0.019772 0.016771
0 0.901702 0.393691 0.030594 0.022124
0 0.907842 0.387446 0.032051 0.023194
0 0.913149 0.379596 0.031843 0.023194
0 0.918352 0.371032 0.030594 0.021767
0 0.925429 0.363895 0.032676 0.021767
0 0.935315 0.357472 0.031219 0.021053
0 0.955607 0.411176 0.013944 0.018555
0 0.940518 0.429553 0.017899 0.018912
0 0.920330 0.452212 0.017483 0.021410
0 0.861430 0.491286 0.014985 0.019626
0 0.895563 0.484506 0.009158 0.024622
0 0.919289 0.500563 0.014569 0.013203
0 0.901182 0.520189 0.017483 0.011776
0 0.912421 0.508057 0.016234 0.013917
0 0.825841 0.479510 0.014569 0.016771
1 0.796079 0.292706 0.012071 0.016414
1 0.807110 0.229725 0.013320 0.019626
1 0.933858 0.126956 0.012071 0.016771
1 0.915647 0.105011 0.015609 0.023551
1 0.959249 0.051664 0.008325 0.020340
1 0.985889 0.038996 0.009990 0.017128
1 0.598776 0.442756 0.009574 0.019626
1 0.573905 0.481829 0.011031 0.017128
1 0.691496 0.406180 0.011863 0.017842
0 0.608870 0.614394 0.036838 0.018912
0 0.628850 0.543027 0.028513 0.041036
1 0.855082 0.519297 0.011863 0.022124
1 0.868298 0.524293 0.007493 0.021410
1 0.874750 0.526077 0.010823 0.025692
1 0.883075 0.528397 0.008741 0.016058
1 0.937188 0.520011 0.009574 0.022124
1 0.852377 0.485041 0.009366 0.016414
1 0.221237 0.813687 0.018315 0.021410
1 0.261197 0.838487 0.016650 0.020340
1 0.324051 0.766049 0.015401 0.021053
1 0.131119 0.936974 0.013320 0.015344
1 0.225816 0.543027 0.011655 0.015344
1 0.204691 0.522687 0.013944 0.016771
1 0.292936 0.434906 0.014361 0.028904
1 0.268482 0.422059 0.014153 0.028904
1 0.274933 0.494854 0.015818 0.023194
1 0.196262 0.528932 0.012904 0.013560
1 0.173680 0.582636 0.012696 0.028904
1 0.187313 0.573536 0.012071 0.027833
1 0.042666 0.952496 0.012071 0.021410
1 0.089806 0.652397 0.010198 0.031402
1 0.096674 0.610112 0.013112 0.015344
1 0.109474 0.601191 0.015401 0.016771
1 0.101565 0.641157 0.012488 0.030331
1 0.112388 0.633842 0.012488 0.028547
0 0.035902 0.803874 0.014777 0.064587
0 0.044018 0.737324 0.013112 0.060662
0 0.085331 0.748743 0.033300 0.038538
0 0.075133 0.798164 0.019980 0.061019
0 0.085227 0.793169 0.020604 0.070297
0 0.094905 0.783891 0.018731 0.057451
0 0.102294 0.779966 0.018107 0.060305
0 0.110306 0.770688 0.017899 0.059592
0 0.119464 0.764800 0.018315 0.059948
0 0.127165 0.758912 0.018315 0.062446
0 0.136218 0.751241 0.016858 0.058521
0 0.144335 0.748743 0.017691 0.061376
0 0.075445 0.861324 0.031427 0.041036
0 0.111243 0.833134 0.031843 0.038181
0 0.144959 0.802268 0.030594 0.039252
0 0.179716 0.773186 0.031011 0.037468
0 0.161505 0.730544 0.018315 0.059235
0 0.170871 0.721802 0.017066 0.056023
0 0.177739 0.717520 0.018731 0.057451
0 0.186376 0.710204 0.016442 0.050671
0 0.194389 0.706636 0.016650 0.051384
0 0.203546 0.694147 0.016650 0.056380
0 0.211039 0.690222 0.017899 0.057094
0 0.219884 0.682906 0.017274 0.056737
0 0.228626 0.674521 0.017691 0.059235
0 0.236326 0.670060 0.016026 0.056737
0 0.223735 0.648472 0.026640 0.031402
0 0.191891 0.681479 0.020396 0.024622
0 0.117799 0.719839 0.032051 0.037111
0 0.105728 0.697001 0.030803 0.026406
0 0.114157 0.689330 0.030178 0.026763
0 0.124459 0.683085 0.029138 0.026406
0 0.139652 0.667384 0.030386 0.025692
0 0.142670 0.657214 0.019772 0.021053
0 0.152868 0.651148 0.031843 0.026763
0 0.142254 0.698429 0.020604 0.024265
0 0.168894 0.670417 0.026432 0.031045
0 0.180757 0.632771 0.030594 0.027833
0 0.191059 0.626526 0.026224 0.026763
0 0.199488 0.620282 0.030594 0.024979
0 0.216346 0.741784 0.030178 0.039609
0 0.144543 0.593876 0.029346 0.034256
0 0.139652 0.614572 0.030803 0.040679
0 0.205107 0.551234 0.025599 0.041036
0 0.247357 0.577461 0.032259 0.027120
0 0.238616 0.583706 0.029762 0.027476
0 0.230291 0.590664 0.029762 0.028547
0 0.215930 0.594054 0.018107 0.019626
0 0.251103 0.605830 0.032259 0.035327
0 0.200425 0.646509 0.032468 0.035327
0 0.251103 0.653646 0.017274 0.058164
0 0.260885 0.645617 0.016858 0.049957
0 0.269314 0.636696 0.016650 0.056380
0 0.277743 0.629024 0.016858 0.058878
0 0.284819 0.627418 0.018939 0.058521
0 0.307089 0.644368 0.023934 0.041750
0 0.290855 0.677732 0.016858 0.025692
0 0.255890 0.710026 0.031011 0.039609
0 0.448052 0.443638 0.032468 0.034791
0 0.483766 0.445029 0.035714 0.032008