0 0.955711 0.036498 0.022894 0.031402
0 0.919601 0.143549 0.024351 0.033543
0 0.948947 0.174951 0.026016 0.040679
0 0.925741 0.205460 0.027889 0.038895
0 0.893898 0.242036 0.026224 0.038538
0 0.931881 0.309478 0.028097 0.039252
0 0.927406 0.351763 0.032051 0.021767
0 0.868090 0.333029 0.010823 0.053525
0 0.861326 0.337489 0.008533 0.050314
0 0.855811 0.346053 0.011655 0.060305
0 0.842907 0.357115 0.010823 0.056023
0 0.830836 0.372638 0.009158 0.053525
0 0.822927 0.379061 0.011655 0.053525
0 0.818348 0.374600 0.009158 0.036754
0 0.810544 0.394583 0.010198 0.054596
0 0.797432 0.352120 0.029346 0.040322
0 0.826257 0.318220 0.026640 0.036754
0 0.761114 0.389231 0.028721 0.041036
0 0.870796 0.417777 0.032884 0.023908
0 0.812417 0.435441 0.033508 0.042820
0 0.852689 0.444540 0.034549 0.023194
0 0.840306 0.452212 0.038087 0.022124
1 0.973506 0.067543 0.009782 0.017842
1 0.994734 0.116786 0.007701 0.016414
1 0.950924 0.091986 0.009990 0.017485
1 0.840930 0.189046 0.011447 0.018199
1 0.812521 0.205995 0.012488 0.018555
1 0.795559 0.240073 0.010614 0.017485
1 0.920642 0.256666 0.008949 0.026406
1 0.918352 0.281288 0.011031 0.028547
1 0.952277 0.405467 0.007701 0.020696
1 0.936355 0.429375 0.010406 0.030688
1 0.912629 0.451677 0.009574 0.020340
1 0.913566 0.472909 0.012279 0.014273
1 0.913566 0.493962 0.010198 0.016414
1 0.905657 0.502883 0.012696 0.017842
1 0.892753 0.516621 0.009782 0.014630
1 0.864552 0.486468 0.008741 0.016414
1 0.859349 0.485398 0.010406 0.017842
1 0.850191 0.482008 0.010406 0.018199
1 0.844572 0.480937 0.009574 0.018199
1 0.839681 0.478796 0.009782 0.016771
1 0.835311 0.476655 0.008117 0.016058
1 0.830316 0.474871 0.009366 0.016058
1 0.825529 0.473979 0.009782 0.016414
1 0.820534 0.471481 0.008533 0.017128
1 0.847694 0.511804 0.007076 0.022124
1 0.854146 0.516086 0.007493 0.020696
1 0.863720 0.518584 0.007909 0.018555
1 0.797328 0.571752 0.009574 0.016414
1 0.808046 0.561047 0.008949 0.019983
1 0.747169 0.323038 0.009990 0.015701
1 0.727398 0.512339 0.009158 0.014630
1 0.737284 0.491107 0.010198 0.013560
1 0.741862 0.479332 0.011863 0.013560
1 0.528118 0.500385 0.011031 0.018555
1 0.738116 0.345518 0.011031 0.014987
0 0.674118 0.483435 0.029138 0.037468
0 0.644772 0.516086 0.019564 0.028547
1 0.488054 0.583706 0.011239 0.016058
1 0.446220 0.624207 0.011655 0.017128
1 0.441850 0.643833 0.009990 0.015701
1 0.393253 0.677019 0.010198 0.014987
0 0.353501 0.666670 0.017691 0.023551
0 0.334665 0.529289 0.022478 0.029261
0 0.283675 0.609220 0.016650 0.038538
1 0.292624 0.772115 0.012904 0.021767
0 0.162754 0.838844 0.019564 0.025335
0 0.273060 0.627240 0.018315 0.056023
0 0.262862 0.644011 0.016650 0.048173
0 0.250479 0.646152 0.018939 0.057451
0 0.233204 0.666670 0.021437 0.058521
0 0.208750 0.682728 0.019564 0.055666
0 0.213536 0.599585 0.037046 0.027120
0 0.220092 0.590843 0.033508 0.026763
0 0.168790 0.718768 0.019980 0.059235
0 0.158383 0.728403 0.021645 0.055666
0 0.143190 0.740357 0.020813 0.055310
0 0.134033 0.745888 0.021229 0.059235
0 0.103334 0.764979 0.017691 0.038895
0 0.043498 0.728760 0.016650 0.062803
0 0.074925 0.794418 0.023726 0.060662
1 0.109786 0.945359 0.011863 0.017842
1 0.132680 0.608685 0.009366 0.021053
1 0.168165 0.577283 0.008741 0.016771
1 0.185856 0.561225 0.008325 0.021053
1 0.203963 0.548558 0.008741 0.019983
1 0.178571 0.536247 0.009990 0.013917
1 0.183670 0.528040 0.009782 0.013917
1 0.193244 0.518405 0.010198 0.013203
1 0.226961 0.539280 0.012279 0.012846
1 0.239032 0.547309 0.016026 0.016771
1 0.333104 0.463809 0.009366 0.019626