0 0.442340 0.499059 0.015566 0.027171
1 0.449475 0.504779 0.011675 0.020020
1 0.453150 0.518365 0.012972 0.017160
1 0.417694 0.606311 0.010377 0.015730
1 0.416180 0.658507 0.009945 0.018590
0 0.512821 0.703911 0.014701 0.053626
0 0.501146 0.695688 0.015566 0.051481
0 0.454447 0.745382 0.025944 0.052196
0 0.484066 0.808660 0.024647 0.051481
0 0.527306 0.901255 0.012539 0.023595
0 0.512604 0.865504 0.026376 0.049336
0 0.554979 0.898395 0.024647 0.052196
0 0.579409 0.948803 0.025079 0.045761
0 0.558654 0.960958 0.028538 0.054341
1 0.528171 0.957026 0.010810 0.020735
1 0.455744 0.869317 0.012972 0.022165
1 0.374238 0.829634 0.009945 0.021450
1 0.375967 0.817479 0.010810 0.018590
1 0.402992 0.728102 0.012972 0.022880
1 0.475202 0.728102 0.010377 0.017160
1 0.325377 0.727029 0.009080 0.016445
1 0.348510 0.630145 0.009513 0.021450
0 0.395641 0.613342 0.024214 0.046476
0 0.362347 0.523608 0.026808 0.054341
0 0.352834 0.784946 0.023349 0.040756
0 0.366022 0.772790 0.025511 0.046476
0 0.344186 0.724527 0.026808 0.050051
0 0.321053 0.654098 0.022052 0.053626
0 0.350456 0.680196 0.024647 0.048621
0 0.370130 0.727744 0.021620 0.037896
0 0.396722 0.786376 0.025511 0.049336
1 0.399749 0.847509 0.014269 0.017160
1 0.302028 0.546488 0.008216 0.014300
0 0.303758 0.548991 0.023782 0.047906
1 0.252086 0.331269 0.013837 0.024310
1 0.164670 0.239747 0.013404 0.024310
1 0.121431 0.119625 0.011675 0.024310
1 0.167265 0.143220 0.011675 0.020020
1 0.228665 0.048481 0.010810 0.017875
1 0.503884 0.197919 0.007783 0.015015
0 0.213243 0.049911 0.025511 0.039326
0 0.205244 0.100677 0.014701 0.046476
0 0.220810 0.096029 0.013837 0.042901
0 0.232484 0.141075 0.020755 0.040041
0 0.240700 0.121770 0.038051 0.012870
0 0.245889 0.131065 0.033727 0.012870
0 0.232052 0.170391 0.021620 0.042901
0 0.249564 0.205427 0.023782 0.041471
0 0.250645 0.142863 0.031997 0.019305
0 0.259077 0.156448 0.034159 0.020735
0 0.267292 0.167888 0.028970 0.020735
0 0.252807 0.183976 0.019890 0.038611
0 0.272481 0.180044 0.035889 0.019305
0 0.274643 0.191841 0.030700 0.018590
0 0.280696 0.202924 0.032430 0.019305
0 0.290209 0.217582 0.027241 0.015730
0 0.266860 0.244752 0.023782 0.042901
0 0.281777 0.243322 0.022485 0.042901
0 0.296911 0.231525 0.035456 0.025025
0 0.306856 0.254405 0.031132 0.020735
0 0.287831 0.289083 0.031132 0.047191
0 0.313991 0.270850 0.032430 0.017875
0 0.313558 0.278001 0.029835 0.022165
0 0.321558 0.288368 0.034592 0.030031
0 0.327611 0.298736 0.037186 0.033606
0 0.319828 0.331627 0.031132 0.032176
0 0.354204 0.351290 0.032430 0.032891
0 0.386201 0.341279 0.021187 0.044331
1 0.422306 0.337704 0.011242 0.021450
0 0.401551 0.290156 0.019025 0.013585
0 0.415171 0.267990 0.011675 0.035036
1 0.393119 0.225447 0.010810 0.017160
1 0.375175 0.238675 0.010377 0.009295
1 0.380796 0.249758 0.011242 0.015730
0 0.379066 0.283721 0.024214 0.046476
0 0.367608 0.300166 0.025511 0.045046
0 0.346637 0.253333 0.024214 0.042901
0 0.326963 0.216867 0.023782 0.041471
0 0.312045 0.181116 0.020755 0.037181
0 0.291723 0.140718 0.021620 0.039326
0 0.338205 0.193629 0.013404 0.015015
0 0.342961 0.206142 0.010810 0.020020
0 0.350961 0.222229 0.015566 0.015015
0 0.358744 0.201852 0.015566 0.017160
0 0.353339 0.191484 0.015134 0.013585
0 0.350312 0.182904 0.015134 0.016445
0 0.345988 0.174324 0.017728 0.015015
0 0.342313 0.165386 0.013837 0.012870
0 0.337340 0.157521 0.012539 0.012870
0 0.331503 0.146795 0.016431 0.012870
0 0.322855 0.166101 0.019025 0.040041
1 0.328260 0.138573 0.011675 0.012155
0 0.307505 0.128920 0.015134 0.027171
0 0.268589 0.094599 0.023782 0.051481
0 0.288696 0.099247 0.020755 0.055056
0 0.301019 0.084232 0.024647 0.040756
0 0.276805 0.032393 0.031565 0.022880
0 0.305127 0.048124 0.010377 0.027171
0 0.320693 0.076367 0.006918 0.023595
0 0.314856 0.067071 0.007351 0.029316
0 0.326098 0.088879 0.008216 0.024310
0 0.347718 0.130708 0.009945 0.020735
1 0.332800 0.104967 0.006918 0.023595
1 0.340799 0.112117 0.010810 0.015015
1 0.355285 0.144293 0.006918 0.025025
1 0.361987 0.155376 0.008216 0.020020
1 0.369121 0.170391 0.005189 0.025741
1 0.378850 0.191126 0.005621 0.021450
1 0.373229 0.179686 0.009945 0.024310