0 0.108459 0.015839 0.016863 0.031678
1 0.101541 0.024171 0.009945 0.015015
0 0.131376 0.089594 0.012539 0.024310
0 0.151482 0.109257 0.019025 0.036466
0 0.175697 0.160381 0.019025 0.041471
1 0.157968 0.150728 0.007783 0.017875
1 0.129863 0.121412 0.009513 0.019305
1 0.174616 0.183619 0.012539 0.016445
1 0.189966 0.194701 0.009513 0.015730
1 0.168562 0.209002 0.009945 0.022880
1 0.188020 0.217939 0.008216 0.015015
1 0.197316 0.238675 0.009513 0.017875
0 0.164238 0.234385 0.013404 0.023595
0 0.206180 0.229022 0.020323 0.042901
0 0.230178 0.279073 0.020755 0.040041
1 0.217639 0.278716 0.012107 0.019305
0 0.203154 0.326622 0.020323 0.035036
1 0.224990 0.297306 0.009513 0.017875
1 0.237097 0.319829 0.012107 0.014300
1 0.226071 0.335559 0.009080 0.015730
1 0.237529 0.398838 0.028538 0.049336
1 0.079705 0.425294 0.015566 0.016445
0 0.260446 0.345569 0.022485 0.052911
0 0.257852 0.369880 0.010377 0.027171
1 0.268445 0.392045 0.010810 0.020020
1 0.276661 0.412781 0.009080 0.018590
1 0.292011 0.443526 0.007783 0.017160
0 0.289200 0.411351 0.022917 0.044331
0 0.310820 0.453894 0.022917 0.050766
0 0.302821 0.465334 0.008648 0.015015
1 0.274931 0.445671 0.012539 0.018590
1 0.316657 0.497867 0.010377 0.020020
1 0.270607 0.514670 0.010810 0.023595
1 0.334169 0.538266 0.010810 0.019305
1 0.349519 0.570084 0.010377 0.018590
1 0.292011 0.579379 0.011242 0.021450
0 0.292011 0.520033 0.021620 0.044331
0 0.316225 0.578307 0.020755 0.045046
0 0.330710 0.583669 0.017728 0.028601
0 0.290930 0.665896 0.035024 0.032891
1 0.327035 0.717734 0.012972 0.022165
1 0.343466 0.764210 0.012107 0.019305
1 0.354492 0.782801 0.011675 0.020735
0 0.368545 0.770645 0.022485 0.055056
0 0.345195 0.674118 0.027673 0.057916
0 0.364653 0.680196 0.025079 0.041471
1 0.365950 0.643015 0.013837 0.024310
1 0.369626 0.612985 0.010810 0.018590
0 0.311036 0.454967 0.026808 0.040041
0 0.345195 0.532903 0.029403 0.045761
0 0.386705 0.595109 0.028538 0.048621
0 0.383246 0.616917 0.027673 0.047906
1 0.406812 0.578664 0.009945 0.024310
1 0.413946 0.554354 0.014701 0.018590
1 0.445295 0.498582 0.011675 0.017160
1 0.450700 0.509308 0.013837 0.018590
0 0.424324 0.480707 0.023349 0.054341
0 0.410487 0.651238 0.025079 0.053626
0 0.373950 0.735610 0.023782 0.050766
0 0.396218 0.787806 0.022485 0.047906
0 0.401839 0.748122 0.031997 0.054341
1 0.401407 0.725242 0.011242 0.022880
0 0.441403 0.745262 0.027241 0.052911
1 0.435566 0.803536 0.012972 0.026456
0 0.423675 0.816406 0.024647 0.040756
0 0.399029 0.876825 0.018593 0.028601
1 0.480319 0.902565 0.015134 0.024310
1 0.487021 0.937959 0.010377 0.019305
1 0.480319 0.859307 0.013404 0.026456
1 0.479886 0.828204 0.013404 0.022880
1 0.459348 0.810329 0.010377 0.024310
1 0.511235 0.924731 0.011242 0.022880
1 0.510803 0.902208 0.012972 0.026456
0 0.494588 0.824629 0.025511 0.055771
1 0.475995 0.722024 0.009945 0.019305
1 0.514910 0.717377 0.009945 0.021450
1 0.511667 0.691994 0.009513 0.019305
1 0.508208 0.671616 0.013837 0.024310
0 0.541503 0.856447 0.027673 0.063636
0 0.570041 0.927948 0.032862 0.056486
0 0.551880 0.945824 0.027673 0.055056
0 0.524423 0.888980 0.027241 0.051481
0 0.536746 0.981217 0.014701 0.032891
0 0.555556 0.990251 0.017728 0.019498
1 0.665240 0.236887 0.014269 0.018590
1 0.474698 0.186836 0.008216 0.015730
1 0.479886 0.190769 0.009080 0.019305
1 0.479022 0.222945 0.009080 0.012155
1 0.484643 0.209002 0.010810 0.014300
1 0.466698 0.247255 0.009513 0.015015
1 0.460645 0.257980 0.011242 0.012155
1 0.453510 0.267990 0.010810 0.013585
1 0.476860 0.264415 0.011675 0.007865
1 0.474049 0.269778 0.012972 0.012870
1 0.466050 0.280861 0.010810 0.012155
0 0.407460 0.376315 0.008648 0.025741
1 0.391462 0.303384 0.011242 0.012870
1 0.369842 0.261555 0.010377 0.010725
1 0.367680 0.252975 0.013837 0.010725
1 0.348655 0.211862 0.012972 0.011440
0 0.323576 0.129635 0.014701 0.010010
0 0.248987 0.120340 0.024647 0.014300
0 0.275580 0.102465 0.021620 0.047191
0 0.286173 0.088879 0.023782 0.042901
0 0.310171 0.138573 0.021620 0.039326
0 0.303253 0.160381 0.025079 0.040041
0 0.328764 0.209717 0.020755 0.041471
0 0.353195 0.264773 0.022052 0.045761
0 0.263040 0.155376 0.033727 0.015730
0 0.266932 0.166816 0.031132 0.018590
0 0.276661 0.185406 0.033294 0.024310
0 0.281849 0.201137 0.034159 0.018590
0 0.292011 0.213649 0.035456 0.025025
0 0.296767 0.225447 0.032862 0.020020
0 0.300010 0.240462 0.031565 0.017160
0 0.312766 0.252975 0.021620 0.017875
0 0.313198 0.266918 0.031132 0.021450
0 0.320765 0.276213 0.030700 0.025741
0 0.324873 0.289441 0.031997 0.020735
0 0.330710 0.304099 0.031565 0.024310
1 0.330926 0.144293 0.012972 0.013585
1 0.343898 0.173609 0.012972 0.015015
1 0.350168 0.180759 0.015134 0.009295
1 0.353411 0.187551 0.014701 0.008580
1 0.356438 0.196131 0.015566 0.017160
1 0.377193 0.233670 0.012107 0.013585
1 0.379787 0.246897 0.014701 0.012870
1 0.387786 0.262628 0.010810 0.010010
1 0.396650 0.276571 0.012972 0.012155
1 0.401623 0.285866 0.014269 0.016445
1 0.377409 0.188624 0.006486 0.022165
1 0.372436 0.177541 0.006918 0.014300
1 0.368545 0.172536 0.006918 0.020020
1 0.365518 0.165743 0.006054 0.017875
1 0.340439 0.119982 0.007783 0.019305
1 0.335034 0.102465 0.007351 0.018590
1 0.325738 0.083159 0.007783 0.017160
1 0.305415 0.044548 0.006918 0.018590
0 0.826307 0.039543 0.015566 0.021450
0 0.455024 0.550540 0.022485 0.042901
0 0.437512 0.566270 0.017728 0.035751