0 0.741446 0.287532 0.038919 0.033899
0 0.741238 0.434013 0.041833 0.017128
0 0.730103 0.488966 0.039960 0.029974
0 0.783487 0.495746 0.040584 0.024265
0 0.695138 0.406894 0.035381 0.028547
0 0.703047 0.663459 0.042041 0.032115
0 0.759969 0.649721 0.044747 0.036754
0 0.695034 0.776754 0.047661 0.034613
0 0.730624 0.880237 0.042666 0.031045
0 0.725316 0.917704 0.041209 0.023194
0 0.670371 0.868104 0.043290 0.028190
0 0.675054 0.836524 0.036006 0.024265
0 0.631972 0.803695 0.041417 0.034970
0 0.634678 0.772829 0.044747 0.032472
0 0.641026 0.719839 0.043290 0.030688
0 0.643003 0.701105 0.042666 0.032472
0 0.582542 0.335705 0.021229 0.059592
0 0.603563 0.344448 0.019980 0.056380
0 0.622190 0.363895 0.023934 0.059592
0 0.558920 0.334456 0.016026 0.045675
0 0.913670 0.278611 0.019980 0.050314
0 0.938020 0.388874 0.030803 0.031758
1 0.896291 0.917526 0.010198 0.021410
1 0.895251 0.943753 0.009366 0.021767
1 0.902535 0.921630 0.010198 0.021053
1 0.906073 0.952674 0.009782 0.026049
1 0.915647 0.961952 0.010198 0.023908
1 0.922307 0.968197 0.013112 0.024265
1 0.943640 0.968554 0.010406 0.022124
1 0.950612 0.976582 0.011031 0.021053
1 0.956752 0.978902 0.006660 0.022837
1 0.967990 0.986752 0.009574 0.020696
1 0.859557 0.558906 0.009574 0.026406
1 0.975587 0.409749 0.011447 0.016414
1 0.960602 0.400649 0.012279 0.018912
1 0.864552 0.360862 0.013736 0.018555
1 0.780678 0.303768 0.012071 0.015701
1 0.809711 0.315722 0.015609 0.020340
1 0.897748 0.320896 0.008949 0.025692
1 0.983600 0.320004 0.014569 0.023908
1 0.546849 0.076642 0.014361 0.027476
1 0.593989 0.144084 0.016650 0.029617
1 0.298243 0.152292 0.012071 0.024622
1 0.326236 0.225978 0.013944 0.029974
1 0.386905 0.176735 0.012488 0.017128
1 0.400745 0.216344 0.010198 0.023551
1 0.385552 0.226870 0.008533 0.023908
1 0.408446 0.332315 0.012696 0.016414
1 0.411568 0.344091 0.011447 0.022837
1 0.250791 0.309835 0.012488 0.022837
1 0.400953 0.542492 0.011863 0.022124
1 0.423535 0.458814 0.010823 0.021053
1 0.424992 0.438474 0.008741 0.019626
1 0.432380 0.458635 0.009782 0.020696
1 0.429050 0.475406 0.009782 0.020696
1 0.439456 0.475942 0.009782 0.022481
1 0.437063 0.493783 0.008741 0.024622
1 0.449446 0.523401 0.008533 0.021053
1 0.457043 0.543205 0.011239 0.021410
1 0.463911 0.561047 0.011655 0.020696
1 0.492945 0.470589 0.008949 0.023908
1 0.459124 0.589594 0.014153 0.025692
1 0.451944 0.624207 0.011447 0.016414
1 0.439560 0.611361 0.010406 0.025692
1 0.524996 0.573893 0.009782 0.028547
1 0.518856 0.594590 0.009574 0.023551
1 0.536859 0.574250 0.008117 0.029261
1 0.457355 0.744461 0.013112 0.019983
1 0.475982 0.725192 0.011239 0.021410
1 0.484724 0.704317 0.010823 0.026049
1 0.495026 0.687188 0.011863 0.023194
1 0.454754 0.667384 0.015401 0.022124
1 0.478688 0.680944 0.012904 0.019269
1 0.480977 0.673272 0.012904 0.015344
1 0.482122 0.664173 0.014361 0.018555
1 0.485764 0.647580 0.014569 0.018912
1 0.486701 0.636518 0.011863 0.014630
1 0.512925 0.714308 0.016442 0.016771
1 0.517711 0.696109 0.012279 0.016771
1 0.540917 0.711989 0.013320 0.015701
1 0.552572 0.717520 0.010823 0.016058
1 0.536443 0.736610 0.011447 0.016414
1 0.547577 0.743569 0.012904 0.015344
1 0.533633 0.754630 0.014153 0.016771
1 0.542582 0.771937 0.013320 0.019269
1 0.535402 0.805123 0.013944 0.018555
1 0.565060 0.809940 0.014569 0.019626
1 0.510739 0.848478 0.015818 0.023908
1 0.498460 0.969089 0.011655 0.021767
1 0.529471 0.968197 0.011655 0.019983
1 0.533841 0.977474 0.010823 0.025692
1 0.545392 0.986931 0.010614 0.024622
1 0.509699 0.988536 0.009574 0.019269
1 0.588474 0.692363 0.011863 0.014987
1 0.589515 0.681122 0.012279 0.013917
1 0.591492 0.671666 0.011655 0.013560
1 0.596487 0.644903 0.011239 0.015701
1 0.598568 0.636696 0.011655 0.016414
1 0.600441 0.628667 0.011239 0.015344
1 0.602106 0.618319 0.012904 0.016058
1 0.627602 0.431516 0.011863 0.018555