0 0.441692 0.448593 0.019458 0.025947
1 0.407749 0.357777 0.006918 0.017792
1 0.403857 0.330347 0.013837 0.017792
1 0.405154 0.342209 0.012107 0.019275
1 0.398452 0.405594 0.011675 0.017051
1 0.379210 0.457860 0.013837 0.022241
1 0.426990 0.476393 0.011675 0.022241
1 0.439313 0.483066 0.011242 0.022241
1 0.433476 0.493074 0.009945 0.017051
1 0.454447 0.497522 0.013837 0.020017
1 0.446015 0.497522 0.013404 0.017051
1 0.452934 0.514573 0.009945 0.020017
1 0.441475 0.510496 0.011242 0.020758
1 0.447096 0.523099 0.011242 0.019275
1 0.454880 0.540150 0.012972 0.028171
1 0.461366 0.558684 0.012972 0.025206
1 0.467851 0.555347 0.012972 0.020017
1 0.447529 0.605389 0.014701 0.023723
1 0.441475 0.607613 0.013837 0.022241
1 0.460068 0.638379 0.015566 0.021499
1 0.453366 0.643939 0.011675 0.020758
1 0.412937 0.749211 0.010377 0.032619
1 0.506983 0.033312 0.012539 0.019275
1 0.475635 0.682366 0.016431 0.017051
1 0.489255 0.817663 0.009080 0.025206
1 0.474337 0.691633 0.017296 0.016310
1 0.479742 0.674211 0.013404 0.018534
1 0.481472 0.665685 0.015134 0.017792
1 0.482553 0.656789 0.014701 0.017792
1 0.484066 0.647152 0.014269 0.017792
1 0.485796 0.638997 0.015134 0.017792
1 0.487309 0.628988 0.017296 0.017051
1 0.517361 0.693486 0.016863 0.020017
1 0.514334 0.703865 0.015999 0.017051
1 0.511740 0.721287 0.016863 0.022241
1 0.510010 0.731295 0.016863 0.022982
1 0.537899 0.728330 0.012972 0.017051
1 0.553682 0.716839 0.009945 0.013344
1 0.550871 0.727218 0.014701 0.020758
0 0.536386 0.754648 0.021187 0.029654
1 0.530333 0.772440 0.015134 0.014827
1 0.543088 0.778371 0.016431 0.019275
1 0.541575 0.788750 0.015134 0.017792
1 0.540061 0.805060 0.019025 0.020758
1 0.566005 0.813585 0.015566 0.021499
1 0.575518 0.764656 0.019025 0.018534
1 0.576599 0.755760 0.017728 0.021499
1 0.577464 0.743527 0.015999 0.020758
1 0.579193 0.733148 0.015134 0.016310
1 0.588490 0.673840 0.012107 0.016310
1 0.592165 0.663091 0.013404 0.017051
1 0.592814 0.653453 0.013837 0.020017
1 0.594543 0.646040 0.013837 0.021499
1 0.597570 0.629730 0.016431 0.020017
1 0.600597 0.618980 0.013837 0.019275
1 0.601894 0.613420 0.013837 0.022982
0 0.732477 0.851394 0.044969 0.033361
0 0.771609 0.836938 0.017728 0.074135
0 0.671077 0.875488 0.046699 0.025206
0 0.625892 0.805060 0.043672 0.041516
0 0.633243 0.773923 0.049725 0.035585
0 0.640377 0.731666 0.046699 0.032619
0 0.643620 0.716097 0.041078 0.044481
0 0.652917 0.676806 0.049293 0.037068
0 0.648809 0.663832 0.040213 0.042257
0 0.652700 0.631212 0.042807 0.034844
0 0.658538 0.615273 0.043240 0.034102
0 0.666321 0.562637 0.048428 0.038550
0 0.716479 0.659755 0.031132 0.031137
0 0.778743 0.739821 0.025944 0.085997
0 0.778960 0.573387 0.040213 0.037809
0 0.775933 0.504441 0.016863 0.015568
0 0.781338 0.514079 0.038051 0.033361
0 0.685346 0.459589 0.038051 0.035585
0 0.684914 0.446245 0.042375 0.038550
0 0.666969 0.395463 0.019458 0.063015
1 0.628486 0.428453 0.013404 0.017792
0 0.542656 0.284260 0.019025 0.065980
0 0.571842 0.330224 0.022917 0.070428
0 0.582652 0.336154 0.018593 0.063015
0 0.607947 0.286854 0.036321 0.041516
0 0.642971 0.317991 0.031132 0.045964
1 0.614001 0.332077 0.007783 0.017792
1 0.610542 0.349128 0.006054 0.019275
1 0.609028 0.362843 0.010810 0.024465
1 0.604488 0.379523 0.007783 0.019275
1 0.597354 0.375817 0.006486 0.019275
1 0.599732 0.361360 0.006918 0.021499
1 0.602110 0.347275 0.008216 0.025947
1 0.607299 0.332818 0.009080 0.016310
1 0.340871 0.556583 0.013837 0.028913
1 0.285092 0.233848 0.011242 0.022982
1 0.277309 0.222728 0.014701 0.020017
1 0.275364 0.213090 0.011675 0.020017
1 0.266067 0.192703 0.012972 0.014827
1 0.944783 0.134136 0.008648 0.031137
1 0.930082 0.229029 0.008648 0.019275
1 0.889869 0.367291 0.012972 0.027430
1 0.856358 0.365067 0.014269 0.022982
1 0.848359 0.376558 0.009513 0.017792
1 0.856142 0.383601 0.015566 0.024465
1 0.929866 0.384342 0.011675 0.014086
1 0.943702 0.391014 0.015134 0.015568
1 0.958836 0.400281 0.015999 0.020758
1 0.882518 0.451805 0.010377 0.021499
1 0.869979 0.479977 0.007783 0.027430
1 0.885329 0.481089 0.008216 0.026689
1 0.875816 0.495916 0.011675 0.028171
1 0.878843 0.534466 0.009945 0.022241
1 0.852034 0.575240 0.013404 0.023723
1 0.864790 0.562637 0.012972 0.025206
1 0.867601 0.598964 0.012539 0.026689
1 0.842306 0.641962 0.013837 0.020758
1 0.860034 0.653082 0.010377 0.025206
1 0.830847 0.720175 0.013404 0.022982
1 0.850521 0.729442 0.012107 0.025206
1 0.822199 0.794681 0.019458 0.025206
1 0.802093 0.917374 0.010377 0.027430
0 0.814200 0.949623 0.011242 0.037068
0 0.721667 0.914780 0.048428 0.035585
1 0.889004 0.938874 0.011242 0.025947
1 0.899814 0.949623 0.012107 0.031137
1 0.905868 0.927012 0.006918 0.027430
1 0.913218 0.936279 0.010377 0.037068
1 0.933973 0.960373 0.009513 0.031878
1 0.920137 0.944063 0.012107 0.025947
1 0.940459 0.965562 0.016431 0.028913
1 0.947594 0.973717 0.017728 0.022982
1 0.958404 0.982984 0.015999 0.023723
0 0.963376 0.670875 0.028538 0.045964
0 0.911921 0.436608 0.038051 0.045964