0 0.166976 0.801510 0.010668 0.060040
0 0.172890 0.786003 0.011364 0.061631
0 0.180079 0.774074 0.012291 0.059245
0 0.157583 0.767116 0.020176 0.058847
0 0.166396 0.713040 0.030844 0.058847
0 0.206749 0.703895 0.014147 0.058847
0 0.248609 0.708070 0.027829 0.060040
0 0.232955 0.661549 0.013219 0.056859
0 0.248377 0.618010 0.014842 0.055666
0 0.259160 0.592363 0.012291 0.056064
0 0.271916 0.568705 0.011364 0.058052
0 0.282931 0.539679 0.014378 0.062824
0 0.294643 0.517412 0.013683 0.062824
0 0.305543 0.493357 0.010900 0.044931
0 0.316674 0.470692 0.012755 0.052883
0 0.333256 0.435901 0.013451 0.051690
0 0.277713 0.636896 0.025278 0.058450
0 0.219272 0.600316 0.019712 0.036978
0 0.238288 0.560753 0.025742 0.050895
0 0.259856 0.511647 0.022032 0.041750
0 0.334300 0.513635 0.018321 0.034593
0 0.391118 0.451209 0.028061 0.056064
0 0.350070 0.406080 0.012291 0.050895
0 0.355635 0.394549 0.012755 0.050100
0 0.361201 0.383813 0.009508 0.040557
0 0.364796 0.368505 0.013915 0.052088
0 0.371058 0.354787 0.013451 0.052485
0 0.387407 0.398326 0.013683 0.028231
0 0.400046 0.372282 0.014378 0.024652
0 0.339518 0.367511 0.027829 0.052485
0 0.516234 0.114030 0.020408 0.045726
0 0.476577 0.028145 0.031540 0.016302
0 0.172194 0.944453 0.018321 0.035786
0 0.272843 0.961551 0.030844 0.067595
0 0.293251 0.802305 0.027134 0.057654
0 0.313312 0.825765 0.024119 0.055269
0 0.293715 0.674670 0.028989 0.055269
0 0.248956 0.773279 0.030844 0.064812
0 0.391929 0.583019 0.016698 0.030219
0 0.445617 0.515226 0.024351 0.052088
0 0.451647 0.435106 0.020640 0.051690
0 0.484114 0.423972 0.022959 0.050100
0 0.507885 0.300314 0.023191 0.041352
0 0.570849 0.152996 0.023887 0.044135
0 0.627203 0.169299 0.014610 0.048907
0 0.621289 0.184011 0.014378 0.046521
0 0.616303 0.197132 0.014147 0.047316
0 0.608650 0.197728 0.010436 0.025447
0 0.627203 0.216217 0.017857 0.045726
0 0.647495 0.213235 0.023191 0.043738
0 0.598098 0.254588 0.015306 0.046919
0 0.591025 0.262341 0.015074 0.048907
0 0.586039 0.274866 0.016698 0.046919
0 0.581169 0.285602 0.015770 0.049305
0 0.573284 0.302898 0.015770 0.049702
0 0.566674 0.313634 0.015538 0.049702
0 0.562384 0.333316 0.015770 0.050100
0 0.555311 0.343455 0.014610 0.049702
0 0.549629 0.375066 0.015306 0.052485
0 0.543715 0.383018 0.012755 0.046124
0 0.536062 0.387193 0.008581 0.025050
0 0.531076 0.398923 0.015306 0.055666
0 0.525162 0.419996 0.014147 0.050895
0 0.518437 0.429539 0.015074 0.060438
0 0.513683 0.451408 0.016698 0.059643
0 0.505334 0.451010 0.012523 0.033400
0 0.591489 0.170293 0.022032 0.040557
0 0.573516 0.214229 0.021800 0.042545
0 0.557282 0.254786 0.017161 0.031412
0 0.533047 0.309658 0.022959 0.054474
0 0.508233 0.370692 0.026206 0.053281
0 0.593112 0.304488 0.019712 0.041750
0 0.568762 0.363535 0.019712 0.051690
0 0.533511 0.446637 0.022959 0.053281
0 0.542788 0.462342 0.027597 0.052088
0 0.522495 0.524570 0.021336 0.051690
0 0.488752 0.500713 0.009972 0.079523
0 0.469272 0.460951 0.009045 0.030219
0 0.502899 0.542462 0.010436 0.033400
0 0.479824 0.524172 0.016698 0.055666
0 0.471823 0.539679 0.016929 0.054076
0 0.468228 0.557174 0.015770 0.057257
0 0.460807 0.571290 0.015306 0.052883
0 0.454545 0.586797 0.013451 0.038569
0 0.463126 0.618010 0.028293 0.056462
0 0.490376 0.557572 0.018785 0.050100
0 0.500580 0.573278 0.011364 0.022664
0 0.599258 0.335503 0.025974 0.054474
0 0.611549 0.355781 0.022263 0.048112
0 0.673353 0.246436 0.018785 0.049702
0 0.467189 0.742816 0.023414 0.060484
0 0.443775 0.735323 0.017170 0.047638
0 0.417551 0.815611 0.028409 0.057272
0 0.369318 0.979931 0.039960 0.040138
0 0.407717 0.916506 0.029970 0.042820
0 0.131899 0.632822 0.022790 0.023551
1 0.131743 0.676712 0.013112 0.019269
1 0.104583 0.685009 0.018731 0.015522
1 0.211507 0.560295 0.012175 0.030509
1 0.207137 0.516939 0.017170 0.013381
1 0.211976 0.506502 0.013112 0.018199
1 0.183723 0.751916 0.011551 0.030509
1 0.212756 0.890279 0.019668 0.034256
1 0.234765 0.825245 0.015609 0.029439
1 0.126592 0.860037 0.015922 0.026227
1 0.334821 0.900181 0.012175 0.016593
1 0.342158 0.885194 0.011863 0.023016
1 0.301105 0.871812 0.010927 0.020875
1 0.291427 0.867798 0.015297 0.033186
1 0.276442 0.905533 0.015922 0.023016
1 0.341065 0.752183 0.017170 0.031045
1 0.339660 0.670825 0.015609 0.026763
1 0.359953 0.623990 0.011863 0.021945
1 0.337631 0.609806 0.011551 0.019269
1 0.348714 0.561365 0.012488 0.026227
1 0.349026 0.484289 0.013112 0.027298
1 0.370411 0.531659 0.010927 0.022481
1 0.383367 0.562436 0.009990 0.019804
1 0.391484 0.524165 0.011863 0.023551
1 0.407873 0.511854 0.012800 0.021410
1 0.405064 0.448159 0.010927 0.018199
1 0.222278 0.535673 0.006868 0.020875
1 0.227117 0.528179 0.008429 0.016593
1 0.231175 0.521489 0.008429 0.020340
1 0.234921 0.510784 0.009053 0.018199
1 0.261926 0.453244 0.008741 0.017663
1 0.269418 0.438524 0.008741 0.017128
1 0.275818 0.423537 0.007180 0.024622
1 0.280345 0.414438 0.006868 0.019269
1 0.305632 0.364124 0.009990 0.027833
1 0.319056 0.385802 0.011239 0.029439
1 0.335446 0.290794 0.015297 0.020340
1 0.304071 0.311134 0.013112 0.011776
1 0.298608 0.327192 0.010302 0.011776
1 0.285496 0.353419 0.010302 0.011776
1 0.267857 0.386605 0.011863 0.010705
1 0.262082 0.404001 0.010927 0.011240
1 0.250843 0.427016 0.009678 0.014452
1 0.321085 0.331474 0.006556 0.019269
1 0.315778 0.336826 0.007805 0.014987
1 0.311563 0.343517 0.008117 0.014452
1 0.432848 0.299894 0.008429 0.016058
1 0.420517 0.223888 0.012488 0.012846
1 0.420205 0.232452 0.013736 0.011776
1 0.442214 0.372956 0.011551 0.019804
1 0.456106 0.397845 0.008741 0.020340
1 0.469999 0.308190 0.009678 0.020875
1 0.491228 0.335488 0.010302 0.015522
1 0.524944 0.242622 0.009678 0.018199
1 0.510271 0.259750 0.009678 0.019269
1 0.503247 0.283301 0.008741 0.019269
1 0.484359 0.241283 0.015922 0.027298
1 0.492945 0.169292 0.008117 0.016058
1 0.490915 0.148417 0.009678 0.021410
1 0.528846 0.084722 0.016858 0.026763
1 0.581294 0.038690 0.012488 0.036397
1 0.599088 0.046719 0.009366 0.013917
1 0.582386 0.106399 0.006556 0.020875
1 0.574894 0.104258 0.007805 0.013381
1 0.615947 0.026914 0.011239 0.019269
1 0.705857 0.186420 0.007493 0.019269
1 0.685877 0.213450 0.013736 0.016593
1 0.648726 0.256806 0.010614 0.017663
1 0.655282 0.242622 0.006244 0.013917
1 0.664960 0.216126 0.005619 0.024086
0 0.618912 0.279822 0.024038 0.049779
1 0.681818 0.164474 0.009990 0.021410
1 0.700393 0.263496 0.009678 0.024622
1 0.696491 0.275272 0.012488 0.021410
1 0.686657 0.293203 0.013424 0.027298
1 0.680257 0.302570 0.008741 0.021410
1 0.675262 0.314346 0.008117 0.011776
1 0.671672 0.321304 0.010302 0.020340
1 0.645448 0.321571 0.011551 0.013381
1 0.636083 0.319430 0.005932 0.015522
1 0.644512 0.332009 0.014048 0.013917
1 0.640297 0.339502 0.011863 0.016058
1 0.666521 0.332544 0.010614 0.016058
1 0.663243 0.339235 0.009053 0.017663
1 0.715847 0.275540 0.009990 0.013381
1 0.712725 0.284104 0.011863 0.014452
1 0.706325 0.292400 0.014048 0.013917
1 0.702891 0.300161 0.011551 0.014452
1 0.700081 0.306852 0.012800 0.013917
1 0.698989 0.313543 0.011239 0.014452
1 0.696335 0.319163 0.012175 0.017128
1 0.690872 0.332009 0.010614 0.018199
1 0.685564 0.340573 0.014361 0.021410
1 0.573489 0.395437 0.013736 0.020875
1 0.584728 0.369744 0.008741 0.018734
1 0.621722 0.378308 0.010927 0.011240
1 0.607361 0.386337 0.007180 0.018734
1 0.619381 0.387943 0.014361 0.011240
1 0.618132 0.396239 0.009366 0.011776
1 0.613761 0.401592 0.008741 0.017128
1 0.605800 0.419255 0.012175 0.017128
1 0.597059 0.385802 0.003434 0.015522
1 0.593157 0.392493 0.006868 0.017128
1 0.590035 0.401057 0.010614 0.020340
1 0.579577 0.426214 0.007805 0.016058
1 0.576143 0.434242 0.011551 0.019269
1 0.602054 0.435848 0.009053 0.012846
1 0.598152 0.446821 0.011239 0.013381
1 0.594718 0.453244 0.013112 0.015522
1 0.578640 0.488303 0.009678 0.010705
1 0.563967 0.469837 0.006556 0.018734
1 0.573645 0.500346 0.011551 0.009099
1 0.566777 0.522292 0.014048 0.011240
1 0.563655 0.531391 0.010302 0.011240
1 0.556006 0.539152 0.009990 0.009635
1 0.555850 0.550125 0.012800 0.013381
1 0.552104 0.557886 0.009053 0.010705
1 0.548670 0.566718 0.010927 0.013381
1 0.545080 0.574747 0.011863 0.015522
1 0.542582 0.583846 0.013112 0.011240
1 0.539148 0.591339 0.012488 0.013381
1 0.536651 0.602312 0.011239 0.011776
1 0.533061 0.609270 0.012175 0.016058
1 0.527441 0.617032 0.013424 0.013381
1 0.525256 0.627469 0.012175 0.010705
1 0.558660 0.475725 0.007180 0.018734
1 0.556163 0.486162 0.008429 0.021410
1 0.552729 0.494191 0.006556 0.020340
1 0.549919 0.503290 0.009678 0.022481
1 0.545548 0.512122 0.008429 0.020875
1 0.541021 0.546378 0.008741 0.018734
1 0.531968 0.576888 0.008741 0.017663
1 0.520885 0.573944 0.006556 0.013917
1 0.517607 0.606059 0.011239 0.018199
1 0.516983 0.583043 0.008741 0.017128
1 0.511832 0.588931 0.005307 0.010705
1 0.473589 0.669754 0.014361 0.011776
1 0.435190 0.663331 0.011863 0.007494
1 0.413337 0.683403 0.014361 0.012311
1 0.425980 0.693305 0.013424 0.011776
1 0.414429 0.698123 0.010302 0.017128
1 0.696803 0.471443 0.009366 0.017663
1 0.729739 0.509713 0.011551 0.011776
1 0.730988 0.526306 0.007180 0.006423
1 0.730051 0.536208 0.012800 0.010170
1 0.729115 0.546110 0.007805 0.010705
1 0.723964 0.563239 0.010614 0.011776
1 0.450331 0.801962 0.008429 0.020340
1 0.445960 0.838091 0.010302 0.017663
1 0.424575 0.873150 0.009990 0.014987
1 0.413024 0.868868 0.009990 0.019269
1 0.388830 0.729970 0.012175 0.013381
1 0.388049 0.741210 0.016858 0.013381
1 0.389766 0.752718 0.011551 0.014987