1 0.546977 0.115133 0.006416 0.019751
1 0.509842 0.180169 0.005580 0.015221
1 0.588474 0.105802 0.005580 0.012612
1 0.595703 0.071228 0.003805 0.008698
1 0.492340 0.120806 0.004566 0.009568
1 0.434126 0.172341 0.005834 0.014351
1 0.422078 0.206480 0.009131 0.010437
1 0.420690 0.213247 0.012603 0.006958
1 0.420049 0.222403 0.010894 0.004761
1 0.418553 0.228995 0.013030 0.009156
0 0.522139 0.015012 0.030508 0.014876
0 0.494290 0.024370 0.030228 0.015356
0 0.460003 0.033728 0.028269 0.014876
0 0.474558 0.052683 0.031068 0.021115
0 0.473158 0.063480 0.030508 0.024474
0 0.510664 0.080276 0.019872 0.036951
0 0.518781 0.110509 0.021552 0.040790
0 0.486873 0.182491 0.020432 0.041750
0 0.502407 0.147220 0.013435 0.023994
0 0.408223 0.097072 0.021552 0.037911
0 0.380514 0.206485 0.019872 0.046549
0 0.382473 0.220402 0.018753 0.041750
0 0.310121 0.307741 0.022951 0.043669
0 0.403045 0.269110 0.030228 0.025914
0 0.376455 0.296943 0.021832 0.041270
0 0.547890 0.005947 0.015394 0.011893
0 0.290948 0.338933 0.015954 0.027353
0 0.315999 0.337254 0.010076 0.023034
0 0.433274 0.297183 0.017913 0.039830
0 0.418439 0.302942 0.024631 0.044629
0 0.357283 0.335094 0.021552 0.045589
0 0.594072 0.163296 0.019872 0.040790
0 0.575599 0.205766 0.020432 0.043189
0 0.556706 0.251594 0.021272 0.043669
0 0.538653 0.295024 0.020432 0.043189
0 0.625700 0.170974 0.014834 0.045589
0 0.621361 0.185131 0.014554 0.051827
0 0.615624 0.198567 0.014275 0.047029
0 0.609886 0.216083 0.015674 0.047508
0 0.596311 0.246796 0.010916 0.028313
0 0.625700 0.218962 0.020992 0.043669
0 0.590433 0.258793 0.015394 0.045589
0 0.586095 0.278468 0.015114 0.050388
0 0.580917 0.291185 0.015394 0.045109
0 0.573220 0.300782 0.015114 0.046069
0 0.568882 0.320218 0.015954 0.054227
0 0.562724 0.337014 0.013155 0.049428
0 0.629478 0.253514 0.022391 0.042710
0 0.612405 0.296943 0.020152 0.044149
0 0.646272 0.209845 0.019592 0.043669
0 0.514163 0.353090 0.024631 0.050868
0 0.555867 0.346851 0.012875 0.047988
0 0.547750 0.362207 0.013995 0.047988
0 0.542152 0.372285 0.013435 0.048948
0 0.536414 0.389321 0.015394 0.061905
0 0.531376 0.401318 0.013715 0.049428
0 0.523679 0.420273 0.013995 0.049908
0 0.519201 0.437549 0.016234 0.058546
0 0.512343 0.449786 0.013155 0.050388
0 0.506605 0.462023 0.013995 0.049908
0 0.498908 0.487457 0.015394 0.047988
0 0.591833 0.349730 0.019872 0.043189
0 0.583156 0.344452 0.020992 0.045109
0 0.558945 0.385002 0.020152 0.041750
0 0.573500 0.393880 0.020712 0.045109
0 0.553208 0.441868 0.023231 0.046069
0 0.534455 0.488656 0.019872 0.044629
0 0.537394 0.444267 0.024631 0.059505
0 0.514442 0.535685 0.022951 0.046549
0 0.516961 0.491536 0.024071 0.049428
0 0.487853 0.516010 0.013435 0.056146
0 0.492471 0.494175 0.014275 0.044149
0 0.481415 0.524888 0.014554 0.037431
0 0.472459 0.539044 0.011755 0.046549
0 0.467421 0.561839 0.013995 0.053747
0 0.460983 0.575275 0.013995 0.052787
0 0.454545 0.587032 0.015114 0.055187
0 0.477217 0.583433 0.024071 0.051827
0 0.456324 0.775815 0.020440 0.051320
0 0.337013 0.765014 0.025974 0.053996
0 0.301136 0.847957 0.026299 0.057336
0 0.272727 0.949548 0.025974 0.057893
0 0.282955 0.946486 0.028247 0.055110
0 0.348701 0.991196 0.035714 0.017608
0 0.643852 0.323800 0.013615 0.015712
0 0.638484 0.338839 0.015972 0.016161
0 0.650791 0.256013 0.010212 0.018406
0 0.407620 0.355866 0.023843 0.045664
0 0.392401 0.390005 0.013697 0.028703
0 0.392654 0.357823 0.023843 0.047838
0 0.376294 0.424579 0.027141 0.048273
0 0.354099 0.472418 0.027394 0.050883
0 0.327592 0.526779 0.025619 0.046534
0 0.370079 0.352822 0.012175 0.051752
0 0.365133 0.363042 0.011922 0.058276
0 0.359806 0.373697 0.011414 0.045664
0 0.354226 0.382177 0.012429 0.047838
0 0.349026 0.393334 0.009990 0.048887
0 0.343719 0.405823 0.009782 0.048173
0 0.338412 0.426341 0.010406 0.030688
0 0.331856 0.432765 0.008533 0.031402
0 0.326653 0.443826 0.011447 0.051384
0 0.314789 0.465772 0.010198 0.042463
0 0.310315 0.481829 0.012488 0.051028
0 0.305216 0.493783 0.011447 0.052098
0 0.299388 0.502526 0.011031 0.055310
0 0.294705 0.515729 0.009990 0.052455
0 0.287525 0.523936 0.011031 0.051028
0 0.282842 0.538923 0.010823 0.050314
0 0.276702 0.559441 0.010614 0.035684
0 0.269938 0.568719 0.008741 0.043534
0 0.258179 0.589059 0.012279 0.052098
0 0.252456 0.600299 0.010823 0.053882
0 0.247877 0.612431 0.009158 0.056023
0 0.242154 0.624742 0.011031 0.055666
0 0.237887 0.639372 0.010823 0.059948
0 0.231331 0.651148 0.011447 0.054239
0 0.226232 0.666670 0.010406 0.054596
0 0.219468 0.682906 0.011031 0.052812
0 0.213328 0.695217 0.011655 0.053882
0 0.305528 0.576034 0.025808 0.048887
0 0.283362 0.625277 0.026848 0.050314
0 0.260885 0.675948 0.024351 0.050314
0 0.239344 0.725727 0.026224 0.052098
0 0.205211 0.706814 0.013736 0.057094
0 0.184087 0.757485 0.011863 0.057094
0 0.178155 0.772115 0.011239 0.057094
0 0.172432 0.781215 0.010614 0.057451
0 0.166084 0.794953 0.009574 0.059235
0 0.159008 0.811011 0.010823 0.059948
0 0.151307 0.827425 0.012904 0.068512
0 0.300117 0.370854 0.008325 0.023194
0 0.335914 0.347838 0.023726 0.042820
0 0.326340 0.402612 0.025391 0.045318
0 0.314998 0.390123 0.026848 0.044604
0 0.306464 0.445789 0.023102 0.046032
0 0.298972 0.426163 0.013944 0.027476
0 0.280137 0.468091 0.025808 0.046389
0 0.269418 0.527861 0.027264 0.055310
0 0.253913 0.520189 0.026640 0.049243
0 0.273477 0.426877 0.025808 0.047459
0 0.216658 0.777468 0.029138 0.052098
0 0.190955 0.834205 0.027264 0.056380
0 0.233516 0.601013 0.024559 0.052455
0 0.212496 0.654716 0.027056 0.049957
0 0.165876 0.750884 0.027056 0.055310
0 0.232268 0.570682 0.023726 0.048887
0 0.211767 0.613323 0.026016 0.052812
0 0.188249 0.666135 0.029346 0.056380
0 0.162025 0.720017 0.028513 0.052812
0 0.230291 0.522330 0.024767 0.049243
0 0.131629 0.977521 0.021374 0.044958
0 0.149215 0.697121 0.019210 0.035255
0 0.117424 0.708486 0.020022 0.032008
0 0.126894 0.688075 0.018398 0.020875
0 0.148539 0.640759 0.022727 0.044997
1 0.684818 0.212853 0.013763 0.014522
1 0.690288 0.282739 0.008470 0.026018
1 0.680014 0.307600 0.007215 0.018555
1 0.675054 0.318424 0.006313 0.020617
1 0.668741 0.333629 0.009319 0.021133
1 0.700908 0.301415 0.009319 0.016494
1 0.700758 0.216884 0.012025 0.015463
1 0.580207 0.429241 0.011424 0.025771
1 0.556006 0.548821 0.015332 0.017525
1 0.537668 0.591344 0.014129 0.013917
1 0.532858 0.603714 0.015332 0.013917
1 0.522036 0.575881 0.008718 0.023194
1 0.514971 0.591601 0.008418 0.026802
1 0.524291 0.628455 0.012626 0.011855
1 0.507906 0.606033 0.008117 0.026802
1 0.459416 0.679327 0.014610 0.027137
1 0.465839 0.732608 0.007058 0.021783
1 0.443429 0.818830 0.007411 0.024808
1 0.390422 0.640878 0.007468 0.021710
1 0.388149 0.750819 0.013312 0.011133
1 0.386201 0.764457 0.016558 0.010577
1 0.386851 0.771694 0.012013 0.012803
1 0.337987 0.667041 0.009740 0.020597
1 0.253409 0.862152 0.013312 0.030060
1 0.247727 0.800084 0.011688 0.019483
1 0.246104 0.777817 0.010390 0.018370
1 0.209253 0.987856 0.014610 0.024288
1 0.418669 0.385369 0.009416 0.022823
1 0.273701 0.377576 0.013636 0.013917
1 0.288636 0.392327 0.009740 0.021153
1 0.262204 0.392042 0.013045 0.011929
1 0.259595 0.402977 0.008407 0.013917
1 0.253653 0.424597 0.019712 0.015408
1 0.200893 0.524747 0.013335 0.013917
1 0.192921 0.546616 0.018843 0.018887
1 0.209445 0.564260 0.008407 0.028330
1 0.193646 0.597312 0.012175 0.026839
1 0.177992 0.628873 0.013915 0.029324
1 0.140596 0.602282 0.017393 0.013917
1 0.134943 0.616199 0.017103 0.014911
1 0.125232 0.637322 0.011016 0.010437
1 0.114506 0.661179 0.016814 0.018390
1 0.104360 0.682551 0.016234 0.014414
1 0.129435 0.730762 0.010726 0.031312
1 0.136103 0.717840 0.011306 0.029324
0 0.191471 0.701935 0.029279 0.053181
0 0.165381 0.662173 0.017103 0.031312
1 0.307862 0.351286 0.010436 0.027833
1 0.351345 0.866449 0.011596 0.019384
1 0.711677 0.479766 0.008117 0.018390