0 0.514671 0.123591 0.021044 0.042781
0 0.453343 0.243686 0.015633 0.036595
0 0.420875 0.325382 0.022848 0.055666
0 0.396976 0.381306 0.025553 0.047935
0 0.372775 0.435942 0.027056 0.045873
0 0.423130 0.377956 0.023148 0.051543
0 0.369168 0.352442 0.012626 0.032472
0 0.359548 0.384399 0.014430 0.047935
0 0.349026 0.403985 0.013829 0.052058
0 0.336851 0.422540 0.014129 0.054120
0 0.315506 0.466094 0.012927 0.054636
0 0.303030 0.418417 0.024651 0.047935
0 0.304533 0.498051 0.014430 0.053605
0 0.269811 0.572015 0.012326 0.054120
0 0.259139 0.593148 0.012626 0.062367
0 0.252225 0.605260 0.012626 0.054636
0 0.240500 0.629743 0.012025 0.062367
0 0.206981 0.709892 0.009319 0.057728
0 0.184434 0.760662 0.010522 0.061336
0 0.176768 0.772259 0.012025 0.069068
0 0.170905 0.786176 0.009921 0.060821
0 0.160233 0.824318 0.009019 0.042265
0 0.151365 0.825606 0.011724 0.067521
0 0.166246 0.714274 0.025253 0.058244
0 0.187440 0.668400 0.021344 0.041750
0 0.260792 0.508102 0.026154 0.047935
0 0.238546 0.557068 0.029762 0.056182
0 0.393819 0.945959 0.030063 0.061852
0 0.394871 0.903952 0.009319 0.024225
0 0.446880 0.810144 0.024952 0.060305
0 0.465218 0.745457 0.020142 0.063913
0 0.444925 0.726129 0.022246 0.061336
0 0.455898 0.491093 0.018338 0.032472
0 0.458754 0.570211 0.013829 0.053605
0 0.465218 0.552686 0.013528 0.040204
0 0.471230 0.543924 0.019541 0.060821
0 0.480550 0.523822 0.015933 0.051543
0 0.486412 0.512483 0.013829 0.058759
0 0.492274 0.499340 0.015933 0.057213
0 0.506103 0.466610 0.014731 0.058759
0 0.513017 0.454497 0.014129 0.059274
0 0.517677 0.432076 0.016835 0.059790
0 0.524591 0.422798 0.016835 0.051543
0 0.531205 0.406304 0.009620 0.021648
0 0.536616 0.387749 0.016234 0.057728
0 0.540374 0.374606 0.014731 0.057213
0 0.548942 0.359400 0.014430 0.052574
0 0.573443 0.310177 0.015933 0.052058
0 0.580357 0.290848 0.014731 0.048450
0 0.596441 0.250645 0.015031 0.050512
0 0.610269 0.209926 0.015633 0.048450
0 0.619288 0.237501 0.010221 0.047935
0 0.623647 0.273066 0.021344 0.045873
0 0.622745 0.182608 0.015933 0.049481
0 0.628157 0.177196 0.014129 0.047935
0 0.498437 0.398573 0.013829 0.025771
0 0.560215 0.426406 0.023148 0.048450
0 0.578854 0.351154 0.023148 0.048450
0 0.644992 0.216884 0.020743 0.046904
0 0.561568 0.241882 0.022246 0.044327
0 0.541126 0.294456 0.024050 0.048450
0 0.506704 0.555006 0.023749 0.051028
1 0.500391 0.107098 0.009319 0.018040
1 0.489117 0.129003 0.012025 0.025771
1 0.473635 0.102716 0.007516 0.019586
1 0.466270 0.112510 0.009019 0.014432
1 0.437560 0.168434 0.009319 0.013917
1 0.385853 0.273066 0.018338 0.012886
1 0.421026 0.228739 0.012927 0.011855
1 0.424032 0.217915 0.011724 0.015978
1 0.600349 0.066636 0.008418 0.012370
1 0.590578 0.176681 0.011724 0.027318
1 0.548641 0.207864 0.007215 0.015463
1 0.496783 0.212761 0.011123 0.019071
1 0.490320 0.326671 0.009019 0.022163
1 0.485510 0.422025 0.011424 0.021133
1 0.392466 0.467383 0.014129 0.023194
1 0.387957 0.573304 0.009319 0.016494
1 0.367965 0.534646 0.012626 0.021648
1 0.337602 0.590055 0.007816 0.019071
1 0.340759 0.675101 0.008718 0.021133
1 0.310095 0.629228 0.007516 0.019071
1 0.283790 0.711696 0.012626 0.022163
1 0.253577 0.792619 0.014129 0.027318
1 0.234939 0.823802 0.010522 0.021648
1 0.104467 0.685667 0.017737 0.014432
1 0.151515 0.690306 0.006013 0.022679
1 0.157528 0.623043 0.011424 0.015978
1 0.207281 0.570211 0.008117 0.022679
1 0.220659 0.597529 0.010823 0.022679
1 0.203373 0.524853 0.011724 0.012370
1 0.226221 0.526657 0.009319 0.021133
1 0.230730 0.517895 0.007516 0.019071
1 0.212542 0.508360 0.010221 0.009278
1 0.201720 0.377698 0.009620 0.020102
1 0.210137 0.361978 0.009019 0.012370
1 0.261394 0.453466 0.005111 0.014947
0 0.279882 0.467125 0.015031 0.025771
1 0.250722 0.426922 0.011424 0.013401
1 0.255832 0.419448 0.010221 0.011855
1 0.261544 0.403212 0.009620 0.010309
1 0.265753 0.394965 0.009620 0.009278
1 0.273569 0.377440 0.012025 0.013401
1 0.283640 0.363008 0.011123 0.013401
1 0.285594 0.351411 0.010823 0.010824
1 0.293561 0.334917 0.011724 0.011855
1 0.296417 0.326671 0.009019 0.008762
1 0.304233 0.311465 0.012626 0.013401
1 0.314304 0.295229 0.011123 0.013917
1 0.317160 0.335691 0.006614 0.018555
1 0.312801 0.344453 0.006313 0.016494
1 0.308291 0.352442 0.007516 0.015978
1 0.301828 0.369194 0.006013 0.014432
1 0.285444 0.404758 0.006313 0.014432
1 0.278680 0.421510 0.008418 0.018040
1 0.273870 0.428468 0.006013 0.015463
1 0.269661 0.439034 0.006614 0.013917
0 0.247114 0.474857 0.022246 0.036080
1 0.661676 0.215596 0.007816 0.020617
1 0.683923 0.213276 0.009620 0.013917
1 0.668140 0.260180 0.010522 0.008762
1 0.664983 0.272808 0.011424 0.010309
1 0.660774 0.280540 0.010823 0.010309
1 0.662127 0.338783 0.008117 0.016494
1 0.647096 0.322547 0.011123 0.010824
1 0.659271 0.289044 0.010221 0.009793
1 0.621392 0.331052 0.008418 0.017525
1 0.603355 0.372028 0.008418 0.013917
1 0.599747 0.378987 0.008418 0.016494
1 0.597342 0.387491 0.008418 0.018040
1 0.593735 0.394450 0.007816 0.014432
1 0.589827 0.400119 0.008418 0.019586
1 0.610720 0.355535 0.008117 0.018040
1 0.614779 0.344968 0.007816 0.015463
1 0.607564 0.359658 0.009019 0.019071
1 0.581409 0.372028 0.012626 0.021133
1 0.579906 0.424087 0.007816 0.018040
1 0.573593 0.443673 0.007816 0.015978
1 0.564123 0.472537 0.008117 0.020102
1 0.556307 0.486196 0.007516 0.018555
1 0.553000 0.495989 0.007516 0.018555
1 0.546236 0.511710 0.008418 0.015978
1 0.542478 0.522018 0.008117 0.015978
1 0.538721 0.527173 0.007215 0.019071
1 0.534812 0.536450 0.008418 0.015978
1 0.531956 0.544182 0.007516 0.017009
0 0.513919 0.591601 0.009921 0.028349
0 0.508959 0.607580 0.007816 0.027318
1 0.619589 0.386976 0.012025 0.010824
1 0.616582 0.396254 0.010823 0.010824
1 0.614628 0.404243 0.009319 0.011339
1 0.611171 0.411201 0.011424 0.008762
1 0.606361 0.420736 0.012626 0.008247
1 0.604257 0.427953 0.009019 0.011339
1 0.601401 0.436715 0.008117 0.011339
1 0.598695 0.446250 0.009921 0.007731
1 0.594036 0.454239 0.010221 0.012370
1 0.590278 0.463259 0.011123 0.011855
1 0.569535 0.513772 0.011123 0.013917
1 0.566679 0.522276 0.012025 0.012370
1 0.562771 0.528977 0.012626 0.011339
1 0.558712 0.539028 0.011123 0.011855
1 0.558111 0.548821 0.009319 0.009793
1 0.551347 0.560418 0.009620 0.012370
1 0.549242 0.565314 0.012025 0.012886
1 0.544883 0.574850 0.011724 0.011339
1 0.542178 0.584901 0.011123 0.011855
1 0.533159 0.602168 0.011724 0.012370
1 0.528800 0.619177 0.011424 0.011339
1 0.524591 0.627681 0.010221 0.012886
1 0.730632 0.508065 0.009695 0.007731
1 0.731647 0.517343 0.009470 0.012370
1 0.731760 0.527007 0.009244 0.009278
1 0.731309 0.536865 0.009244 0.011984
1 0.730294 0.544983 0.008117 0.008891
1 0.728941 0.551748 0.011273 0.012370
1 0.726574 0.562572 0.009695 0.009278
1 0.719922 0.583833 0.011273 0.010051
1 0.719021 0.594078 0.010372 0.011984
1 0.369105 0.725598 0.010253 0.016114
1 0.366435 0.756910 0.008330 0.017213
1 0.427204 0.782912 0.010253 0.015748
1 0.389397 0.753980 0.011535 0.012818
1 0.390358 0.743543 0.009612 0.010987
1 0.389397 0.734754 0.010680 0.010987
1 0.387581 0.726330 0.008758 0.011719
1 0.447817 0.843340 0.010467 0.015015
1 0.444399 0.852495 0.009185 0.015015
1 0.316558 0.923909 0.011107 0.017945
1 0.290713 0.992626 0.012389 0.014748
0 0.412252 0.127917 0.009398 0.017579