0 0.544299 0.007645 0.025912 0.014452
0 0.516983 0.017012 0.029346 0.020340
0 0.483111 0.025844 0.030907 0.016593
0 0.452048 0.038155 0.029346 0.021945
0 0.489510 0.054212 0.029346 0.020875
0 0.486701 0.082848 0.026224 0.035327
0 0.528222 0.091948 0.021229 0.038538
0 0.507773 0.132359 0.022165 0.040144
0 0.511051 0.082313 0.019980 0.038538
0 0.488418 0.179997 0.020917 0.044426
0 0.433785 0.297217 0.023414 0.048708
0 0.391327 0.130486 0.020292 0.041750
0 0.404595 0.269652 0.031843 0.025692
0 0.374938 0.194716 0.019980 0.044961
0 0.389298 0.207562 0.020604 0.047102
0 0.416771 0.306852 0.023102 0.042285
0 0.411464 0.349940 0.023726 0.040679
0 0.397415 0.349405 0.022478 0.043891
0 0.370099 0.362518 0.013424 0.049779
0 0.364948 0.370547 0.012488 0.048708
0 0.361357 0.380985 0.011551 0.051384
0 0.356518 0.386872 0.013112 0.052455
0 0.350275 0.401592 0.009366 0.049779
0 0.345124 0.412832 0.012175 0.055131
0 0.338880 0.423002 0.009678 0.048708
0 0.333729 0.433975 0.010614 0.052455
0 0.327329 0.441736 0.011551 0.050849
0 0.314998 0.462611 0.009990 0.050849
0 0.310159 0.479471 0.010302 0.061019
0 0.305320 0.490712 0.009990 0.049243
0 0.300012 0.499811 0.010614 0.058878
0 0.294237 0.512925 0.012175 0.050849
0 0.288149 0.525236 0.010614 0.054061
0 0.283310 0.541026 0.010927 0.053525
0 0.277223 0.548787 0.010614 0.055131
0 0.270823 0.562971 0.010302 0.055666
0 0.259116 0.588663 0.011863 0.055666
0 0.253497 0.599903 0.011863 0.055666
0 0.248814 0.618905 0.010614 0.057272
0 0.243506 0.629878 0.011239 0.056737
0 0.237731 0.643527 0.010927 0.056202
0 0.231956 0.654232 0.008741 0.055131
0 0.225712 0.670825 0.011239 0.056202
0 0.218531 0.680727 0.012488 0.056737
0 0.214865 0.693159 0.010436 0.036183
0 0.208604 0.696539 0.011364 0.058847
0 0.178108 0.773279 0.010668 0.059643
0 0.172890 0.785208 0.010900 0.056462
0 0.165932 0.797931 0.009972 0.057257
0 0.159091 0.812047 0.009740 0.056859
0 0.152134 0.823180 0.010204 0.057654
0 0.314819 0.294946 0.020176 0.018290
0 0.296730 0.331526 0.025278 0.044533
0 0.309485 0.348226 0.023887 0.044533
0 0.353084 0.351805 0.024814 0.058052
0 0.333024 0.351805 0.024119 0.046919
0 0.317022 0.386000 0.008813 0.020676
0 0.323400 0.409857 0.026670 0.042147
0 0.303455 0.415225 0.024351 0.045726
0 0.287338 0.396934 0.012987 0.029026
0 0.267277 0.446438 0.009045 0.022267
0 0.250116 0.428346 0.014147 0.009940
0 0.274814 0.380831 0.020408 0.019086
0 0.263799 0.406875 0.022032 0.040159
0 0.282236 0.457173 0.025974 0.051690
0 0.298817 0.459559 0.026206 0.047714
0 0.277250 0.507074 0.026670 0.044931
0 0.262291 0.505484 0.024119 0.046521
0 0.255450 0.552800 0.024351 0.044931
0 0.237013 0.601508 0.023191 0.050100
0 0.216141 0.644849 0.025510 0.047714
0 0.239332 0.552403 0.024119 0.048907
0 0.217648 0.602304 0.028061 0.054871
0 0.379986 0.416418 0.024814 0.048112
0 0.351113 0.477651 0.022727 0.044931
0 0.327226 0.528546 0.025046 0.048112
0 0.307514 0.575862 0.024583 0.050497
0 0.281888 0.631131 0.025742 0.051293
0 0.257421 0.687394 0.025510 0.051690
0 0.232607 0.742464 0.028757 0.053678
0 0.208140 0.794353 0.027597 0.054076
0 0.185529 0.847832 0.026902 0.055269
0 0.155148 0.900715 0.029221 0.054474
0 0.136248 0.965129 0.018785 0.061631
0 0.229244 0.513635 0.028061 0.050100
0 0.216257 0.553596 0.024351 0.049702
0 0.195153 0.599719 0.015538 0.028231
0 0.189471 0.662940 0.025974 0.053678
0 0.186572 0.704491 0.026206 0.057257
0 0.165005 0.756579 0.026670 0.053281
0 0.151670 0.629143 0.025974 0.054474
0 0.166396 0.658964 0.026206 0.055269
0 0.165584 0.713636 0.028293 0.046919
0 0.142973 0.709064 0.026670 0.053678
0 0.126855 0.687990 0.025510 0.055269
0 0.626391 0.171287 0.015306 0.049305
0 0.620710 0.184011 0.017393 0.048509
0 0.614680 0.199518 0.015074 0.048509
0 0.609694 0.213037 0.013451 0.046919
0 0.595083 0.252997 0.015770 0.049702
0 0.589981 0.265920 0.015770 0.049305
0 0.584068 0.275860 0.014147 0.049305
0 0.579777 0.289379 0.013451 0.050100
0 0.570849 0.306874 0.014610 0.046124
0 0.566558 0.318206 0.014378 0.051293
0 0.560645 0.331725 0.015074 0.051293
0 0.555195 0.343853 0.015770 0.048509
0 0.548237 0.363932 0.015306 0.056064
0 0.542672 0.382223 0.015770 0.048907
0 0.539193 0.395344 0.018553 0.052883
0 0.531656 0.402302 0.015074 0.050100
0 0.523191 0.420990 0.015770 0.050100
0 0.517973 0.436696 0.014610 0.051293
0 0.512639 0.455384 0.013683 0.049702
0 0.506494 0.466716 0.014378 0.052485
0 0.498609 0.490772 0.015306 0.052883
0 0.491651 0.502899 0.013915 0.053281
0 0.485969 0.515623 0.015074 0.052485
0 0.480635 0.530534 0.015074 0.052088
0 0.471823 0.551011 0.015538 0.057257
0 0.465445 0.567711 0.014378 0.053281
0 0.459416 0.582820 0.014842 0.053281
0 0.453386 0.590176 0.015306 0.054474
0 0.615028 0.117211 0.019944 0.049305
0 0.595547 0.160153 0.019481 0.042943
0 0.576299 0.202699 0.021800 0.045328
0 0.554383 0.257172 0.019249 0.043738
0 0.534787 0.301506 0.022263 0.044931
0 0.516350 0.347034 0.022495 0.046124
0 0.493854 0.399519 0.022495 0.045328
0 0.471823 0.452004 0.021568 0.044533
0 0.448864 0.505683 0.022495 0.046919
0 0.421962 0.568705 0.022959 0.044931
0 0.400394 0.621389 0.022495 0.050100
0 0.429499 0.593159 0.024583 0.050895
0 0.410830 0.638884 0.023423 0.052485
0 0.240724 0.984851 0.020408 0.030298
0 0.261248 0.941073 0.024814 0.055666
0 0.286294 0.880834 0.025742 0.055269
0 0.311688 0.826560 0.021800 0.046124
0 0.335459 0.768905 0.025742 0.052485
0 0.312848 0.871292 0.025510 0.053678
0 0.311224 0.894552 0.026438 0.056462
0 0.360622 0.985447 0.039425 0.029105
0 0.399351 0.927554 0.028293 0.057257
0 0.367927 0.709859 0.028989 0.052883
0 0.426832 0.783816 0.024814 0.052883
0 0.439007 0.830934 0.025974 0.058847
0 0.463242 0.748627 0.019712 0.058847
0 0.448632 0.741867 0.019249 0.054076
0 0.444109 0.730734 0.019017 0.057257
0 0.446313 0.651211 0.026206 0.041352
0 0.470663 0.601508 0.024351 0.046124
0 0.490144 0.553397 0.024351 0.046919
0 0.517277 0.483615 0.022032 0.045726
0 0.540237 0.430135 0.024351 0.050895
0 0.564471 0.367312 0.027829 0.048509
0 0.599374 0.290572 0.020640 0.045328
0 0.618275 0.244647 0.019481 0.042545
0 0.641234 0.183812 0.017161 0.045726
0 0.647611 0.205879 0.016466 0.047714
0 0.627899 0.258961 0.019712 0.043340
0 0.606795 0.316019 0.020176 0.043738
0 0.587662 0.360354 0.019944 0.044135
0 0.567254 0.406477 0.019017 0.048907
0 0.544643 0.465523 0.022032 0.050100
0 0.523655 0.513635 0.025510 0.046919
0 0.504290 0.566518 0.022495 0.054076
0 0.535366 0.606280 0.022495 0.049305
0 0.555079 0.495544 0.019249 0.044135
0 0.598330 0.385205 0.021336 0.044533
0 0.614912 0.410056 0.020640 0.047316
0 0.623724 0.318803 0.017857 0.044533
0 0.650394 0.255184 0.021568 0.042147
0 0.665121 0.212241 0.016234 0.044533
0 0.677064 0.235701 0.021104 0.046919
0 0.530148 0.554788 0.008813 0.025050
0 0.537686 0.538486 0.008581 0.025845
0 0.642436 0.334402 0.012626 0.017525
0 0.664532 0.340845 0.009921 0.025256
1 0.575848 0.048854 0.007516 0.016494
1 0.607864 0.059936 0.009620 0.014947
1 0.640031 0.081842 0.009620 0.015463
1 0.701359 0.261726 0.010221 0.021648
1 0.696849 0.269200 0.009620 0.014947
1 0.693092 0.284148 0.012927 0.025256
1 0.683472 0.297807 0.009319 0.018555
1 0.664532 0.275128 0.010522 0.029895
1 0.679413 0.311981 0.009620 0.023194
1 0.670695 0.326155 0.010823 0.018555
1 0.723755 0.490835 0.016534 0.025256
1 0.694144 0.469960 0.009620 0.013401
1 0.580658 0.426406 0.008718 0.022163
1 0.590578 0.462744 0.010522 0.012370
1 0.577802 0.451147 0.005411 0.015978
1 0.568182 0.512998 0.011424 0.010824
1 0.560065 0.530781 0.012626 0.013401
1 0.555556 0.549078 0.014430 0.009793
1 0.549543 0.565057 0.012626 0.010824
1 0.377279 0.241283 0.010302 0.018199
1 0.405688 0.413635 0.012175 0.022481
1 0.164211 0.398380 0.009366 0.010170
1 0.181537 0.418452 0.009678 0.021410
1 0.176074 0.412297 0.007493 0.012311
1 0.198551 0.531391 0.014361 0.014987
1 0.191996 0.546913 0.023102 0.014987
1 0.365572 0.627469 0.011863 0.026227
1 0.308910 0.650753 0.008429 0.020340
1 0.313437 0.662796 0.009990 0.023016
1 0.281281 0.697587 0.009366 0.016593
1 0.292832 0.794201 0.010614 0.020340
1 0.351680 0.869671 0.010302 0.020340
1 0.340441 0.888405 0.009678 0.017128
1 0.169674 0.968158 0.013424 0.023551
0 0.149226 0.593480 0.015609 0.028904
0 0.135646 0.616764 0.017170 0.019804
0 0.105988 0.685009 0.019668 0.016058
1 0.511208 0.592142 0.010927 0.020875
1 0.507930 0.608468 0.010614 0.032115