0 0.516283 0.069070 0.020661 0.041750
0 0.524769 0.104494 0.015004 0.025725
0 0.508535 0.189048 0.015496 0.029520
0 0.487259 0.181246 0.023121 0.048497
0 0.468689 0.274023 0.017956 0.032472
0 0.468197 0.398218 0.016972 0.034581
0 0.441140 0.357101 0.015496 0.029098
0 0.381125 0.473495 0.029270 0.060305
0 0.267980 0.856834 0.026318 0.058618
0 0.221738 0.961630 0.027794 0.058197
0 0.241908 0.787672 0.015004 0.028255
0 0.207104 0.702697 0.010331 0.058197
0 0.163322 0.722939 0.026564 0.048919
0 0.247319 0.619408 0.012052 0.055245
0 0.259248 0.590521 0.012298 0.054823
0 0.276097 0.552566 0.015004 0.059040
0 0.309548 0.565007 0.028286 0.050184
0 0.293684 0.517986 0.011806 0.041328
0 0.257035 0.512714 0.028040 0.048497
0 0.335498 0.510184 0.024105 0.050184
0 0.309302 0.480453 0.014512 0.057353
0 0.326274 0.445872 0.015004 0.052293
0 0.337712 0.422889 0.013282 0.053558
0 0.370671 0.436173 0.026564 0.048919
0 0.319264 0.330322 0.007871 0.023616
0 0.363046 0.326105 0.027548 0.047232
0 0.399818 0.369753 0.016972 0.026568
0 0.592409 0.169227 0.019923 0.043015
0 0.626968 0.177240 0.012790 0.046389
0 0.614792 0.196850 0.015496 0.047654
0 0.589581 0.261372 0.017710 0.051871
0 0.662510 0.216038 0.019431 0.042172
0 0.642587 0.222785 0.017956 0.040485
0 0.626230 0.260107 0.021645 0.045124
0 0.666076 0.263059 0.021153 0.053558
0 0.706907 0.294477 0.012298 0.016869
0 0.665953 0.332642 0.007625 0.028255
0 0.600526 0.329479 0.025826 0.051449
0 0.568059 0.323153 0.016480 0.052293
0 0.549365 0.366379 0.015496 0.048497
0 0.540511 0.475814 0.021891 0.048919
0 0.514684 0.504491 0.023859 0.053136
0 0.521571 0.522624 0.017956 0.032050
0 0.483569 0.504491 0.014266 0.056510
0 0.478281 0.521570 0.013036 0.048497
0 0.470902 0.535908 0.015004 0.056088
0 0.466229 0.563109 0.015496 0.058197
0 0.460203 0.574285 0.014266 0.054401
0 0.454299 0.592840 0.014266 0.057775
0 0.406090 0.612450 0.024105 0.054823
0 0.438927 0.662212 0.032222 0.043858
0 0.452209 0.732217 0.014020 0.041328
0 0.443969 0.730319 0.020661 0.053558
0 0.323814 0.807282 0.024351 0.053980
0 0.401417 0.931899 0.027548 0.057775
0 0.385921 0.917139 0.019677 0.042593
0 0.371040 0.981869 0.033697 0.036262
0 0.537682 0.297218 0.010823 0.020664
1 0.443600 0.848610 0.012052 0.015182
1 0.448888 0.831742 0.010823 0.020242
1 0.448027 0.807704 0.004673 0.013495
1 0.426997 0.779449 0.012790 0.020242
1 0.296266 0.943918 0.008609 0.017712
1 0.801604 0.525155 0.009839 0.018555
1 0.724493 0.564585 0.011068 0.013917
1 0.718467 0.592418 0.013282 0.006326
1 0.719697 0.584406 0.013282 0.008013
1 0.726584 0.501960 0.006887 0.007591
1 0.730765 0.519040 0.009347 0.013917
1 0.693994 0.470964 0.009101 0.015603
0 0.698175 0.264535 0.009101 0.024459
0 0.686123 0.290049 0.006641 0.023194
0 0.692149 0.281825 0.007379 0.024459
0 0.601264 0.380085 0.011068 0.022773
0 0.606184 0.365536 0.008609 0.025725
0 0.626722 0.308182 0.007871 0.026568
1 0.588720 0.401170 0.009101 0.020242
1 0.588597 0.433643 0.007379 0.014338
1 0.602371 0.430901 0.006887 0.011386
1 0.601018 0.438492 0.010577 0.012230
1 0.596837 0.446294 0.010577 0.010965
1 0.592655 0.454096 0.009593 0.010543
1 0.589950 0.461476 0.013528 0.010121
1 0.562771 0.469910 0.007871 0.017712
1 0.565353 0.520516 0.014020 0.014338
1 0.561049 0.531691 0.012298 0.013917
1 0.556621 0.548982 0.015742 0.010543
1 0.590934 0.028374 0.008609 0.018555
1 0.589581 0.085728 0.008363 0.015182
1 0.617744 0.006385 0.008117 0.012770
1 0.565476 0.092053 0.005411 0.010965
1 0.558958 0.086993 0.008609 0.019399
1 0.529319 0.155943 0.008855 0.012230
1 0.517390 0.279717 0.008117 0.012651
1 0.506321 0.281825 0.007625 0.015182
1 0.488735 0.326105 0.006887 0.014338
1 0.482217 0.319569 0.005657 0.014760
1 0.481479 0.284566 0.007625 0.015603
1 0.426013 0.409394 0.008363 0.019821
1 0.425398 0.367433 0.010085 0.018555
1 0.404614 0.342341 0.007379 0.008013
1 0.423062 0.476025 0.006887 0.018977
1 0.394899 0.541391 0.006641 0.018977
1 0.367104 0.598533 0.006149 0.021086
1 0.360832 0.641970 0.008855 0.019399
1 0.320371 0.705649 0.007625 0.015182
1 0.341032 0.570911 0.006149 0.020664
1 0.317173 0.742549 0.008117 0.018977
1 0.468934 0.103018 0.009101 0.015182
1 0.482709 0.088047 0.010085 0.013917
1 0.314222 0.296374 0.011068 0.009699
1 0.271916 0.377344 0.012544 0.011386
1 0.299833 0.368698 0.007871 0.023616
1 0.273391 0.430691 0.008117 0.018555
1 0.281631 0.412346 0.006395 0.016447
1 0.296758 0.325894 0.014020 0.010543
1 0.282615 0.735591 0.011314 0.021086
1 0.269702 0.740862 0.010577 0.018977
1 0.208825 0.888673 0.012298 0.018555
0 0.162092 0.613293 0.015742 0.014338
1 0.168487 0.654621 0.008363 0.026990
1 0.123106 0.645554 0.015004 0.015603
1 0.142906 0.605702 0.017710 0.010121
1 0.128271 0.732006 0.013528 0.033315
1 0.200339 0.986933 0.011560 0.021086
0 0.152745 0.632903 0.015742 0.011386
0 0.274990 0.951509 0.029516 0.055666