0 0.520886 0.013281 0.029475 0.021954
0 0.472204 0.028400 0.023918 0.018226
0 0.504820 0.084528 0.017637 0.042665
0 0.509048 0.129679 0.021744 0.038523
0 0.485854 0.180422 0.024643 0.047222
0 0.417482 0.323123 0.024160 0.049293
0 0.378585 0.288742 0.028509 0.040180
0 0.329057 0.357918 0.019328 0.042665
0 0.368438 0.358953 0.014979 0.053021
0 0.390906 0.385671 0.027542 0.051778
0 0.409026 0.405761 0.026576 0.052193
0 0.345969 0.398305 0.015462 0.048050
0 0.340171 0.408453 0.014496 0.051778
0 0.330627 0.431857 0.013288 0.047222
0 0.324346 0.448012 0.014254 0.027339
0 0.314199 0.464995 0.013771 0.052193
0 0.309367 0.483014 0.012322 0.039352
0 0.304172 0.502690 0.016429 0.054678
0 0.290884 0.514288 0.016912 0.059649
0 0.281341 0.539763 0.016187 0.056749
0 0.298132 0.425437 0.013530 0.026096
0 0.265637 0.488606 0.016670 0.032310
0 0.342587 0.489849 0.029958 0.057992
0 0.245706 0.535828 0.031408 0.057992
0 0.331956 0.575594 0.025609 0.055506
0 0.313957 0.556125 0.028267 0.057163
0 0.288227 0.609146 0.017878 0.026510
0 0.354425 0.643527 0.020294 0.037280
0 0.269624 0.562753 0.015945 0.056335
0 0.257182 0.588642 0.015221 0.056749
0 0.245706 0.618052 0.015945 0.055921
0 0.213573 0.606039 0.030925 0.059234
0 0.188930 0.389192 0.015945 0.032310
0 0.187480 0.659682 0.028025 0.057163
0 0.210191 0.688470 0.013530 0.055092
0 0.204392 0.704418 0.015945 0.057992
0 0.237250 0.790163 0.029958 0.067933
0 0.233022 0.731136 0.032133 0.060063
0 0.179024 0.757853 0.018361 0.057163
0 0.167307 0.785192 0.014254 0.062134
0 0.161871 0.804040 0.014979 0.060063
0 0.148704 0.825579 0.015221 0.059234
0 0.196178 0.813774 0.023193 0.041423
0 0.109686 0.668173 0.022227 0.014498
0 0.102679 0.682671 0.016912 0.011184
0 0.259960 0.863067 0.022710 0.038937
0 0.327003 0.779600 0.030200 0.056749
0 0.296804 0.854161 0.031166 0.059234
0 0.257665 0.946533 0.032133 0.065034
0 0.254766 0.976979 0.022952 0.038937
0 0.313232 0.963724 0.026334 0.025682
0 0.158609 0.725129 0.029233 0.057992
0 0.438984 0.084321 0.015462 0.037280
0 0.630089 0.008932 0.019811 0.014912
0 0.601459 0.074794 0.017637 0.028167
0 0.575004 0.135478 0.026093 0.044322
0 0.611123 0.134442 0.021019 0.043080
0 0.623807 0.170273 0.015945 0.045979
0 0.590587 0.162817 0.022469 0.048465
0 0.603634 0.208589 0.015221 0.046393
0 0.571984 0.206932 0.019569 0.045565
0 0.566548 0.241313 0.016912 0.031481
0 0.590950 0.233857 0.012563 0.028996
0 0.576454 0.291849 0.017878 0.055506
0 0.563649 0.313595 0.016429 0.046808
0 0.557730 0.332650 0.015704 0.050950
0 0.543838 0.365581 0.015462 0.052193
0 0.539972 0.383185 0.012080 0.030239
0 0.534536 0.392920 0.015221 0.060477
0 0.519316 0.412388 0.013771 0.033967
0 0.509289 0.449047 0.015945 0.050121
0 0.501921 0.462510 0.018120 0.059649
0 0.488391 0.493991 0.014738 0.052193
0 0.481506 0.503104 0.013530 0.042251
0 0.477036 0.528579 0.017153 0.051778
0 0.467735 0.538520 0.015945 0.053435
0 0.461695 0.562546 0.015462 0.051778
0 0.454447 0.561510 0.008214 0.031481
0 0.449856 0.590920 0.015945 0.057163
0 0.593366 0.333064 0.023193 0.046808
0 0.516417 0.519880 0.022469 0.041837
0 0.527651 0.311317 0.026576 0.046393
0 0.489478 0.401619 0.026093 0.046393
0 0.447803 0.499169 0.021019 0.033552
0 0.430287 0.544734 0.028992 0.057577
0 0.407456 0.597755 0.020536 0.038523
0 0.397188 0.892063 0.028992 0.056335
0 0.332923 0.994910 0.030925 0.010180
0 0.357807 0.987956 0.018845 0.022782
0 0.375444 0.974080 0.021261 0.028167
1 0.496371 0.020468 0.009785 0.012582
1 0.451932 0.035497 0.011416 0.009087
1 0.445205 0.039341 0.011823 0.008388
1 0.437052 0.046156 0.012639 0.012932
1 0.476394 0.094912 0.007746 0.014679
1 0.421355 0.213918 0.011416 0.012233
1 0.420947 0.224054 0.011823 0.012233
1 0.419419 0.232092 0.014066 0.007340
1 0.417176 0.238383 0.013250 0.010835
1 0.434707 0.173201 0.009173 0.017475
1 0.439090 0.284343 0.015085 0.012582
1 0.315456 0.289760 0.012027 0.012932
1 0.310869 0.344283 0.006931 0.017126
1 0.268571 0.385350 0.012435 0.013281
1 0.281005 0.465036 0.010396 0.018873
1 0.178775 0.367350 0.009377 0.014330
1 0.260213 0.402650 0.013250 0.013631
1 0.251855 0.418552 0.010396 0.011184
1 0.204868 0.542976 0.010600 0.019572
1 0.159206 0.614799 0.015492 0.011534
1 0.098357 0.644856 0.008765 0.019922
1 0.236159 0.887412 0.011212 0.019922
1 0.215060 0.952070 0.010600 0.019223
1 0.598602 0.044409 0.009581 0.012233
1 0.595034 0.069049 0.009377 0.013281
1 0.541014 0.217064 0.009377 0.012233
1 0.516247 0.256033 0.008358 0.013281
1 0.492498 0.250441 0.009785 0.016077
1 0.485058 0.268091 0.009989 0.013631
1 0.498920 0.275431 0.009173 0.016427
1 0.503608 0.284518 0.010804 0.015728
1 0.459985 0.323138 0.008765 0.015378
1 0.435625 0.361583 0.011823 0.021669
1 0.472521 0.375913 0.009785 0.019572
1 0.409940 0.501385 0.011008 0.016776
1 0.380076 0.507501 0.007950 0.011534
1 0.383134 0.539830 0.009581 0.013281
1 0.306486 0.655516 0.011619 0.016077
1 0.357143 0.621964 0.010600 0.020271
1 0.286305 0.786580 0.009989 0.018873
1 0.302308 0.723844 0.012639 0.016427
1 0.349091 0.870461 0.010804 0.016776
1 0.417482 0.865043 0.009377 0.018524
1 0.414934 0.901392 0.009989 0.022019
1 0.426451 0.786405 0.011823 0.017126
1 0.446836 0.807725 0.009377 0.015029
1 0.432669 0.839355 0.009989 0.016776
1 0.445919 0.850015 0.011619 0.017126
1 0.442454 0.858578 0.010396 0.018174
1 0.388434 0.726116 0.013250 0.013980
1 0.387211 0.743940 0.012842 0.011883
1 0.387924 0.752503 0.012231 0.013631
1 0.385987 0.762814 0.013250 0.009786
1 0.377528 0.742717 0.010192 0.013631
1 0.364278 0.802307 0.010192 0.020970
1 0.368456 0.812618 0.006319 0.015029
1 0.592792 0.186832 0.008969 0.016776
1 0.687989 0.277353 0.008562 0.014679
1 0.730288 0.529170 0.009989 0.015029
1 0.727638 0.545073 0.013250 0.013281
1 0.724478 0.565169 0.010192 0.011534
1 0.727638 0.553461 0.012842 0.010485
1 0.588205 0.403174 0.007950 0.014679
1 0.601252 0.426591 0.011619 0.013980
1 0.608692 0.413135 0.010192 0.010136
1 0.590957 0.452454 0.012231 0.010485
1 0.573426 0.386922 0.015085 0.019922
1 0.587798 0.464512 0.011619 0.015029
1 0.562724 0.414533 0.010804 0.018524
1 0.569451 0.445115 0.007542 0.017475
1 0.576280 0.443891 0.008562 0.018524
1 0.578115 0.427814 0.007746 0.019922
1 0.560584 0.472376 0.008562 0.016077
1 0.567617 0.511870 0.012842 0.012582
1 0.564967 0.521656 0.010396 0.009087
1 0.560176 0.530743 0.011416 0.010485
1 0.555793 0.540005 0.012027 0.011534
1 0.553755 0.549616 0.009581 0.011184
1 0.549678 0.558004 0.012842 0.012582
1 0.552939 0.485657 0.007135 0.014679
1 0.536734 0.530687 0.007741 0.016490
1 0.539431 0.518420 0.007976 0.012870
1 0.542598 0.512588 0.009618 0.018098
1 0.546586 0.506355 0.010556 0.020914
1 0.549166 0.496300 0.011025 0.017696
1 0.534153 0.546372 0.007272 0.017294
1 0.515654 0.585751 0.011356 0.017160
1 0.517964 0.577336 0.009816 0.019470
1 0.522679 0.565621 0.007314 0.019800
1 0.526336 0.555721 0.007699 0.019800
1 0.529031 0.546646 0.008469 0.020130
1 0.508051 0.597961 0.006929 0.019140
1 0.504587 0.608356 0.005389 0.015510
1 0.542889 0.575026 0.011163 0.012870
1 0.538077 0.592516 0.013088 0.010230
0 0.542233 0.102730 0.018230 0.033554
0 0.486738 0.229132 0.011796 0.020684
0 0.499473 0.563982 0.010992 0.023901
1 0.538882 0.465849 0.016353 0.024361
1 0.529230 0.486992 0.016890 0.027119
0 0.611265 0.291874 0.015817 0.029417
0 0.619308 0.275786 0.015281 0.028498
0 0.637270 0.221548 0.015281 0.042287
0 0.620246 0.325198 0.013941 0.029877
0 0.610595 0.346111 0.010724 0.022982
0 0.604295 0.359441 0.007238 0.024821
0 0.648395 0.278084 0.032707 0.040449