0 0.523227 0.101047 0.021853 0.043356
0 0.485140 0.186420 0.023726 0.044961
0 0.410683 0.255200 0.036526 0.025157
0 0.435502 0.290527 0.018731 0.031580
0 0.391171 0.391154 0.024975 0.051920
0 0.370099 0.361180 0.011551 0.050849
0 0.364011 0.363589 0.011863 0.050314
0 0.358079 0.373759 0.012488 0.048173
0 0.348089 0.397845 0.011239 0.049243
0 0.333573 0.352884 0.022165 0.035327
0 0.315310 0.466358 0.011239 0.051384
0 0.309846 0.476527 0.012175 0.052455
0 0.303290 0.491247 0.012800 0.055131
0 0.267857 0.564577 0.013112 0.054061
0 0.256931 0.592678 0.016234 0.056737
0 0.229614 0.659852 0.013424 0.057272
0 0.283779 0.461273 0.019980 0.035862
0 0.258960 0.508643 0.027160 0.051384
0 0.237107 0.560295 0.029033 0.055131
0 0.211195 0.617032 0.027785 0.058343
0 0.180132 0.680727 0.022478 0.046567
0 0.211351 0.692770 0.013112 0.055666
0 0.204639 0.697052 0.012800 0.051384
0 0.182318 0.759944 0.013736 0.051920
0 0.171391 0.793665 0.013112 0.062625
0 0.157030 0.818555 0.014985 0.061019
0 0.142358 0.924535 0.024975 0.061019
0 0.195430 0.825513 0.029346 0.057807
0 0.198864 0.888138 0.027473 0.057807
0 0.485140 0.234057 0.026848 0.050314
0 0.542270 0.219606 0.023726 0.047102
0 0.573957 0.145205 0.023414 0.044961
0 0.145636 0.598298 0.015922 0.027298
0 0.369786 0.975919 0.035902 0.040679
0 0.373221 0.918647 0.017170 0.035327
0 0.426292 0.691967 0.034653 0.026227
0 0.444868 0.730505 0.021229 0.056202
0 0.459540 0.763156 0.020604 0.063695
0 0.452985 0.588395 0.015609 0.055666
0 0.458916 0.575014 0.014985 0.056737
0 0.470935 0.550928 0.014673 0.057807
0 0.478584 0.526574 0.013736 0.057272
0 0.485764 0.508643 0.014985 0.055666
0 0.506213 0.467428 0.014673 0.052455
0 0.511208 0.448694 0.014673 0.053525
0 0.517607 0.438257 0.014361 0.056202
0 0.523695 0.423537 0.017170 0.052455
0 0.530407 0.404803 0.012488 0.053525
0 0.535870 0.384731 0.011551 0.046567
0 0.542270 0.376167 0.016234 0.057272
0 0.546797 0.354490 0.015297 0.053525
0 0.554602 0.340305 0.015297 0.056202
0 0.562094 0.337361 0.015922 0.053525
0 0.567089 0.315148 0.015297 0.052990
0 0.570992 0.302302 0.016234 0.052990
0 0.579264 0.288653 0.019668 0.057807
0 0.585508 0.275272 0.015297 0.050314
0 0.590659 0.262158 0.016858 0.051920
0 0.614073 0.200069 0.015609 0.048708
0 0.622190 0.177053 0.013736 0.052990
0 0.626717 0.164474 0.013424 0.052455
0 0.652941 0.124330 0.012175 0.037468
0 0.640453 0.079637 0.015922 0.042285
0 0.646697 0.018007 0.017795 0.036014
0 0.592532 0.170630 0.016858 0.049779
0 0.644356 0.211577 0.019356 0.043891
0 0.618756 0.231649 0.020604 0.048708
0 0.655126 0.235663 0.021541 0.039609
0 0.626093 0.261623 0.020917 0.051920
0 0.573177 0.213985 0.024351 0.047638
0 0.549138 0.264835 0.022478 0.052990
0 0.522446 0.332544 0.013424 0.026763
0 0.506056 0.376167 0.022478 0.050849
0 0.483735 0.426749 0.023414 0.050314
0 0.458136 0.482683 0.026536 0.050849
0 0.414898 0.587860 0.043706 0.096346
0 0.496691 0.535673 0.022478 0.048708
0 0.457199 0.626934 0.019043 0.031045
0 0.528222 0.500346 0.026224 0.052990
0 0.509178 0.543434 0.018107 0.039609
0 0.557099 0.427016 0.024663 0.049779
0 0.590659 0.347799 0.023102 0.049779
0 0.560845 0.377238 0.013424 0.029439
0 0.572709 0.389816 0.012800 0.023551
1 0.506030 0.139875 0.017161 0.038569
0 0.431122 0.231526 0.006030 0.016700
1 0.420223 0.229339 0.011596 0.006759
1 0.418947 0.238285 0.010900 0.006362
1 0.503827 0.100113 0.007189 0.014712
1 0.486433 0.262142 0.007189 0.019881
1 0.513451 0.268703 0.007421 0.017098
1 0.490955 0.319200 0.009740 0.017098
1 0.480519 0.322779 0.008813 0.017098
1 0.471707 0.385602 0.011132 0.022664
1 0.453038 0.384211 0.009508 0.017495
1 0.420686 0.406278 0.012059 0.017098
1 0.388567 0.472681 0.008117 0.017893
1 0.387291 0.560753 0.007885 0.016700
1 0.366187 0.544252 0.010668 0.020278
1 0.344736 0.569699 0.013219 0.016302
1 0.345663 0.592960 0.013219 0.016700
1 0.306122 0.655783 0.009740 0.017495
1 0.305775 0.678845 0.009045 0.017495
1 0.304963 0.745446 0.009276 0.020278
1 0.298469 0.736698 0.006030 0.018688
1 0.283047 0.728547 0.010900 0.017495
1 0.249768 0.767315 0.010204 0.021869
1 0.248377 0.810059 0.007421 0.018290
1 0.236085 0.891371 0.007885 0.017893
1 0.204777 0.891570 0.007421 0.017495
1 0.569341 0.116813 0.007421 0.012326
1 0.713242 0.277848 0.010436 0.010736
1 0.696545 0.266317 0.006725 0.016302
1 0.693066 0.282222 0.008581 0.020278
1 0.681818 0.292958 0.011132 0.019483
1 0.678455 0.307868 0.010900 0.022267
1 0.671150 0.319996 0.009276 0.020278
1 0.642857 0.331328 0.009276 0.009543
1 0.621405 0.379439 0.009972 0.008748
1 0.618854 0.387988 0.010436 0.011531
1 0.613984 0.404688 0.010900 0.009940
1 0.609810 0.411447 0.010436 0.008350
1 0.607375 0.420394 0.010204 0.011133
1 0.604360 0.428744 0.008349 0.008748
1 0.598098 0.437491 0.009276 0.010338
1 0.591721 0.452004 0.017393 0.013121
1 0.595431 0.388982 0.006262 0.015109
1 0.599026 0.380235 0.005102 0.013519
1 0.590097 0.408068 0.006262 0.017495
1 0.579198 0.425961 0.007189 0.016700
1 0.576183 0.437094 0.008117 0.016700
1 0.570965 0.445046 0.007885 0.016700
1 0.562152 0.470494 0.008813 0.015905
1 0.549281 0.501905 0.007189 0.015905
1 0.544411 0.508267 0.005798 0.018290
1 0.541860 0.522979 0.007653 0.015109
1 0.569457 0.514430 0.012291 0.010736
1 0.565979 0.521985 0.009045 0.007555
1 0.562964 0.530733 0.008581 0.010736
1 0.559021 0.540474 0.010436 0.008748
1 0.556006 0.549023 0.012291 0.009940
1 0.540121 0.584212 0.012523 0.011133
1 0.537106 0.593159 0.011596 0.011531
1 0.531192 0.609461 0.009508 0.011531
1 0.521104 0.627950 0.011132 0.011929
1 0.474374 0.711450 0.008581 0.019086
1 0.730635 0.525564 0.008581 0.008350
1 0.730983 0.534311 0.010668 0.010736
1 0.728896 0.545047 0.008349 0.010736
1 0.726693 0.552602 0.009508 0.009145
1 0.723214 0.564530 0.009508 0.009145
1 0.719852 0.583616 0.010204 0.013121
1 0.386596 0.744253 0.014378 0.010736
1 0.388915 0.753597 0.011596 0.011929
1 0.380682 0.782822 0.007189 0.015507
1 0.450951 0.829939 0.017857 0.026243
1 0.416280 0.890178 0.009740 0.018688
1 0.150974 0.633715 0.012523 0.010736
1 0.158859 0.670893 0.008349 0.014314
1 0.217880 0.544649 0.007189 0.018688
1 0.226113 0.527949 0.006494 0.020278
1 0.295571 0.427551 0.006262 0.016700
1 0.260784 0.452004 0.007653 0.020278
1 0.268437 0.437690 0.006725 0.016302
1 0.273307 0.428147 0.006725 0.013917
1 0.276554 0.420394 0.007653 0.018290
1 0.287801 0.393952 0.007421 0.020278
1 0.249536 0.428943 0.011596 0.006759
1 0.253015 0.419797 0.010668 0.011531
1 0.261712 0.404092 0.010900 0.007952
1 0.264263 0.396338 0.010900 0.009145
1 0.274003 0.378445 0.012755 0.013121
1 0.283743 0.352799 0.010436 0.009543
1 0.292788 0.335701 0.011827 0.010338
1 0.297774 0.324767 0.013451 0.012326
1 0.313196 0.296934 0.014147 0.016302
1 0.317254 0.288186 0.008349 0.013121
1 0.300557 0.371089 0.006494 0.013519
1 0.305311 0.364529 0.007189 0.018688
1 0.308094 0.355781 0.006262 0.015507
1 0.312152 0.343455 0.006494 0.013917
1 0.320849 0.329538 0.005334 0.019483
1 0.315399 0.315423 0.009740 0.018290
1 0.406197 0.159910 0.009881 0.013312
0 0.412504 0.127848 0.007909 0.014273