1 0.477580 0.491432 0.015134 0.013585
1 0.544169 0.499297 0.013404 0.016445
1 0.453799 0.480350 0.014269 0.015730
1 0.441043 0.460329 0.007783 0.018590
1 0.432827 0.457469 0.010377 0.017160
1 0.425477 0.454252 0.011242 0.016445
1 0.406884 0.458184 0.013837 0.010010
1 0.399533 0.451749 0.012972 0.012870
1 0.424180 0.484282 0.017296 0.015015
1 0.394993 0.738470 0.013404 0.017160
1 0.502443 0.843577 0.018161 0.027171
1 0.537683 0.946896 0.015999 0.026456
1 0.575950 0.959052 0.012972 0.025025
1 0.537467 0.924016 0.017296 0.022165
1 0.460717 0.892913 0.014269 0.020020
1 0.455961 0.840717 0.014269 0.018590
1 0.410559 0.887193 0.016863 0.017160
1 0.374454 0.856805 0.015566 0.026456
1 0.413370 0.824271 0.018161 0.021450
1 0.399533 0.786733 0.016431 0.023595
0 0.394993 0.801391 0.021187 0.020020
0 0.448177 0.653741 0.041078 0.036466
0 0.498335 0.678409 0.026376 0.022880
0 0.529035 0.689134 0.038483 0.038611
0 0.574869 0.707009 0.047131 0.038611
0 0.520387 0.531473 0.039348 0.027886
0 0.415964 0.494292 0.033727 0.035036
0 0.511956 0.645518 0.038916 0.028601
0 0.463527 0.624425 0.033727 0.025025
0 0.417045 0.611197 0.040213 0.028601
0 0.375967 0.591177 0.034159 0.028601
0 0.043600 0.464619 0.041078 0.052911
0 0.081002 0.477132 0.032862 0.029316
0 0.117756 0.488096 0.035456 0.031222
0 0.040357 0.503945 0.037186 0.027171
0 0.181534 0.508593 0.038483 0.022165
1 0.194289 0.521463 0.016431 0.010725
0 0.218287 0.529686 0.036754 0.031461
0 0.256987 0.543271 0.029403 0.022404
0 0.300875 0.561504 0.040213 0.024549
0 0.338709 0.573897 0.039780 0.032176
0 0.228016 0.417309 0.037186 0.025025
0 0.267797 0.428392 0.032862 0.028601
0 0.311685 0.449127 0.035889 0.028601
0 0.349952 0.463785 0.030268 0.033606
0 0.326386 0.416237 0.031565 0.031461
0 0.274931 0.350455 0.040213 0.020020
0 0.277309 0.320782 0.021620 0.016445
0 0.303037 0.320067 0.015134 0.022165
0 0.314063 0.323285 0.019890 0.020020
0 0.327035 0.324000 0.019025 0.018590
0 0.343250 0.322927 0.017728 0.017875
0 0.367896 0.430537 0.021187 0.018590
0 0.402704 0.444599 0.035456 0.025264
0 0.839711 0.631456 0.044104 0.035751
0 0.865439 0.564960 0.036754 0.037181
0 0.782203 0.606073 0.037186 0.026456
1 0.794742 0.654336 0.012107 0.014300
1 0.793877 0.661844 0.016431 0.012155
1 0.791067 0.672212 0.013404 0.012870
1 0.888139 0.778391 0.011242 0.012155
1 0.899598 0.782324 0.010810 0.012870
1 0.910840 0.786257 0.010810 0.013585
1 0.923163 0.790189 0.013837 0.012870
0 0.898949 0.766951 0.039780 0.026456
0 0.875168 0.843100 0.025079 0.030031
0 0.913002 0.859903 0.047131 0.037896
0 0.945648 0.774459 0.038051 0.061491
0 0.974186 0.840240 0.029403 0.067211
0 0.841657 0.853825 0.042807 0.034321
0 0.798634 0.837380 0.041510 0.027171
1 0.777014 0.842743 0.015566 0.017875
1 0.658321 0.668279 0.009945 0.020735
1 0.668483 0.672212 0.013837 0.020020
1 0.702210 0.683294 0.011242 0.025025
1 0.735288 0.825225 0.013404 0.014300
1 0.791283 0.980979 0.016431 0.022165
1 0.732045 0.993886 0.019025 0.012228
1 0.729667 0.615249 0.015134 0.011440
0 0.738315 0.594514 0.038483 0.032891
0 0.698534 0.576638 0.040213 0.030031
0 0.819389 0.475106 0.036321 0.032891
0 0.724262 0.460448 0.030268 0.036466
0 0.734855 0.463666 0.037618 0.037181
0 0.744800 0.467956 0.035024 0.032891
0 0.755827 0.470101 0.033727 0.031461
0 0.763177 0.475464 0.045834 0.040756
0 0.774852 0.478681 0.035456 0.040041
0 0.785878 0.486189 0.033294 0.043616
0 0.804471 0.490121 0.027241 0.042901
0 0.818956 0.492982 0.029403 0.040041
0 0.831279 0.492267 0.030700 0.044331
0 0.842306 0.497272 0.023349 0.020020
0 0.848359 0.506567 0.033727 0.042901
0 0.860899 0.511929 0.032862 0.036466
0 0.533359 0.600591 0.032430 0.053626
0 0.281417 0.396693 0.044537 0.030031
1 0.274931 0.398838 0.010810 0.012870
1 0.348871 0.426009 0.009080 0.021450
1 0.220666 0.396335 0.012107 0.015015
0 0.229530 0.376673 0.047131 0.032891
1 0.689814 0.397765 0.012107 0.012155
1 0.643332 0.367377 0.015134 0.010010
1 0.643980 0.378103 0.011242 0.012870
1 0.648304 0.420646 0.006054 0.019305
1 0.674248 0.429941 0.006054 0.022165
1 0.664303 0.426009 0.003459 0.018590
1 0.652628 0.422076 0.009513 0.020735
1 0.293380 0.822961 0.014269 0.017875
1 0.226143 0.822961 0.017296 0.016445
1 0.281705 0.765759 0.022052 0.025025
1 0.295110 0.740019 0.015999 0.019305
1 0.319108 0.771122 0.018161 0.021450
1 0.304839 0.701051 0.013837 0.024310
1 0.212090 0.659937 0.013404 0.019305
1 0.159482 0.639202 0.012539 0.013585
1 0.101541 0.612031 0.018593 0.016445
1 0.055923 0.594514 0.022485 0.022880
1 0.007855 0.635269 0.015710 0.021450
1 0.090947 0.654932 0.017296 0.016445
1 0.077759 0.668160 0.015999 0.020020
1 0.369193 0.467956 0.014269 0.012870
1 0.379571 0.470816 0.013404 0.010010
1 0.383246 0.476536 0.012107 0.015730
1 0.389732 0.477966 0.007783 0.015730
1 0.435782 0.494412 0.009080 0.020020
1 0.443998 0.501562 0.009080 0.011440
1 0.450267 0.502992 0.014701 0.014300
1 0.459996 0.508712 0.012539 0.015730
1 0.467996 0.511929 0.015566 0.015015
1 0.474914 0.515147 0.017296 0.011440
1 0.480967 0.520510 0.011242 0.017875
1 0.487886 0.517650 0.019025 0.017875
1 0.498696 0.522297 0.012107 0.024310
0 0.078840 0.519080 0.036321 0.036466
0 0.089866 0.523727 0.038483 0.038611
0 0.100676 0.526230 0.036754 0.036466
0 0.109972 0.531235 0.034592 0.035036
0 0.118620 0.533737 0.032862 0.038611
0 0.127701 0.539457 0.041510 0.035751
0 0.136132 0.544463 0.037618 0.031461
0 0.143915 0.551970 0.037618 0.036466
0 0.169859 0.555903 0.040213 0.037181
0 0.180453 0.561623 0.035456 0.038611
0 0.188668 0.568058 0.039780 0.035751
0 0.200127 0.569846 0.034159 0.035036
0 0.210937 0.575208 0.036754 0.035751
0 0.218071 0.576638 0.032862 0.041471
0 0.232773 0.580213 0.038051 0.034321
0 0.234286 0.594514 0.037618 0.037181
0 0.262608 0.594156 0.035456 0.037896
0 0.274066 0.600949 0.036754 0.037181
0 0.285957 0.603094 0.036321 0.040041
0 0.295254 0.610244 0.039348 0.038611
0 0.300226 0.619897 0.023349 0.040756
0 0.318603 0.617394 0.038483 0.037181
0 0.328332 0.622042 0.034592 0.040756
0 0.337196 0.628834 0.035889 0.040041
0 0.508857 0.614534 0.022917 0.054341
0 0.496534 0.608456 0.022485 0.049336
0 0.487670 0.604881 0.025511 0.055056
0 0.477724 0.604881 0.024647 0.056486
0 0.467131 0.598089 0.025944 0.052911
0 0.456321 0.595944 0.023349 0.050051
0 0.445727 0.589151 0.026376 0.055056
0 0.435782 0.584503 0.025511 0.051481
0 0.413298 0.572348 0.033294 0.050051
0 0.403353 0.573063 0.024647 0.044331
0 0.392975 0.568773 0.026376 0.051481
0 0.383679 0.567701 0.033727 0.060776
0 0.372004 0.560193 0.027673 0.054341
0 0.358816 0.555903 0.023782 0.054341
0 0.347357 0.548038 0.023349 0.048621
0 0.338277 0.540172 0.030268 0.048621
0 0.319468 0.541960 0.019458 0.043616
0 0.306064 0.535525 0.022917 0.047906
0 0.296119 0.533737 0.022917 0.050051
0 0.286606 0.524800 0.027241 0.050766
0 0.272337 0.515862 0.022917 0.051481
0 0.264770 0.517650 0.023349 0.046476
0 0.256338 0.512644 0.027241 0.052196
0 0.244015 0.503707 0.024214 0.052911
0 0.225206 0.500489 0.026376 0.055056
0 0.213099 0.492982 0.024647 0.054341
0 0.200775 0.486189 0.022485 0.055056
0 0.193641 0.486189 0.027241 0.053626
0 0.184344 0.480826 0.031132 0.052911
0 0.175697 0.477966 0.025944 0.047191
0 0.164022 0.472604 0.026808 0.046476
0 0.156887 0.473676 0.028970 0.055771