0 0.275436 0.321616 0.016431 0.024310
0 0.299650 0.323046 0.019025 0.015730
0 0.279543 0.519318 0.016863 0.027886
0 0.262680 0.523965 0.027241 0.051481
0 0.233710 0.513240 0.027241 0.052911
0 0.208847 0.495365 0.024214 0.051481
0 0.200199 0.497867 0.027673 0.057916
0 0.176633 0.482495 0.024647 0.048621
0 0.139880 0.471054 0.028106 0.050051
0 0.108891 0.536121 0.051455 0.032891
0 0.121215 0.551136 0.036321 0.035751
0 0.136997 0.551851 0.038483 0.035751
0 0.156887 0.556856 0.042807 0.040041
0 0.155806 0.572586 0.018161 0.025741
0 0.180885 0.576161 0.039780 0.044331
0 0.226935 0.590462 0.039348 0.041471
0 0.252014 0.597969 0.041078 0.042186
0 0.292443 0.616202 0.039780 0.037181
0 0.305199 0.539338 0.024647 0.050766
0 0.321630 0.534929 0.015134 0.025741
0 0.333521 0.549944 0.023349 0.052911
0 0.343898 0.552804 0.031997 0.055771
0 0.367680 0.565317 0.031132 0.059346
0 0.378057 0.568535 0.030268 0.057201
0 0.388435 0.572825 0.031132 0.060061
0 0.397515 0.573897 0.033727 0.055056
0 0.404433 0.622161 0.038051 0.027171
0 0.420216 0.587483 0.028970 0.052196
0 0.431242 0.588913 0.025079 0.053626
0 0.451132 0.664704 0.042375 0.037896
0 0.443133 0.596778 0.026376 0.052196
0 0.456321 0.608218 0.028538 0.053626
0 0.463888 0.608576 0.028970 0.055771
0 0.470590 0.605358 0.032862 0.057916
0 0.483129 0.608933 0.031997 0.060776
0 0.495236 0.611793 0.031132 0.053626
0 0.411136 0.491671 0.022917 0.017875
0 0.371571 0.477370 0.025079 0.020735
0 0.338061 0.467718 0.019458 0.014300
0 0.325089 0.459853 0.019458 0.015730
0 0.188236 0.405511 0.019890 0.018590
0 0.309739 0.323642 0.012107 0.022165
0 0.320116 0.324357 0.019025 0.017875
0 0.193425 0.707724 0.023349 0.024310
0 0.605930 0.829038 0.023349 0.025741
0 0.536530 0.797220 0.044537 0.040756
0 0.595552 0.720714 0.041510 0.030746
0 0.541503 0.701408 0.046699 0.042186
0 0.631441 0.521582 0.041510 0.051481
0 0.747107 0.470816 0.036754 0.041471
0 0.812831 0.489764 0.020323 0.020735
0 0.814560 0.502634 0.032430 0.042186
0 0.829045 0.505137 0.033727 0.038611
0 0.896139 0.858354 0.047996 0.032891
0 0.929217 0.777557 0.013837 0.030031
0 0.880572 0.706771 0.023782 0.027171
0 0.929217 0.782920 0.000000 0.000715
0 0.781338 0.954166 0.043240 0.032891
0 0.736585 0.953451 0.041942 0.031461
1 0.781986 0.904115 0.020323 0.021450
1 0.755610 0.893389 0.015134 0.020020
1 0.684049 0.865146 0.018161 0.017875
0 0.802093 0.622399 0.038916 0.035751
0 0.869979 0.568773 0.023349 0.017160
1 0.678644 0.416118 0.013404 0.019305
1 0.624306 0.364636 0.009080 0.016445
1 0.632522 0.377864 0.013404 0.012870
1 0.524207 0.539815 0.012107 0.015015
1 0.506911 0.531950 0.010377 0.017875
1 0.464969 0.517292 0.011242 0.017160
1 0.213099 0.419335 0.015134 0.015730
1 0.031925 0.592011 0.015999 0.020735
1 0.052032 0.728579 0.015566 0.017875
1 0.047059 0.537670 0.017728 0.022165
1 0.012467 0.507639 0.022052 0.019305
1 0.207478 0.664942 0.014269 0.019305
1 0.237097 0.674238 0.015566 0.020735
1 0.140240 0.788282 0.017296 0.018590
1 0.269094 0.693901 0.017296 0.021450
1 0.329413 0.716781 0.018593 0.024310
1 0.391678 0.741806 0.012539 0.022880
0 0.300659 0.756107 0.044969 0.038611
1 0.410703 0.895892 0.022052 0.016445
1 0.276877 0.824391 0.015566 0.025025
1 0.227584 0.815810 0.016431 0.025025
1 0.508641 0.921275 0.017296 0.018590
1 0.484427 0.861929 0.014701 0.018590
1 0.493723 0.848344 0.015999 0.018590