0 0.526225 0.706890 0.046699 0.040041
0 0.576383 0.724765 0.046699 0.040041
0 0.607731 0.773029 0.047131 0.036466
0 0.564708 0.759086 0.016431 0.021450
0 0.529684 0.742641 0.043240 0.031461
0 0.490552 0.725123 0.029835 0.026456
0 0.457690 0.716185 0.034159 0.025741
1 0.464608 0.683652 0.021187 0.023595
0 0.409262 0.702600 0.047131 0.030031
0 0.361915 0.664704 0.041510 0.027171
0 0.283219 0.641109 0.046699 0.027171
0 0.222035 0.636819 0.043672 0.024310
0 0.161932 0.629668 0.042807 0.021450
1 0.126043 0.611436 0.014269 0.020735
1 0.086263 0.662678 0.017728 0.016445
1 0.144420 0.685559 0.014701 0.019305
1 0.172093 0.707724 0.014701 0.020735
1 0.066805 0.744190 0.025511 0.020735
1 0.110693 0.777438 0.018161 0.030031
1 0.260734 0.828204 0.019025 0.022880
1 0.274787 0.777795 0.022052 0.020735
1 0.381156 0.797101 0.018593 0.023595
1 0.421153 0.895415 0.022485 0.024310
1 0.634540 0.899348 0.015134 0.015015
1 0.638431 0.921156 0.017728 0.022880
1 0.651403 0.987748 0.017728 0.024503
0 0.945648 0.950829 0.033727 0.035036
0 0.898517 0.923301 0.044969 0.038611
0 0.845332 0.895415 0.044969 0.040041
0 0.789770 0.866815 0.056644 0.045761
0 0.926839 0.867530 0.047131 0.047191
0 0.976780 0.865027 0.039780 0.079367
0 0.946513 0.798531 0.025944 0.042186
0 0.914948 0.725242 0.030268 0.057201
0 0.899165 0.672331 0.025511 0.037181
1 0.794958 0.673403 0.015999 0.023595
1 0.796039 0.647663 0.017296 0.025025
1 0.858520 0.517173 0.013404 0.015730
0 0.726207 0.370237 0.022917 0.032176
0 0.708912 0.351647 0.022052 0.029316
0 0.698750 0.388470 0.018161 0.021450
0 0.666753 0.325549 0.016431 0.021450
0 0.657457 0.362372 0.022917 0.023595
0 0.626324 0.337704 0.028970 0.025741
0 0.620271 0.293373 0.020323 0.028601
0 0.582869 0.271208 0.021620 0.024310
0 0.569897 0.300524 0.019890 0.030031
0 0.593246 0.315181 0.023349 0.026456
0 0.604056 0.401698 0.022485 0.025025
0 0.590435 0.391330 0.022052 0.018590
0 0.581571 0.386325 0.019025 0.020020
0 0.557141 0.407061 0.019458 0.035751
1 0.553898 0.431371 0.015566 0.024310
1 0.529252 0.422791 0.018161 0.018590
1 0.551520 0.451749 0.011675 0.022165
0 0.548709 0.475702 0.017296 0.027171
0 0.550439 0.498582 0.018161 0.024310
0 0.543521 0.531116 0.014701 0.016445
0 0.543088 0.550063 0.017296 0.027171
0 0.541359 0.568654 0.016431 0.024310
0 0.537035 0.585099 0.016431 0.030031
0 0.535737 0.615130 0.014701 0.034321
0 0.517577 0.524680 0.019025 0.029316
0 0.515631 0.542913 0.020323 0.021450
0 0.510659 0.583669 0.020755 0.031461
0 0.508280 0.602260 0.013404 0.025741
0 0.582436 0.604405 0.014701 0.030031
0 0.590868 0.593322 0.015134 0.032176
0 0.603840 0.539696 0.013404 0.045046
0 0.616595 0.602260 0.025079 0.031461
0 0.624595 0.577949 0.019458 0.022880
0 0.634540 0.550421 0.022052 0.026456
1 0.642107 0.508235 0.015566 0.022165
0 0.620487 0.484282 0.012107 0.038611
0 0.656376 0.466764 0.016431 0.029316
0 0.675185 0.474987 0.018593 0.018590
0 0.671509 0.489645 0.019025 0.017875
0 0.665024 0.520748 0.022485 0.031461
0 0.649890 0.622280 0.022485 0.022880
0 0.643836 0.649450 0.019025 0.027171
0 0.684914 0.666968 0.019890 0.032176
1 0.711290 0.668398 0.013837 0.019305
1 0.713668 0.645160 0.023782 0.017160
1 0.742422 0.520748 0.011242 0.025741
1 0.738531 0.544701 0.012972 0.025025
1 0.725343 0.532188 0.009945 0.028601
1 0.706966 0.565436 0.013837 0.027886
1 0.708047 0.535406 0.011675 0.025025
1 0.713452 0.518960 0.009513 0.023595
0 0.722965 0.484282 0.012972 0.041471
1 0.847062 0.493935 0.012107 0.016445
0 0.700912 0.492147 0.012107 0.034321
0 0.694859 0.516815 0.010377 0.025025
0 0.381733 0.133925 0.015999 0.024310
0 0.404001 0.144293 0.017296 0.020735
0 0.418054 0.162883 0.015134 0.020735
0 0.439674 0.173251 0.017728 0.025741
0 0.462374 0.191841 0.013837 0.028601
0 0.480751 0.201137 0.016863 0.024310
0 0.454375 0.220442 0.017728 0.027171
0 0.418703 0.198277 0.019025 0.024310
0 0.374382 0.167888 0.041078 0.049336
0 0.437512 0.280861 0.016863 0.025025
0 0.423675 0.262628 0.017728 0.021450
0 0.400326 0.245467 0.015134 0.027171
0 0.384976 0.230452 0.015566 0.021450
0 0.362924 0.214007 0.015566 0.024310
0 0.351681 0.201852 0.016431 0.022880
0 0.371139 0.262628 0.013837 0.021450
0 0.389948 0.272638 0.016863 0.021450
0 0.420000 0.299094 0.037186 0.041471
0 0.341520 0.226877 0.041942 0.061491
0 0.234286 0.173251 0.039348 0.037181
0 0.187804 0.146438 0.038051 0.030746
0 0.139159 0.128920 0.038483 0.031461
0 0.098082 0.106040 0.040213 0.028601
0 0.082515 0.133925 0.021187 0.052911
0 0.096136 0.140003 0.022485 0.049336
0 0.104351 0.143220 0.026808 0.060061
0 0.113864 0.147868 0.025944 0.050766
0 0.123809 0.155376 0.022485 0.054341
0 0.134619 0.159308 0.026808 0.057916
0 0.142186 0.157521 0.029835 0.048621
0 0.152347 0.162168 0.025944 0.052196
0 0.164887 0.173609 0.025944 0.056486
0 0.182615 0.179686 0.025944 0.054341
0 0.194722 0.184691 0.027673 0.057201
0 0.205532 0.189696 0.019890 0.055771
0 0.213315 0.190054 0.026808 0.056486
0 0.227584 0.211862 0.021620 0.045761
0 0.240988 0.219727 0.021620 0.041471
0 0.247906 0.217582 0.023349 0.052911
0 0.256122 0.217582 0.027673 0.055771
0 0.267364 0.217582 0.030268 0.057201
0 0.202505 0.247255 0.041510 0.036466
0 0.203802 0.306601 0.037186 0.029316
0 0.029979 0.189339 0.020755 0.056486
0 0.041438 0.197204 0.022052 0.055056
0 0.050302 0.205069 0.026808 0.055056
0 0.060031 0.203282 0.023782 0.062921
0 0.072354 0.212577 0.025079 0.058631
0 0.081434 0.223302 0.031132 0.060061
0 0.092677 0.227950 0.022485 0.056486
0 0.102189 0.236530 0.022485 0.052196
0 0.114296 0.248685 0.026808 0.052196
0 0.124890 0.254405 0.028106 0.055056
0 0.132241 0.256908 0.031565 0.058631
0 0.140673 0.256193 0.030268 0.061491
0 0.152563 0.257980 0.025511 0.065066
0 0.208991 0.279073 0.042375 0.034321
0 0.218071 0.285508 0.039780 0.030031
0 0.232340 0.289441 0.045834 0.037896
0 0.241421 0.295518 0.041510 0.037181
0 0.250285 0.300166 0.042807 0.033606
0 0.242069 0.332699 0.038483 0.034321
0 0.260662 0.308389 0.047131 0.041471
0 0.268013 0.313036 0.044537 0.035036
0 0.279688 0.317684 0.041942 0.037181
0 0.291578 0.323046 0.044969 0.040756
0 0.305415 0.324834 0.046699 0.042901
0 0.329629 0.337704 0.044969 0.031461
0 0.344547 0.348429 0.037618 0.035751
0 0.355789 0.354507 0.040213 0.033606
0 0.367031 0.354865 0.027241 0.025741
0 0.378057 0.363802 0.046699 0.036466
0 0.381517 0.373812 0.029403 0.033606
0 0.394488 0.375243 0.043240 0.035036
0 0.406379 0.379175 0.043672 0.035751
0 0.421945 0.383465 0.041942 0.037181
0 0.429296 0.354150 0.041078 0.024310
0 0.442052 0.348429 0.044969 0.032891
0 0.427134 0.419931 0.041942 0.038611
0 0.383462 0.404201 0.041942 0.032891
0 0.338061 0.379175 0.038483 0.037181
0 0.300226 0.364517 0.041510 0.029316
0 0.250717 0.449246 0.016863 0.020020
0 0.245745 0.391330 0.023349 0.062921
0 0.257635 0.398480 0.022917 0.061491
0 0.268661 0.402771 0.025079 0.070071
0 0.277742 0.405988 0.027673 0.065066
0 0.291362 0.423148 0.028106 0.062206
0 0.300659 0.424936 0.031997 0.071501
0 0.310171 0.423863 0.033727 0.062206
0 0.319252 0.429226 0.031132 0.071501
0 0.330062 0.429584 0.030268 0.069356
0 0.352330 0.438879 0.030700 0.059346
0 0.368545 0.458542 0.024214 0.064351
0 0.372869 0.453179 0.032862 0.069356
0 0.383030 0.457827 0.033294 0.068641
0 0.393407 0.461044 0.029835 0.063636
0 0.405947 0.466049 0.025511 0.065066
0 0.417405 0.474629 0.026808 0.059346
0 0.430377 0.479992 0.028538 0.064351
0 0.356654 0.619062 0.044537 0.042186
0 0.305199 0.605835 0.038483 0.032891
0 0.274715 0.564721 0.019890 0.045046
0 0.277958 0.545773 0.021187 0.050051
0 0.288335 0.538981 0.016863 0.029316
0 0.306280 0.569011 0.020755 0.049336
0 0.320333 0.581167 0.028970 0.062206
0 0.327683 0.573659 0.034159 0.064351
0 0.337412 0.570084 0.017296 0.035751
0 0.354924 0.589032 0.024647 0.062206
0 0.368977 0.596182 0.019890 0.035036
0 0.373733 0.583312 0.032862 0.065066
1 0.053761 0.668398 0.020755 0.016445
1 0.048356 0.749195 0.017728 0.022165