1 0.453799 0.042403 0.015134 0.018590
1 0.606434 0.185764 0.018593 0.022165
1 0.912786 0.496437 0.020755 0.031461
0 0.902625 0.364160 0.042807 0.061491
0 0.420720 0.112475 0.044969 0.055771
0 0.499200 0.191126 0.065292 0.075792
0 0.613136 0.303741 0.047563 0.056486
0 0.560384 0.254405 0.047563 0.059346
0 0.678644 0.375600 0.055779 0.077222
0 0.735936 0.436376 0.052752 0.062921
0 0.790202 0.489287 0.050590 0.068641
0 0.851386 0.554711 0.056211 0.066496
0 0.841008 0.646233 0.063994 0.030746
0 0.796904 0.823199 0.057076 0.032891
0 0.787391 0.805324 0.062265 0.037181
0 0.773122 0.792453 0.059671 0.042901
0 0.762312 0.770288 0.048428 0.038611
0 0.741125 0.755630 0.055347 0.043616
0 0.705669 0.703077 0.015566 0.020020
0 0.705885 0.725599 0.049725 0.039326
0 0.674969 0.678051 0.065724 0.042901
0 0.632810 0.629788 0.062697 0.037896
0 0.603191 0.602260 0.060535 0.040041
0 0.549142 0.540768 0.061400 0.037181
0 0.507416 0.495722 0.062697 0.035751
0 0.558654 0.349502 0.056211 0.027886
0 0.466122 0.451392 0.058806 0.032891
0 0.519955 0.311249 0.060103 0.027171
0 0.481472 0.273353 0.068751 0.034321
0 0.453582 0.234027 0.052752 0.028601
0 0.439746 0.222945 0.051887 0.029316
0 0.433260 0.209359 0.044104 0.029316
0 0.420937 0.193629 0.056644 0.017875
0 0.392398 0.166101 0.051455 0.020020
0 0.379427 0.157521 0.050590 0.025741
0 0.444502 0.423148 0.057941 0.032176
0 0.433692 0.408491 0.055347 0.032891
0 0.418558 0.394905 0.055347 0.031461
0 0.407749 0.386325 0.062265 0.042901
0 0.382453 0.356295 0.061832 0.037181
0 0.361915 0.330197 0.057076 0.033606
0 0.353699 0.314824 0.054482 0.028601
0 0.338782 0.303026 0.056644 0.037896
0 0.323864 0.273353 0.053617 0.031461
0 0.280624 0.270493 0.027673 0.022880
0 0.266788 0.368450 0.012107 0.078652
0 0.280841 0.384538 0.018593 0.085087
0 0.290786 0.384538 0.017728 0.079367
0 0.314567 0.422433 0.019458 0.073646
0 0.329053 0.437806 0.013837 0.085802
0 0.338565 0.452822 0.021620 0.081512
0 0.350889 0.461044 0.021187 0.080797
0 0.296839 0.522178 0.016863 0.041471
0 0.340079 0.580094 0.014269 0.052911
0 0.375319 0.495007 0.020755 0.088662
1 0.365806 0.598327 0.011242 0.036466
0 0.442556 0.695926 0.016863 0.047191
0 0.399965 0.521105 0.017296 0.095097
0 0.415532 0.536836 0.018161 0.095097
0 0.428071 0.555784 0.025079 0.098672
0 0.454663 0.585933 0.028106 0.110827
0 0.478445 0.610601 0.028106 0.091522
0 0.507848 0.649927 0.026376 0.100102
0 0.535305 0.683890 0.023349 0.087947
0 0.560384 0.702838 0.028538 0.101532
0 0.531125 0.932715 0.034592 0.029316
0 0.467131 0.945943 0.060535 0.080082
0 0.575446 0.932596 0.035889 0.042901
1 0.562690 0.969777 0.021620 0.020020
1 0.590796 0.994899 0.023349 0.010202
0 0.632522 0.794956 0.026376 0.100817
0 0.667978 0.818909 0.021187 0.110112
0 0.241637 0.058134 0.015134 0.077222
1 0.201208 0.012015 0.016431 0.013585
1 0.204018 0.034896 0.015999 0.010725
1 0.206180 0.047051 0.015134 0.016445
1 0.074948 0.057419 0.016431 0.025741
1 0.053545 0.101750 0.021187 0.022880
0 0.181318 0.276213 0.019890 0.074361
0 0.183912 0.383108 0.019890 0.083657
1 0.071273 0.781371 0.022917 0.027886
0 0.132241 0.215437 0.040213 0.072931
0 0.134619 0.241535 0.044104 0.069356
0 0.137430 0.266203 0.041942 0.068641
0 0.136349 0.287296 0.047563 0.073646
0 0.137862 0.362730 0.045401 0.082942
0 0.135916 0.393475 0.044104 0.074361
0 0.136565 0.419573 0.043672 0.080797
0 0.137862 0.444956 0.044537 0.080082
0 0.138511 0.474987 0.048428 0.090092
0 0.140024 0.501443 0.047131 0.072931