1 0.449042 0.506924 0.011675 0.017160
1 0.455096 0.517650 0.009080 0.012870
1 0.415315 0.547323 0.010810 0.012155
1 0.419423 0.557690 0.011242 0.012870
1 0.409046 0.560550 0.012972 0.012870
1 0.412072 0.567701 0.012107 0.018590
0 0.479742 0.651715 0.026376 0.046476
0 0.511307 0.698548 0.015134 0.065781
0 0.521685 0.765044 0.020323 0.064351
0 0.456609 0.751817 0.014701 0.023595
0 0.431530 0.690683 0.031997 0.052911
0 0.382021 0.586291 0.025511 0.050051
0 0.401263 0.661010 0.026808 0.049336
0 0.488390 0.813665 0.029835 0.047191
0 0.536602 0.837261 0.024214 0.062921
0 0.514118 0.865504 0.032862 0.049336
1 0.488823 0.873727 0.015134 0.021450
1 0.418991 0.773625 0.012107 0.018590
0 0.571410 0.933311 0.031565 0.062921
0 0.542656 0.929021 0.029403 0.054341
1 0.526009 0.950829 0.011675 0.019305
1 0.347862 0.769573 0.011675 0.014300
1 0.338349 0.744905 0.009945 0.025025
1 0.363860 0.640513 0.011675 0.016445
1 0.346565 0.672331 0.010810 0.022880
0 0.330782 0.634793 0.025944 0.050766
0 0.340079 0.708797 0.027241 0.048621
0 0.375535 0.792453 0.023782 0.054341
0 0.396939 0.838929 0.028538 0.050051
0 0.397587 0.787448 0.028106 0.052911
0 0.335539 0.485355 0.028538 0.049336
0 0.295542 0.429226 0.028106 0.048621
0 0.305271 0.554354 0.019890 0.035751
0 0.310243 0.547918 0.018593 0.042901
1 0.321486 0.548633 0.010810 0.018590
1 0.378994 0.282648 0.009945 0.012870
1 0.475418 0.188266 0.008216 0.021450
1 0.355645 0.196131 0.010810 0.014300
1 0.378778 0.237960 0.018161 0.016445
1 0.348727 0.182546 0.013404 0.012870
1 0.338133 0.158236 0.012972 0.011440
1 0.354780 0.142505 0.007351 0.018590
1 0.351537 0.134640 0.012107 0.022880
0 0.292083 0.068859 0.015999 0.018590
0 0.289921 0.035611 0.013404 0.023595
0 0.211657 0.247255 0.026376 0.042186
0 0.141826 0.091024 0.024214 0.041471
0 0.075453 0.017627 0.024647 0.035253
0 0.211441 0.085304 0.014701 0.055771
0 0.326026 0.306244 0.035456 0.018590
0 0.324080 0.292658 0.033294 0.012870
0 0.316081 0.281576 0.022485 0.017875
0 0.309379 0.255835 0.035889 0.019305
0 0.302028 0.240462 0.035889 0.022880
0 0.285813 0.218297 0.036321 0.018590
0 0.281273 0.204354 0.034159 0.017875
0 0.269815 0.181116 0.030268 0.021450
0 0.267869 0.171463 0.036754 0.016445
0 0.258788 0.154661 0.033294 0.017160
0 0.249924 0.143578 0.031997 0.016445
0 0.248195 0.132495 0.035456 0.018590
0 0.247979 0.121412 0.037618 0.019305