1 0.382237 0.329362 0.016431 0.030031
1 0.374022 0.306482 0.019025 0.018590
1 0.279760 0.239986 0.015566 0.011440
1 0.281705 0.253213 0.016863 0.017875
1 0.286246 0.277166 0.016431 0.021450
0 0.244087 0.242846 0.014269 0.048621
0 0.353699 0.396216 0.026808 0.045046
1 0.332944 0.529924 0.022485 0.022165
1 0.343322 0.587840 0.018161 0.016445
1 0.346348 0.605358 0.019025 0.024310
1 0.447096 0.461402 0.014701 0.031461
0 0.527306 0.653741 0.062697 0.068641
0 0.590003 0.848939 0.053185 0.064351
0 0.763177 0.785303 0.067454 0.068641
0 0.745665 0.723812 0.074804 0.080082
0 0.699399 0.686989 0.046266 0.102247
0 0.736369 0.698786 0.068318 0.070071
0 0.730531 0.668756 0.066156 0.064351
0 0.716695 0.632648 0.067886 0.063636
0 0.654214 0.719164 0.039780 0.113687
0 0.645998 0.699501 0.045834 0.102962
0 0.636485 0.665181 0.040645 0.097242
0 0.627838 0.644445 0.034592 0.100102
0 0.619838 0.613342 0.041078 0.093667
0 0.606650 0.542198 0.036321 0.094382
0 0.598219 0.525753 0.046266 0.091522
0 0.582004 0.481780 0.035456 0.090807
0 0.581788 0.444956 0.044537 0.088662
0 0.572707 0.419573 0.038483 0.083657
0 0.553682 0.374528 0.036754 0.086517
0 0.548277 0.353792 0.038916 0.076507
0 0.546764 0.310176 0.023782 0.065066
0 0.540926 0.306244 0.046699 0.085802
0 0.531413 0.232597 0.018161 0.032891
1 0.524711 0.292658 0.011675 0.021450
1 0.535521 0.260125 0.015999 0.026456
0 0.528819 0.281576 0.036321 0.086517
0 0.607515 0.266918 0.057076 0.057201
0 0.612055 0.293373 0.059238 0.048621
0 0.630864 0.320901 0.057076 0.049336
0 0.639512 0.344497 0.056211 0.047906
0 0.640809 0.362015 0.059671 0.050051
0 0.642323 0.383823 0.060968 0.062206
1 0.701561 0.413138 0.022917 0.032176
0 0.658754 0.434589 0.063562 0.066496
0 0.664375 0.464262 0.068751 0.061491
1 0.921218 0.706652 0.025511 0.042901
1 0.887491 0.661963 0.027241 0.049336
1 0.789553 0.409921 0.019890 0.030031
1 0.777446 0.376315 0.016431 0.034321
1 0.795174 0.343067 0.019025 0.037896
1 0.813767 0.233670 0.015566 0.032176
0 0.840792 0.253690 0.041942 0.089377
0 0.673023 0.040865 0.038483 0.081729
0 0.171373 0.355937 0.028538 0.037896
0 0.163589 0.227235 0.021620 0.046476
1 0.207694 0.849654 0.017296 0.037181
1 0.208126 0.885763 0.016431 0.030746
1 0.230611 0.860380 0.020755 0.030031
1 0.220666 0.853587 0.015566 0.039326
1 0.394056 0.010943 0.020755 0.015730
1 0.395786 0.030963 0.021620 0.010010
1 0.399677 0.045621 0.013837 0.013585