1 0.428720 0.545654 0.018593 0.029316
0 0.419423 0.525872 0.023349 0.047906
0 0.399317 0.411470 0.021187 0.045046
0 0.383534 0.345689 0.022485 0.030746
0 0.375967 0.308150 0.018593 0.040041
0 0.327755 0.266322 0.018161 0.029316
0 0.345484 0.344616 0.022485 0.040041
0 0.356510 0.381082 0.023782 0.037181
0 0.342889 0.596659 0.027673 0.036466
0 0.291218 0.507282 0.020323 0.030746
0 0.279111 0.446148 0.020323 0.027171
0 0.270247 0.400745 0.018161 0.043616
0 0.266788 0.370357 0.020755 0.040041
0 0.242790 0.247374 0.013404 0.048621
0 0.249060 0.279192 0.012972 0.043616
0 0.278462 0.245587 0.026808 0.027886
1 0.281273 0.265965 0.017728 0.024310
1 0.286678 0.283125 0.019025 0.024310
1 0.290569 0.297783 0.019890 0.022165
1 0.295326 0.314585 0.019890 0.018590
1 0.253383 0.307435 0.011242 0.025741
1 0.257707 0.333176 0.016431 0.027171
1 0.307649 0.394667 0.025511 0.024310
1 0.313486 0.417190 0.025944 0.027886
1 0.314567 0.435423 0.019458 0.022880
1 0.317594 0.451868 0.019458 0.024310
1 0.330782 0.511214 0.020755 0.024310
1 0.335322 0.541960 0.018593 0.018590
1 0.158905 0.932239 0.015999 0.036466
1 0.172958 0.934741 0.021620 0.035751
1 0.167769 0.860737 0.020755 0.032176
1 0.217711 0.890410 0.015999 0.038611
0 0.187227 0.477847 0.028538 0.038611
0 0.175769 0.399553 0.023782 0.043616
0 0.166472 0.336632 0.031132 0.025025
0 0.162364 0.314466 0.033294 0.019305
0 0.160851 0.298378 0.033727 0.015730
0 0.159770 0.282648 0.035024 0.024310
0 0.158473 0.269420 0.034159 0.023595
1 0.127989 0.215794 0.019890 0.032176
1 0.393263 0.022741 0.018593 0.017875
1 0.392831 0.010943 0.024647 0.015730
1 0.588922 0.161811 0.015566 0.028601
0 0.619838 0.152158 0.033294 0.083657
0 0.641458 0.188266 0.020323 0.032891
0 0.622000 0.119625 0.031565 0.075792
0 0.600813 0.045979 0.034159 0.072931
0 0.661781 0.259410 0.035024 0.076507
0 0.562546 0.952616 0.070913 0.088662
1 0.889653 0.661248 0.019458 0.040756
1 0.892247 0.480707 0.015999 0.028601
1 0.884464 0.424936 0.016863 0.032891
1 0.812254 0.397765 0.018593 0.040041
1 0.751070 0.227950 0.017296 0.039326
0 0.688373 0.085662 0.040645 0.073646
1 0.688373 0.025243 0.012972 0.030031
0 0.738531 0.505971 0.057941 0.137283
0 0.831063 0.784826 0.054482 0.107252
0 0.760799 0.783754 0.065292 0.072216
0 0.739179 0.736563 0.028970 0.037896
0 0.743287 0.722620 0.059671 0.061491
0 0.739612 0.692590 0.067021 0.064351
0 0.716911 0.637534 0.072642 0.080082
0 0.695940 0.566032 0.066156 0.060061
1 0.659619 0.523131 0.016863 0.027171
0 0.684049 0.522416 0.064859 0.067211
0 0.675833 0.495246 0.062265 0.062921
0 0.660916 0.465930 0.058373 0.048621
0 0.663294 0.448770 0.057076 0.060061
0 0.639512 0.387636 0.068318 0.065066
0 0.640161 0.366901 0.058373 0.046476
0 0.625243 0.337943 0.057941 0.050051
0 0.621352 0.315777 0.054482 0.051481
0 0.618541 0.299689 0.056644 0.053626
0 0.610974 0.272876 0.055347 0.045761
0 0.498335 0.183500 0.051455 0.061491
0 0.553033 0.229260 0.034592 0.078652
0 0.575085 0.317207 0.031997 0.077222
0 0.521468 0.261079 0.035456 0.083657
0 0.528171 0.277166 0.035024 0.080082
0 0.535954 0.295042 0.033294 0.080082
0 0.540710 0.319710 0.037618 0.083657
0 0.546115 0.346523 0.034592 0.084372
0 0.555195 0.369046 0.035456 0.080797
0 0.570978 0.420884 0.035889 0.087232
0 0.574437 0.449485 0.033294 0.087232
0 0.573356 0.504898 0.024214 0.047906
0 0.588273 0.454490 0.017728 0.040041
0 0.587841 0.502038 0.036754 0.087947
0 0.596273 0.523131 0.041510 0.105822
0 0.601461 0.554949 0.035456 0.102247
0 0.618973 0.611078 0.035889 0.095812
0 0.628919 0.632528 0.032430 0.094382
0 0.620919 0.712253 0.014701 0.019305
0 0.642755 0.695450 0.013404 0.027171
0 0.633243 0.736206 0.016863 0.021450
0 0.642323 0.758371 0.015134 0.027171
0 0.655943 0.709750 0.014701 0.021450
0 0.656376 0.613581 0.034592 0.100817
0 0.624595 0.502396 0.035024 0.095812
0 0.599516 0.399791 0.038483 0.080797
0 0.480607 0.454490 0.015134 0.022880
0 0.512821 0.478800 0.028538 0.031461
0 0.478229 0.407299 0.063130 0.064351
0 0.481039 0.434827 0.058373 0.050766
0 0.496390 0.487738 0.066589 0.073646
0 0.505037 0.516339 0.062265 0.056486
0 0.440827 0.372263 0.023782 0.081512
0 0.452501 0.457350 0.033294 0.088662
0 0.477364 0.556737 0.035456 0.092952
0 0.508929 0.538504 0.063994 0.062206
0 0.515199 0.569607 0.060968 0.055771
0 0.523198 0.600710 0.061400 0.062206
0 0.505470 0.680434 0.032862 0.110112
0 0.540494 0.658269 0.066589 0.064351
0 0.543953 0.684009 0.033727 0.041471
0 0.546115 0.712968 0.065724 0.059346
0 0.552817 0.740138 0.067886 0.063636
0 0.556709 0.769454 0.077399 0.069356
0 0.569248 0.802702 0.074804 0.070071
0 0.574869 0.830230 0.067021 0.077937
0 0.583949 0.870628 0.082587 0.082942
0 0.907165 0.912933 0.070048 0.110827
1 0.036465 0.219012 0.023349 0.025741