0 0.499212 0.199980 0.027005 0.046530
0 0.425496 0.135878 0.035763 0.040095
0 0.388274 0.173003 0.059118 0.043065
0 0.337184 0.220275 0.056199 0.048510
0 0.423307 0.205178 0.019706 0.047025
0 0.428781 0.252203 0.023355 0.048015
0 0.402506 0.213593 0.026275 0.054945
0 0.398857 0.263588 0.027734 0.055935
0 0.461259 0.228195 0.029924 0.048510
0 0.471112 0.277448 0.030654 0.050985
0 0.511619 0.254925 0.025545 0.040590
0 0.520742 0.301703 0.024815 0.048015
0 0.533515 0.353678 0.029924 0.047025
0 0.562344 0.460598 0.040872 0.045045
0 0.586429 0.505148 0.042332 0.047025
0 0.609420 0.559351 0.043061 0.053460
0 0.571102 0.556628 0.046711 0.044055
0 0.790424 0.862786 0.060578 0.041580
0 0.458585 0.560626 0.067854 0.036270
0 0.518964 0.568231 0.033352 0.047580
0 0.474686 0.593581 0.040253 0.044460
0 0.477561 0.609181 0.040253 0.047580
0 0.485104 0.618586 0.039412 0.044550
0 0.490456 0.632941 0.038439 0.042240
0 0.496782 0.640366 0.039412 0.043230
0 0.507000 0.651751 0.045251 0.044880
0 0.515271 0.606706 0.037466 0.043230
0 0.518677 0.677161 0.034546 0.044220
0 0.525246 0.693331 0.043791 0.048840
0 0.528895 0.707191 0.035520 0.039600
0 0.537167 0.714451 0.038439 0.040260
0 0.543492 0.728311 0.037466 0.045540
0 0.552737 0.739531 0.036493 0.043560
0 0.562225 0.768571 0.035033 0.034320
0 0.564658 0.788041 0.034060 0.036300
0 0.576336 0.791671 0.038926 0.044220
0 0.585581 0.801076 0.045738 0.045210
0 0.592393 0.814441 0.036979 0.052140
0 0.582905 0.608026 0.057902 0.024090
0 0.587527 0.625351 0.060335 0.023760
0 0.592393 0.636736 0.060335 0.026070
0 0.591663 0.647626 0.063741 0.026070
0 0.605773 0.663136 0.064714 0.026730
0 0.617938 0.686401 0.057902 0.025740
0 0.628156 0.699931 0.063741 0.029040
0 0.633751 0.711316 0.066173 0.027390
0 0.640077 0.724021 0.056442 0.025740
0 0.645429 0.736231 0.067147 0.027720
0 0.647375 0.750256 0.060335 0.028710
0 0.665622 0.774016 0.062768 0.026730
0 0.668541 0.786061 0.066660 0.026400
0 0.674623 0.796786 0.065200 0.026730
0 0.682651 0.806851 0.071526 0.028380
0 0.691410 0.822196 0.059848 0.027390
0 0.547872 0.619906 0.040385 0.047850
0 0.591176 0.701251 0.035520 0.048840
0 0.564172 0.696136 0.036979 0.047850
0 0.615748 0.753556 0.034060 0.045210
0 0.592879 0.761476 0.042818 0.045870
0 0.643483 0.804541 0.038926 0.050160
0 0.431825 0.674356 0.071039 0.024090
0 0.430608 0.685576 0.063741 0.024750
0 0.433771 0.696136 0.060335 0.025410
0 0.443989 0.709831 0.069093 0.028380
0 0.448855 0.722206 0.064227 0.026730
0 0.463938 0.737386 0.062281 0.028710
0 0.464182 0.747451 0.064714 0.027720
0 0.466614 0.762301 0.065687 0.027720
0 0.486564 0.786061 0.063741 0.026400
0 0.495322 0.798601 0.066660 0.025080
0 0.495565 0.808336 0.064227 0.029370
0 0.498241 0.818896 0.061794 0.026730
0 0.500431 0.830611 0.066173 0.027720
0 0.516001 0.843481 0.066173 0.029040
0 0.517218 0.855361 0.062768 0.027720
0 0.527436 0.872026 0.068606 0.030690
0 0.512839 0.903376 0.058875 0.035310
0 0.390710 0.676336 0.033573 0.046530
0 0.379032 0.642016 0.020923 0.023430