0 0.132999 0.259619 0.105105 0.050592
0 0.120299 0.311987 0.107733 0.046155
0 0.073272 0.610486 0.067366 0.050361
0 0.659010 0.518447 0.132928 0.041613
0 0.682294 0.548692 0.137162 0.037752
0 0.704731 0.571000 0.107528 0.038610
0 0.730978 0.590090 0.092288 0.034749
0 0.439297 0.500858 0.111762 0.046761
0 0.476974 0.598885 0.071968 0.034320
0 0.512958 0.626341 0.104988 0.058344
0 0.773312 0.745817 0.121075 0.035607
0 0.831732 0.850922 0.134622 0.044187
0 0.388073 0.800515 0.053341 0.036036
0 0.482478 0.873230 0.121922 0.048477
0 0.465121 0.895753 0.107528 0.045474