0 0.248345 0.831353 0.039226 0.035145
0 0.362102 0.683101 0.033623 0.036630
0 0.382276 0.687803 0.026898 0.040095
0 0.314190 0.774181 0.036425 0.040590
0 0.343610 0.800168 0.024657 0.041085
0 0.357059 0.798931 0.023536 0.038610
0 0.366305 0.806108 0.022975 0.042075
0 0.562998 0.408623 0.036425 0.016335
0 0.556553 0.421988 0.039226 0.016335
0 0.549549 0.431393 0.035304 0.014355
0 0.545626 0.442035 0.038666 0.016830
0 0.539742 0.449955 0.035864 0.016830
0 0.532457 0.461835 0.041468 0.016830
0 0.528534 0.474705 0.033623 0.023760
0 0.558234 0.556876 0.022415 0.041580
0 0.584012 0.570488 0.021294 0.033165
0 0.644533 0.593258 0.022415 0.043065
0 0.659663 0.599941 0.022415 0.039600
0 0.670310 0.515543 0.017932 0.040095
0 0.659943 0.472478 0.020734 0.038115
0 0.648175 0.430155 0.030821 0.040590
0 0.917997 0.432630 0.029140 0.039600
0 0.987578 0.604396 0.024844 0.020790
0 0.985056 0.618503 0.029888 0.016335
0 0.982160 0.628898 0.035304 0.018315
0 0.966750 0.651668 0.047072 0.023265
0 0.958064 0.669736 0.045391 0.016830