0 0.355714 0.179376 0.065032 0.046654
0 0.216914 0.157859 0.099975 0.029360
0 0.200899 0.166908 0.067944 0.022523
0 0.216914 0.182995 0.098034 0.023327
0 0.232444 0.197072 0.107740 0.026544
0 0.239239 0.210344 0.082504 0.024131
0 0.249916 0.226030 0.098034 0.029762
0 0.259137 0.241112 0.112593 0.033382
0 0.268358 0.254987 0.132976 0.032175
0 0.263505 0.264036 0.127152 0.034186
0 0.294079 0.291385 0.102887 0.033382
0 0.298933 0.307674 0.106769 0.030566
0 0.319801 0.323158 0.088327 0.026947
0 0.326596 0.336430 0.107740 0.028555
0 0.328537 0.360360 0.123270 0.032175
0 0.358141 0.379866 0.104828 0.033382
0 0.358626 0.391530 0.115505 0.030968
0 0.362509 0.405003 0.109681 0.029762
0 0.386775 0.432754 0.119387 0.033784
0 0.400363 0.447434 0.113564 0.033382
0 0.400363 0.458293 0.103857 0.032577
0 0.418320 0.475788 0.112593 0.032175
0 0.428512 0.499920 0.107740 0.028958
0 0.432879 0.508768 0.089298 0.024131
0 0.443071 0.520632 0.096092 0.026142
0 0.454719 0.534106 0.096092 0.030566
0 0.450836 0.545166 0.105799 0.034990
0 0.451807 0.704231 0.080562 0.066763
0 0.513442 0.791506 0.066003 0.039414
0 0.508589 0.645914 0.067944 0.040219
0 0.546928 0.603885 0.039796 0.043034
0 0.266902 0.096324 0.110652 0.028555
0 0.294079 0.198279 0.062120 0.041023
0 0.316404 0.244731 0.073768 0.047056
0 0.363965 0.309081 0.066003 0.051882
0 0.412982 0.378057 0.057267 0.047458
0 0.452292 0.437983 0.066003 0.049067
0 0.477528 0.488457 0.060179 0.044643
0 0.514898 0.542954 0.063091 0.045849
0 0.366877 0.233470 0.066003 0.048665
0 0.399393 0.242318 0.061150 0.051078
0 0.459086 0.264640 0.058238 0.040219
0 0.432394 0.297820 0.061150 0.051078
0 0.463454 0.352317 0.066973 0.047458
0 0.504221 0.328588 0.061150 0.049871
0 0.519266 0.489463 0.071827 0.050676
0 0.539163 0.479609 0.059208 0.044643
0 0.773571 0.615750 0.081533 0.041828
0 0.504221 0.414857 0.072797 0.055100
0 0.547899 0.399976 0.059208 0.045447
0 0.579930 0.445624 0.061150 0.045849
0 0.618270 0.493485 0.075709 0.048263
0 0.833264 0.843790 0.078621 0.044241
0 0.761438 0.894868 0.078621 0.045849
0 0.703685 0.936495 0.071827 0.046252
0 0.572165 0.285755 0.065032 0.041425
0 0.581871 0.297016 0.076680 0.046252
0 0.688640 0.500322 0.047561 0.050676