0 0.422763 0.157457 0.014547 0.039012
0 0.399823 0.170528 0.011936 0.034588
0 0.376323 0.193653 0.013428 0.039817
0 0.361030 0.200290 0.008952 0.037001
0 0.352451 0.208132 0.014174 0.035795
0 0.314591 0.237291 0.015293 0.043436
0 0.296687 0.251166 0.012309 0.037403
0 0.281953 0.264036 0.015666 0.037403
0 0.267033 0.276303 0.012682 0.039414
0 0.251740 0.289374 0.011936 0.039817
0 0.234395 0.302445 0.014547 0.037001
0 0.219661 0.310690 0.014174 0.037403
0 0.210709 0.320946 0.012682 0.037001
0 0.203995 0.333213 0.010444 0.033382
0 0.196908 0.329995 0.013428 0.038208
0 0.186836 0.341458 0.011936 0.042632
0 0.209776 0.352920 0.036182 0.029360
0 0.139278 0.428732 0.027975 0.030566
0 0.141703 0.440999 0.028348 0.029360
0 0.143008 0.449445 0.028721 0.030968
0 0.139838 0.468348 0.029840 0.032577
0 0.138905 0.477397 0.027975 0.031371
0 0.140397 0.499316 0.029467 0.030164
0 0.140770 0.509974 0.027229 0.024936
0 0.141516 0.521839 0.027229 0.030968
0 0.141703 0.531290 0.024618 0.024936
0 0.141889 0.540138 0.022753 0.026544
0 0.141330 0.551601 0.026856 0.026142
0 0.142822 0.573721 0.022380 0.027751
0 0.142822 0.621984 0.029840 0.030968
0 0.183479 0.423303 0.028348 0.034990
0 0.187769 0.428531 0.029467 0.030968
0 0.186277 0.471766 0.029467 0.034588
0 0.188515 0.479006 0.031706 0.032979
0 0.187023 0.494289 0.027229 0.030566
0 0.185158 0.506556 0.025737 0.028555
0 0.190940 0.513192 0.023126 0.027349
0 0.190567 0.522442 0.026110 0.029762
0 0.187582 0.534106 0.025364 0.035393
0 0.188888 0.546171 0.027229 0.029762
0 0.187023 0.571107 0.025737 0.030566
0 0.189448 0.578547 0.026110 0.030968
0 0.196162 0.583172 0.023126 0.028958
0 0.188888 0.610521 0.027229 0.032175
0 0.193178 0.616353 0.026856 0.032577
0 0.521423 0.171734 0.034317 0.015283
0 0.512844 0.178370 0.037301 0.014881
0 0.504638 0.182794 0.032079 0.015685
0 0.496058 0.188626 0.037301 0.015283
0 0.486547 0.195866 0.036182 0.018501
0 0.472372 0.198279 0.027229 0.011261
0 0.471999 0.208333 0.039912 0.017696
0 0.454841 0.222209 0.038420 0.019707
0 0.445516 0.225426 0.030959 0.010055
0 0.443838 0.231861 0.035809 0.016490
0 0.430223 0.238699 0.036182 0.015685
0 0.426679 0.245335 0.038793 0.016088
0 0.420711 0.250563 0.033571 0.018501
0 0.394041 0.271075 0.035436 0.016892
0 0.384716 0.278515 0.036182 0.017294
0 0.377442 0.284347 0.036555 0.015283
0 0.370355 0.288771 0.040285 0.013674
0 0.362522 0.294200 0.036555 0.017294
0 0.354876 0.300032 0.036928 0.013674
0 0.342939 0.306065 0.039912 0.018501
0 0.328765 0.319136 0.037674 0.015685
0 0.323357 0.326577 0.038793 0.016088
0 0.314218 0.330800 0.033198 0.018098
0 0.306385 0.337838 0.033198 0.013674
0 0.296873 0.341659 0.035063 0.021316
0 0.290532 0.349300 0.035063 0.013272
0 0.287175 0.357143 0.038793 0.014479
0 0.591548 0.233068 0.031332 0.028555
0 0.545109 0.269667 0.033944 0.029360
0 0.496991 0.276102 0.026483 0.026142
0 0.410454 0.344072 0.036182 0.031773
0 0.405231 0.322957 0.032452 0.028153
0 0.364387 0.354529 0.031332 0.026142
0 0.305452 0.401182 0.034317 0.030968
0 0.389192 0.640484 0.030959 0.030164
0 0.329138 0.687339 0.032452 0.028153
0 0.429104 0.730977 0.034690 0.027751
0 0.396839 0.760135 0.032079 0.029762
0 0.375391 0.795729 0.033198 0.027751
0 0.382478 0.800354 0.032452 0.028153
0 0.417914 0.809001 0.032452 0.026947
0 0.667455 0.549992 0.033198 0.028555
0 0.892438 0.579672 0.029357 0.029566
0 0.892761 0.591325 0.035809 0.027131
0 0.889857 0.603151 0.031292 0.025740
0 0.890664 0.613413 0.032260 0.024697
0 0.886954 0.633413 0.030002 0.025740
0 0.882760 0.646631 0.030002 0.025044
0 0.881308 0.665762 0.032260 0.029218
0 0.883083 0.672545 0.031937 0.026088
0 0.880179 0.685067 0.033228 0.026784
0 0.836467 0.699850 0.012904 0.040349
0 0.829692 0.704024 0.012904 0.036871
0 0.821143 0.710807 0.013227 0.037914
0 0.812917 0.720199 0.012904 0.038610
0 0.805820 0.725590 0.014194 0.038958
0 0.790174 0.739852 0.011936 0.036175
0 0.781464 0.745243 0.013227 0.037914
0 0.774850 0.748200 0.012259 0.039654
0 0.766463 0.757070 0.011614 0.036523
0 0.758882 0.763331 0.013872 0.036523
0 0.744849 0.776723 0.012904 0.039654
0 0.735977 0.779158 0.011936 0.037567
0 0.728557 0.785071 0.010646 0.033392
0 0.720492 0.793071 0.013872 0.038262
0 0.714847 0.795680 0.016130 0.037914
0 0.698394 0.808202 0.015485 0.044175
0 0.690329 0.817246 0.011614 0.039306
0 0.682587 0.822463 0.013549 0.038610
0 0.675812 0.826637 0.012259 0.037219
0 0.669683 0.834290 0.010968 0.040697
0 0.652101 0.848377 0.013872 0.036871
0 0.643391 0.854465 0.011936 0.037914
0 0.635810 0.864552 0.010323 0.037914
0 0.629680 0.862987 0.011614 0.037567
0 0.620325 0.868552 0.013549 0.041045
0 0.605647 0.883161 0.011936 0.038262
0 0.598388 0.890988 0.010968 0.034436
0 0.583710 0.903162 0.011936 0.041393
0 0.576290 0.904901 0.013227 0.046262
0 0.680651 0.789767 0.034841 0.028871
0 0.859533 0.743678 0.039680 0.014609
0 0.853887 0.750461 0.033550 0.015653
0 0.848726 0.757244 0.031615 0.016696
0 0.835983 0.759157 0.032583 0.012870
0 0.834047 0.767505 0.033873 0.014261
0 0.817756 0.779853 0.033550 0.013914
0 0.810014 0.785593 0.033550 0.014957
0 0.803400 0.790636 0.035163 0.016696
0 0.787916 0.803158 0.033228 0.017392
0 0.774205 0.815507 0.034196 0.012870
0 0.767431 0.821768 0.033550 0.014261
0 0.765818 0.828203 0.022582 0.011826
0 0.750817 0.832899 0.030002 0.013566
0 0.742268 0.838812 0.034841 0.016348
0 0.726783 0.852030 0.034841 0.015653
0 0.716782 0.857769 0.034196 0.013914
0 0.710492 0.863160 0.033873 0.015653
0 0.704201 0.868204 0.034196 0.015305
0 0.695330 0.875161 0.035809 0.016696
0 0.680167 0.886987 0.031937 0.016001
0 0.669844 0.892901 0.035809 0.013914
0 0.661295 0.898466 0.030970 0.011131
0 0.660005 0.906292 0.034841 0.014261
0 0.651940 0.911510 0.033550 0.014957
0 0.636294 0.923858 0.033873 0.011826
0 0.616938 0.935511 0.035163 0.014957
0 0.603872 0.946120 0.036776 0.013218
0 0.597582 0.954294 0.035809 0.014261
0 0.690007 0.853769 0.032905 0.030958