0 0.427987 0.150645 0.012548 0.033990
0 0.420489 0.156420 0.011630 0.035640
0 0.412378 0.166980 0.011936 0.039600
0 0.403197 0.172095 0.011936 0.033330
0 0.397381 0.177870 0.010712 0.034980
0 0.390189 0.177210 0.010406 0.029040
0 0.382079 0.184800 0.012548 0.039600
0 0.364633 0.200475 0.014385 0.036630
0 0.356064 0.207240 0.011324 0.036960
0 0.348413 0.213510 0.011936 0.033660
0 0.339996 0.220440 0.010406 0.033660
0 0.334640 0.220935 0.011324 0.037950
0 0.325764 0.229515 0.011324 0.033990
0 0.316277 0.237270 0.013160 0.034320
0 0.301892 0.246510 0.011936 0.035640
0 0.293169 0.254760 0.011630 0.038940
0 0.284600 0.264495 0.009794 0.035310
0 0.278020 0.267960 0.010712 0.036300
0 0.270368 0.274560 0.009488 0.033660
0 0.263023 0.278355 0.010712 0.034650
0 0.254606 0.282645 0.012854 0.036630
0 0.238997 0.298815 0.010406 0.036630
0 0.230275 0.303270 0.011324 0.037620
0 0.208086 0.319440 0.009794 0.037620
0 0.201353 0.324555 0.008570 0.035970
0 0.192018 0.332640 0.010100 0.032340
0 0.168758 0.325050 0.027851 0.025080
0 0.296995 0.215325 0.029075 0.025410
0 0.390648 0.202125 0.026627 0.022110
0 0.359431 0.226875 0.029687 0.028710
0 0.330967 0.249975 0.024791 0.023430
0 0.305106 0.268125 0.025709 0.026730
0 0.270674 0.296340 0.032136 0.029040
0 0.239763 0.316635 0.027239 0.022110
0 0.201506 0.347820 0.027239 0.020460
0 0.520569 0.170940 0.036115 0.013200
0 0.503889 0.183480 0.032748 0.013200
0 0.500216 0.190740 0.033972 0.011880
0 0.478027 0.206415 0.033054 0.012210
0 0.462724 0.221265 0.035503 0.013530
0 0.446963 0.230835 0.028463 0.013530
0 0.437934 0.238095 0.031218 0.014190
0 0.433343 0.242715 0.031218 0.014850
0 0.425845 0.249480 0.033360 0.012540
0 0.414062 0.254595 0.031830 0.014850
0 0.392332 0.268455 0.034278 0.014190
0 0.385598 0.272415 0.036727 0.012210
0 0.382844 0.282480 0.029993 0.009900
0 0.373356 0.287760 0.031218 0.011880
0 0.363256 0.290070 0.039787 0.011220
0 0.355605 0.297330 0.041624 0.013860
0 0.352850 0.304590 0.032442 0.012540
0 0.334181 0.318615 0.031830 0.013530
0 0.329284 0.325050 0.033054 0.015840
0 0.316583 0.329670 0.033972 0.013860
0 0.310768 0.336270 0.030300 0.011880
0 0.302810 0.341715 0.029687 0.012210
0 0.298831 0.349140 0.033360 0.016500
0 0.292863 0.353595 0.031218 0.014190
0 0.555459 0.168630 0.023872 0.019140
0 0.530516 0.189585 0.029075 0.029370
0 0.492565 0.219780 0.028463 0.025080
0 0.459358 0.245685 0.028157 0.023430
0 0.428905 0.268455 0.029075 0.028050
0 0.390036 0.297660 0.029687 0.027060
0 0.361420 0.320430 0.025709 0.027060
0 0.331579 0.343200 0.026627 0.029700
0 0.295618 0.374715 0.027545 0.028710
0 0.266849 0.396825 0.028769 0.028050
0 0.311074 0.398145 0.029687 0.028050
0 0.360196 0.358380 0.025097 0.023100
0 0.392332 0.332640 0.029993 0.023760
0 0.426916 0.305745 0.031218 0.023430
0 0.409318 0.348480 0.028463 0.031020
0 0.444973 0.321255 0.031830 0.033330
0 0.502665 0.275880 0.028463 0.029700
0 0.495166 0.252945 0.028769 0.020790
0 0.480629 0.328515 0.024178 0.024090
0 0.513224 0.302115 0.027545 0.024090
0 0.560050 0.262020 0.029381 0.025080
0 0.588667 0.238095 0.025403 0.024090
0 0.185744 0.415800 0.028157 0.032340
0 0.188345 0.424545 0.026015 0.028050
0 0.186203 0.435435 0.026015 0.028050
0 0.186968 0.456225 0.023872 0.027390
0 0.186968 0.445170 0.029993 0.028380
0 0.188804 0.464475 0.021424 0.024750
0 0.188957 0.487080 0.024791 0.027720
0 0.186356 0.502921 0.023260 0.022440
0 0.189569 0.509356 0.027851 0.032670
0 0.192171 0.515956 0.028769 0.032010
0 0.191559 0.527176 0.024484 0.026730
0 0.193089 0.537736 0.023872 0.029370
0 0.193242 0.559351 0.023566 0.030360
0 0.192324 0.570241 0.022954 0.028380
0 0.196762 0.578326 0.025097 0.030690
0 0.196762 0.585091 0.026321 0.027720
0 0.195844 0.612151 0.029993 0.036300
0 0.179623 0.601921 0.008570 0.039600
0 0.175950 0.552421 0.009182 0.042900
0 0.173654 0.504736 0.008876 0.033990
0 0.244813 0.500611 0.011630 0.039600
0 0.244506 0.549121 0.011630 0.042240
0 0.246802 0.596311 0.011324 0.042900
0 0.248638 0.641026 0.011936 0.047850
0 0.147793 0.434280 0.023260 0.025080
0 0.146875 0.441870 0.027545 0.027060
0 0.145497 0.451440 0.026015 0.026400
0 0.147640 0.474045 0.030300 0.033990
0 0.149476 0.495825 0.027239 0.029370
0 0.145038 0.502261 0.028769 0.028380
0 0.144732 0.512986 0.025097 0.026730
0 0.147487 0.523876 0.025097 0.030030
0 0.143967 0.541861 0.026015 0.025080
0 0.162330 0.552586 0.009488 0.037290
0 0.149170 0.568756 0.022342 0.027390
0 0.146262 0.575851 0.026933 0.027720
0 0.146722 0.585256 0.022342 0.022110
0 0.148405 0.596641 0.021424 0.023100
0 0.148558 0.604561 0.029075 0.030360
0 0.164779 0.599281 0.010100 0.036300
0 0.372438 0.559351 0.026321 0.027720
0 0.300362 0.691516 0.030300 0.030690
0 0.328213 0.690856 0.031524 0.028710
0 0.365705 0.643996 0.033666 0.029370
0 0.335405 0.664951 0.025709 0.021780
0 0.402431 0.614461 0.028157 0.030360
0 0.417887 0.583111 0.018669 0.016500
0 0.438852 0.581956 0.031830 0.030690
0 0.430436 0.608686 0.030912 0.030690
0 0.472671 0.576181 0.029687 0.026400
0 0.498533 0.556711 0.018363 0.024420
0 0.866412 0.528826 0.022648 0.036630
0 0.864729 0.543016 0.023566 0.032670
0 0.862434 0.552916 0.025097 0.034650
0 0.861363 0.562321 0.024178 0.036960
0 0.858914 0.571891 0.026015 0.034320
0 0.855854 0.582781 0.024791 0.035640
0 0.853558 0.594001 0.025709 0.035640
0 0.895488 0.562981 0.029993 0.026400
0 0.894417 0.574861 0.026627 0.024420
0 0.896253 0.583936 0.030912 0.022770
0 0.895029 0.593341 0.030912 0.027060
0 0.891356 0.604231 0.029687 0.025740
0 0.893345 0.616276 0.029381 0.026070
0 0.875135 0.611491 0.012548 0.037620
0 0.886306 0.639871 0.028769 0.024420
0 0.889367 0.647296 0.031830 0.026070
0 0.887836 0.657361 0.028769 0.024420
0 0.886612 0.666766 0.029381 0.024090
0 0.886918 0.674191 0.032442 0.026400
0 0.886459 0.685411 0.035196 0.029040
0 0.899160 0.697621 0.008570 0.032340
0 0.867484 0.684091 0.012548 0.036300
0 0.839786 0.706036 0.011018 0.035970
0 0.831063 0.716431 0.011936 0.039600
0 0.823565 0.722866 0.008570 0.038610
0 0.816525 0.729466 0.012242 0.041250
0 0.808568 0.731611 0.012242 0.036960
0 0.805201 0.685906 0.032442 0.025410
0 0.758528 0.723361 0.032748 0.024420
0 0.686451 0.779296 0.025097 0.024750
0 0.793265 0.744646 0.011018 0.038610
0 0.783930 0.750091 0.010100 0.039600
0 0.778115 0.756031 0.008264 0.038940
0 0.770464 0.761806 0.010100 0.035310
0 0.762659 0.762466 0.010406 0.037290
0 0.746285 0.780781 0.011936 0.040920
0 0.738940 0.787381 0.009488 0.040920
0 0.731442 0.792001 0.009794 0.039600
0 0.724402 0.796126 0.010406 0.044550
0 0.715833 0.801571 0.014079 0.038940
0 0.700836 0.815431 0.012242 0.040920
0 0.693797 0.820051 0.009794 0.040920
0 0.686451 0.826486 0.011630 0.043890
0 0.678035 0.831271 0.011936 0.041580
0 0.670843 0.834571 0.011018 0.040920
0 0.656458 0.848596 0.007957 0.030030
0 0.648041 0.858331 0.009488 0.040260
0 0.640390 0.862621 0.010712 0.036300
0 0.632433 0.869386 0.009488 0.035970
0 0.626005 0.873181 0.007651 0.031680
0 0.609325 0.886711 0.008570 0.032340
0 0.601215 0.890836 0.009488 0.039270
0 0.594635 0.894136 0.009794 0.037950
0 0.579179 0.907666 0.010100 0.042570
0 0.597542 0.916906 0.028463 0.020130
0 0.636564 0.884401 0.037951 0.030360
0 0.671455 0.859321 0.022036 0.022440
0 0.698847 0.840511 0.027851 0.027060
0 0.601521 0.954196 0.034584 0.014850
0 0.609631 0.947761 0.031830 0.011220
0 0.614069 0.940336 0.029075 0.011550
0 0.624475 0.934231 0.035809 0.014520
0 0.634116 0.922186 0.035503 0.014190
0 0.590962 0.938686 0.029993 0.027390
0 0.650337 0.909976 0.030606 0.010890
0 0.656305 0.903541 0.035809 0.018480
0 0.678035 0.892486 0.035196 0.016830
0 0.696092 0.876811 0.036421 0.017160
0 0.708028 0.872191 0.031524 0.013860
0 0.713690 0.865096 0.031218 0.018150
0 0.727463 0.854701 0.036727 0.016500
0 0.752560 0.835561 0.036115 0.017820
0 0.759599 0.829456 0.037951 0.011550
0 0.768168 0.824341 0.031830 0.013860
0 0.773677 0.816421 0.031830 0.013200
0 0.742613 0.817576 0.028463 0.029370
0 0.694103 0.856186 0.034278 0.018810
0 0.787297 0.804046 0.032136 0.013530
0 0.796020 0.797446 0.033054 0.016170
0 0.814230 0.787381 0.033972 0.012540
0 0.819892 0.779956 0.034278 0.015510
0 0.834124 0.769726 0.033972 0.014850
0 0.839939 0.764281 0.033972 0.015840
0 0.850345 0.756691 0.034584 0.015180
0 0.864882 0.742996 0.036115 0.014190
0 0.820657 0.755701 0.027851 0.026400
0 0.810863 0.461505 0.032748 0.030690
0 0.774749 0.495495 0.024178 0.025410
0 0.736492 0.527341 0.026627 0.020460
0 0.719506 0.514636 0.034890 0.028050
0 0.685380 0.540706 0.038869 0.031350
0 0.705427 0.551926 0.031218 0.033990
0 0.663038 0.582121 0.030912 0.027060
0 0.642992 0.573871 0.035503 0.027060
0 0.599532 0.605881 0.033054 0.025080
0 0.783624 0.563476 0.030300 0.028050
0 0.531587 0.656536 0.033666 0.028050
0 0.566324 0.629146 0.032136 0.025410
0 0.592186 0.641191 0.033666 0.031020
0 0.411919 0.749761 0.023260 0.025740
0 0.442219 0.726001 0.029381 0.027720
0 0.442525 0.807346 0.037339 0.011550
0 0.428293 0.816751 0.035196 0.011880
0 0.395086 0.811141 0.026321 0.024420
0 0.384833 0.808996 0.030912 0.030030
0 0.378865 0.804871 0.028157 0.024420
0 0.377641 0.794641 0.028157 0.025080
0 0.345811 0.835891 0.034890 0.016500