0 0.398255 0.238095 0.043615 0.020020
0 0.461175 0.258115 0.045045 0.021450
0 0.514086 0.095095 0.013585 0.038610
0 0.501931 0.099645 0.005850 0.032370
0 0.494520 0.107640 0.010530 0.035880
0 0.485940 0.116220 0.008970 0.039780
0 0.478335 0.121485 0.011700 0.035490
0 0.459030 0.135330 0.012870 0.045240
0 0.538591 0.121290 0.037830 0.014040
0 0.526696 0.136500 0.028860 0.014820
0 0.497250 0.154635 0.037830 0.016770
0 0.625951 0.109005 0.029250 0.033930
0 0.604111 0.078390 0.031590 0.034320
0 0.909091 0.008970 0.033150 0.014820
0 0.830116 0.063375 0.033540 0.023790
0 0.818806 0.103740 0.032760 0.037440
0 0.787021 0.216840 0.026130 0.028860
0 0.758941 0.170040 0.022230 0.017160
0 0.777856 0.288795 0.027300 0.037050
0 0.715066 0.371280 0.043680 0.021060
0 0.883351 0.427245 0.034710 0.017550
0 0.969931 0.511096 0.043290 0.023790
0 0.894856 0.575836 0.027300 0.034710
0 0.875356 0.575446 0.024960 0.033150
0 0.805351 0.553801 0.023010 0.033540
0 0.877696 0.629461 0.026520 0.041340
0 0.786826 0.603331 0.025740 0.039000
0 0.856441 0.678601 0.028470 0.038220
0 0.700636 0.575446 0.026520 0.038610
0 0.785071 0.654031 0.026910 0.040560
0 0.766156 0.650131 0.024180 0.039000
0 0.699271 0.627511 0.026910 0.035880
0 0.679966 0.624196 0.024960 0.039390
0 0.630241 0.500956 0.026130 0.039390
0 0.630436 0.554776 0.025740 0.035490
0 0.592021 0.596116 0.023790 0.038610
0 0.538201 0.475800 0.030810 0.041340
0 0.522406 0.524161 0.025740 0.035100
0 0.494715 0.566086 0.024960 0.034710
0 0.453765 0.449085 0.027300 0.037050
0 0.455520 0.503686 0.022230 0.037050
0 0.433680 0.494910 0.023790 0.036660
0 0.444795 0.546781 0.024180 0.037440
0 0.434460 0.546976 0.024570 0.035490
0 0.417495 0.545026 0.025740 0.038610
0 0.381225 0.424515 0.023400 0.035490
0 0.362505 0.418665 0.024960 0.034710
0 0.312000 0.403455 0.026130 0.033930
0 0.287820 0.390195 0.028470 0.034710
0 0.208455 0.412815 0.041340 0.030810
0 0.275340 0.446745 0.026910 0.039390
0 0.364650 0.474045 0.026910 0.044070
0 0.333060 0.463515 0.024570 0.037050
0 0.315510 0.458640 0.028470 0.037440
0 0.386100 0.533521 0.025350 0.039000
0 0.366015 0.526696 0.023400 0.036270
0 0.357630 0.524746 0.023790 0.033150
0 0.344565 0.517921 0.023400 0.035100
0 0.327015 0.512461 0.023400 0.035100
0 0.315315 0.510316 0.024180 0.037050
0 0.287625 0.508951 0.022620 0.040560
0 0.291720 0.505246 0.029250 0.045630
0 0.276900 0.499395 0.023790 0.040170
0 0.256230 0.496470 0.031590 0.041340
0 0.313950 0.606061 0.029250 0.044460
0 0.326625 0.609376 0.025740 0.035490
0 0.336375 0.608596 0.024180 0.037050
0 0.345540 0.612886 0.021450 0.029250
0 0.356850 0.615421 0.023010 0.036660
0 0.366600 0.618541 0.028470 0.036660
0 0.384345 0.622831 0.028080 0.039000
0 0.405405 0.633361 0.026520 0.035100
0 0.415350 0.635311 0.029250 0.037440
0 0.462150 0.651496 0.026910 0.035490
0 0.475215 0.654616 0.028860 0.036270
0 0.492180 0.656956 0.025350 0.039390
0 0.577981 0.683866 0.022230 0.032370
0 0.559846 0.678796 0.021840 0.030030
0 0.536836 0.721891 0.036660 0.034320
0 0.646621 0.710386 0.027690 0.040170
0 0.666316 0.713311 0.025740 0.034320
0 0.675676 0.714481 0.024180 0.039000
0 0.685231 0.718576 0.023010 0.036270
0 0.697126 0.722476 0.028080 0.037050
0 0.713311 0.722866 0.025350 0.038610
0 0.735736 0.734956 0.027300 0.042510
0 0.748606 0.738661 0.028860 0.042120
0 0.761671 0.740026 0.030030 0.040170
0 0.812956 0.761866 0.035880 0.040950
0 0.627706 0.752311 0.044460 0.031200
0 0.705901 0.779026 0.039390 0.033150
0 0.726766 0.786631 0.038220 0.030420
0 0.786631 0.852736 0.028470 0.037830
0 0.705316 0.833236 0.030420 0.037050
0 0.610741 0.803596 0.026910 0.042510
0 0.594166 0.798526 0.029640 0.040950
0 0.525136 0.776881 0.024960 0.037440
0 0.513826 0.775516 0.024180 0.034710
0 0.590851 0.852346 0.044850 0.025350
0 0.684256 0.871651 0.030420 0.021060