0 0.561795 0.406971 0.040559 0.016696
0 0.553329 0.417406 0.044103 0.019479
0 0.542500 0.438798 0.042922 0.016348
0 0.537971 0.449233 0.034653 0.014261
0 0.527733 0.463147 0.040953 0.016348
0 0.520054 0.470451 0.042134 0.017740
0 0.518676 0.485234 0.037015 0.017392
0 0.639369 0.420362 0.022445 0.022609
0 0.656892 0.462799 0.016539 0.024001
0 0.668903 0.502626 0.019295 0.022957
0 0.556676 0.556541 0.019295 0.030610
0 0.569867 0.561411 0.017326 0.029914
0 0.580696 0.567150 0.017720 0.027479
0 0.635235 0.595847 0.018114 0.027827
0 0.661618 0.607673 0.018114 0.020870
0 0.675203 0.612717 0.016933 0.023305
0 0.417672 0.563672 0.033471 0.034436
0 0.433817 0.708546 0.027171 0.036175
0 0.378491 0.691328 0.024414 0.037914
0 0.397195 0.694981 0.027171 0.034784
0 0.405858 0.700024 0.026383 0.037914
0 0.398120 0.651751 0.031008 0.020460
0 0.390649 0.901891 0.033249 0.038280
0 0.370849 0.943306 0.033996 0.032010
0 0.343390 0.987575 0.031381 0.024849
0 0.363937 0.810976 0.020174 0.034650
0 0.379254 0.806191 0.025404 0.027060