0 0.431201 0.116490 0.031218 0.027720
0 0.443290 0.142725 0.011324 0.041910
0 0.435179 0.148665 0.010406 0.038610
0 0.426304 0.158070 0.009794 0.041580
0 0.420183 0.162690 0.009794 0.036960
0 0.411613 0.170610 0.009794 0.038940
0 0.404880 0.176055 0.011018 0.038610
0 0.395698 0.183480 0.011630 0.039600
0 0.379630 0.194535 0.011324 0.039270
0 0.410542 0.191400 0.032748 0.026400
0 0.372132 0.200640 0.007345 0.038280
0 0.363562 0.207900 0.009182 0.036960
0 0.356523 0.213180 0.011630 0.039600
0 0.349178 0.217140 0.009794 0.034980
0 0.341832 0.226050 0.010406 0.034320
0 0.333875 0.230340 0.010406 0.037620
0 0.317195 0.244530 0.012548 0.038280
0 0.310615 0.245685 0.008570 0.038610
0 0.301739 0.251625 0.011018 0.037290
0 0.285977 0.267465 0.011324 0.037950
0 0.279397 0.271425 0.007345 0.034650
0 0.271286 0.279345 0.013773 0.038610
0 0.254912 0.290565 0.011630 0.039270
0 0.246649 0.297825 0.011018 0.039270
0 0.238997 0.306240 0.010406 0.038280
0 0.231805 0.308880 0.010712 0.039600
0 0.224460 0.313500 0.011324 0.040920
0 0.217420 0.320265 0.011936 0.037290
0 0.207168 0.326370 0.010406 0.037620
0 0.188804 0.315810 0.031830 0.028380
0 0.227673 0.335610 0.032442 0.029700
0 0.261952 0.307560 0.022648 0.021120
0 0.286742 0.289575 0.031218 0.028050
0 0.329131 0.255090 0.030912 0.029040
0 0.367541 0.225720 0.029993 0.029040
0 0.532046 0.160215 0.034584 0.015510
0 0.526537 0.166320 0.033972 0.015840
0 0.523018 0.174570 0.031830 0.013200
0 0.516896 0.177540 0.033054 0.016500
0 0.506950 0.185130 0.033360 0.016500
0 0.501594 0.191070 0.039175 0.011880
0 0.491647 0.193545 0.038257 0.013530
0 0.472671 0.210870 0.038257 0.013200
0 0.466703 0.217305 0.033666 0.013530
0 0.454767 0.221760 0.037339 0.014520
0 0.452013 0.230010 0.034890 0.015180
0 0.447728 0.235455 0.031830 0.016170
0 0.436251 0.241560 0.031524 0.014520
0 0.427681 0.247995 0.034584 0.018150
0 0.413143 0.260700 0.033666 0.017820
0 0.403962 0.266805 0.034278 0.017490
0 0.398147 0.274890 0.033054 0.013860
0 0.392179 0.279675 0.032748 0.017490
0 0.382844 0.285615 0.033666 0.014850
0 0.373662 0.289740 0.039175 0.015180
0 0.364480 0.295845 0.041012 0.019470
0 0.347647 0.308880 0.034890 0.017820
0 0.341526 0.316470 0.033666 0.015180
0 0.335099 0.321915 0.039787 0.017490
0 0.324846 0.329010 0.032748 0.016500
0 0.316736 0.332970 0.034890 0.018480
0 0.312757 0.340230 0.038563 0.017160
0 0.305259 0.346335 0.034584 0.015510
0 0.159882 0.418935 0.027851 0.033990
0 0.158199 0.428340 0.025709 0.026400
0 0.162789 0.441705 0.024484 0.028050
0 0.164932 0.452760 0.026933 0.027060
0 0.161718 0.460185 0.028463 0.028710
0 0.162942 0.471405 0.024791 0.028710
0 0.162942 0.493020 0.024791 0.029040
0 0.164014 0.512986 0.024484 0.026730
0 0.163708 0.524206 0.025709 0.030030
0 0.164320 0.534106 0.025709 0.028050
0 0.177174 0.506221 0.012854 0.040920
0 0.163249 0.563476 0.026627 0.028050
0 0.164473 0.574696 0.026627 0.024750
0 0.165850 0.586246 0.025097 0.026070
0 0.166615 0.597631 0.027239 0.031020
0 0.166615 0.606211 0.018669 0.023100
0 0.165085 0.614131 0.027239 0.029040
0 0.180388 0.581131 0.011936 0.044220
0 0.203954 0.412995 0.024791 0.027390
0 0.205790 0.421905 0.018669 0.022770
0 0.205790 0.432465 0.029687 0.032670
0 0.206555 0.441870 0.025097 0.029700
0 0.207933 0.451935 0.024791 0.031350
0 0.204566 0.467115 0.023566 0.030030
0 0.209769 0.485925 0.024178 0.030030
0 0.210687 0.495330 0.027851 0.036300
0 0.210228 0.507046 0.023260 0.028050
0 0.210534 0.515956 0.024484 0.028710
0 0.208851 0.527341 0.024178 0.028380
0 0.209922 0.539386 0.023872 0.028050
0 0.213442 0.555721 0.026015 0.032340
0 0.211911 0.569911 0.025403 0.029700
0 0.213748 0.589216 0.025403 0.029370
0 0.212983 0.599116 0.025097 0.028050
0 0.212830 0.610336 0.024178 0.030030
0 0.189110 0.449955 0.009182 0.040590
0 0.194313 0.515791 0.009794 0.034320
0 0.195537 0.557701 0.010406 0.034980
0 0.195537 0.594826 0.010406 0.036630
0 0.261493 0.528991 0.010712 0.040920
0 0.261646 0.574036 0.009182 0.034650
0 0.263482 0.613801 0.010406 0.035640
0 0.310309 0.377685 0.031830 0.026070
0 0.321633 0.396330 0.030606 0.026400
0 0.537708 0.197505 0.032442 0.030030
0 0.601062 0.229845 0.032442 0.030690
0 0.564488 0.258720 0.032748 0.027720
0 0.533117 0.289575 0.036115 0.032010
0 0.499910 0.319605 0.028463 0.027390
0 0.509398 0.218625 0.026627 0.024750
0 0.481547 0.240735 0.027851 0.026730
0 0.449105 0.266640 0.028463 0.027720
0 0.420795 0.289245 0.031830 0.023430
0 0.392791 0.312345 0.030300 0.026730
0 0.373968 0.353265 0.034890 0.030030
0 0.429364 0.333465 0.030606 0.030030
0 0.472977 0.273900 0.034584 0.024420
0 0.463643 0.307890 0.027545 0.027720
0 0.473742 0.581626 0.031830 0.026070
0 0.371826 0.658186 0.039175 0.030690
0 0.434414 0.606046 0.031524 0.022110
0 0.771688 0.470580 0.032136 0.028380
0 0.738328 0.499455 0.027239 0.024750
0 0.708947 0.520741 0.031524 0.026400
0 0.668700 0.551761 0.033054 0.028380
0 0.633198 0.579481 0.029993 0.026400
0 0.537861 0.656371 0.029687 0.028380
0 0.567243 0.631456 0.030912 0.030690
0 0.433649 0.733096 0.028769 0.029370
0 0.404727 0.757351 0.029687 0.027720
0 0.369683 0.782926 0.031830 0.027390
0 0.398759 0.789691 0.029993 0.029700
0 0.401360 0.801571 0.029687 0.031020
0 0.434720 0.801076 0.029687 0.028050
0 0.880491 0.514636 0.025097 0.031350
0 0.880797 0.532126 0.025709 0.034650
0 0.879726 0.543676 0.021730 0.030030
0 0.873605 0.559351 0.024791 0.033660
0 0.871615 0.569911 0.026321 0.032340
0 0.871156 0.584761 0.024791 0.033000
0 0.906812 0.553906 0.023260 0.017490
0 0.904823 0.590371 0.024178 0.017820
0 0.900997 0.601426 0.022648 0.016830
0 0.899007 0.611821 0.022954 0.015840
0 0.901609 0.629641 0.016527 0.016500
0 0.899160 0.641026 0.020200 0.018810
0 0.897171 0.658351 0.018057 0.024420
0 0.894723 0.679471 0.022342 0.025740
0 0.839327 0.709006 0.010100 0.037950
0 0.830910 0.714946 0.009794 0.036630
0 0.823871 0.718081 0.011018 0.040920
0 0.808721 0.730291 0.010712 0.037620
0 0.801070 0.735736 0.009488 0.035970
0 0.786226 0.746791 0.011630 0.033000
0 0.761282 0.767416 0.010100 0.040590
0 0.754396 0.776161 0.009182 0.032340
0 0.746438 0.777151 0.007957 0.038280
0 0.740011 0.782101 0.009794 0.035640
0 0.731289 0.785401 0.010100 0.030360
0 0.715680 0.799096 0.010712 0.039270
0 0.700683 0.773521 0.026015 0.027720
0 0.707875 0.809821 0.010406 0.037620
0 0.700224 0.817741 0.009182 0.038280
0 0.693338 0.821536 0.013160 0.035310
0 0.684309 0.828136 0.012854 0.037950
0 0.670231 0.840511 0.011630 0.033000
0 0.660590 0.842986 0.012548 0.037290
0 0.649725 0.852886 0.011018 0.036630
0 0.640849 0.863941 0.009794 0.033660
0 0.624628 0.875986 0.012854 0.039270
0 0.614222 0.877141 0.012242 0.040260
0 0.603510 0.888691 0.009794 0.036300
0 0.594635 0.891661 0.012242 0.037620
0 0.618354 0.944461 0.039481 0.014520
0 0.627077 0.939181 0.038563 0.014520
0 0.646970 0.919711 0.037339 0.013860
0 0.654010 0.912781 0.039787 0.017160
0 0.685533 0.889681 0.042236 0.017160
0 0.695327 0.875821 0.033666 0.013200
0 0.715068 0.864601 0.035196 0.015840
0 0.728534 0.853546 0.037033 0.012870
0 0.735420 0.848101 0.033666 0.013860
0 0.746745 0.843976 0.034278 0.014850
0 0.760823 0.831106 0.034890 0.016170
0 0.769699 0.825826 0.040399 0.014850
0 0.774137 0.817411 0.032748 0.013860
0 0.783318 0.812956 0.037033 0.015510
0 0.788521 0.806191 0.034584 0.013200
0 0.805660 0.794146 0.034584 0.014190
0 0.826166 0.776656 0.029075 0.016170
0 0.839633 0.771541 0.038869 0.019800
0 0.851110 0.759826 0.040399 0.020130
0 0.863352 0.755206 0.036727 0.015510
0 0.860750 0.746626 0.032136 0.013530
0 0.868402 0.739696 0.025403 0.012870
0 0.878961 0.737056 0.041624 0.017490
0 0.601827 0.934066 0.030300 0.032010
0 0.655387 0.871531 0.032136 0.031020
0 0.658906 0.882916 0.030606 0.025410
0 0.728075 0.826156 0.034890 0.022770
0 0.786532 0.765766 0.030606 0.026730
0 0.802294 0.771706 0.031524 0.024750