0 0.503483 0.250898 0.026009 0.048195
0 0.604269 0.578971 0.042730 0.058590
0 0.527635 0.897278 0.075241 0.031815
0 0.522990 0.883261 0.067810 0.029610
0 0.464934 0.776633 0.084530 0.039375
0 0.457270 0.752851 0.069203 0.033390
0 0.439621 0.725761 0.071061 0.032760
0 0.422901 0.699616 0.084995 0.044100
0 0.597070 0.837113 0.043194 0.051975
0 0.587085 0.828608 0.038085 0.047565
0 0.555270 0.764348 0.035763 0.047565
0 0.548767 0.751591 0.039479 0.047250
0 0.543891 0.740566 0.036227 0.044100
0 0.537620 0.727178 0.041336 0.050715
0 0.531118 0.717728 0.039479 0.047565
0 0.523687 0.705601 0.036692 0.045990
0 0.514630 0.697726 0.031583 0.039060
0 0.501858 0.669533 0.037621 0.043785
0 0.496052 0.658193 0.039943 0.049455
0 0.492104 0.643861 0.031118 0.041580
0 0.476777 0.643073 0.030189 0.033075
0 0.473526 0.625433 0.036692 0.043785
0 0.670454 0.844831 0.048768 0.027090
0 0.668364 0.820891 0.055734 0.027090
0 0.663952 0.799471 0.060843 0.027090
0 0.650018 0.776633 0.068275 0.031185
0 0.636317 0.749071 0.069668 0.025830
0 0.628653 0.737101 0.064559 0.023310
0 0.622383 0.725761 0.062237 0.023310
0 0.621919 0.714263 0.065023 0.028665
0 0.597303 0.685441 0.063166 0.023310
0 0.594052 0.675518 0.065952 0.019845
0 0.586388 0.664336 0.063630 0.025830
0 0.587549 0.654098 0.070597 0.028665
0 0.571293 0.629213 0.059450 0.027405