0 0.775711 0.281385 0.023985 0.036270
0 0.558113 0.235868 0.031680 0.037125
0 0.517936 0.091905 0.013860 0.039930
0 0.508366 0.097845 0.012540 0.033330
0 0.498135 0.105105 0.010560 0.036630
0 0.488070 0.112035 0.011550 0.041250
0 0.479325 0.120120 0.011880 0.039600
0 0.470580 0.129855 0.010890 0.036630
0 0.460515 0.130185 0.014520 0.046530
0 0.546811 0.121110 0.036630 0.010560
0 0.524866 0.136620 0.046860 0.012540
0 0.522226 0.144045 0.044220 0.013530
0 0.500611 0.153615 0.037950 0.010890
0 0.496155 0.161700 0.041580 0.012540
0 0.465630 0.255915 0.037950 0.019470
0 0.420750 0.242385 0.039270 0.016170
0 0.363165 0.229020 0.042900 0.014520
0 0.313170 0.216975 0.039270 0.018150
0 0.111540 0.167145 0.039270 0.015510
0 0.212190 0.191895 0.041250 0.014190
0 0.268950 0.204765 0.039930 0.014850
0 0.087120 0.277860 0.037950 0.015840
0 0.122265 0.307890 0.040920 0.018480
0 0.294360 0.399465 0.022770 0.033990
0 0.304920 0.405900 0.023430 0.036300
0 0.315150 0.402930 0.021450 0.034320
0 0.324390 0.408210 0.022110 0.034320
0 0.344190 0.412500 0.020790 0.035640
0 0.354090 0.416460 0.021450 0.034980
0 0.365475 0.421410 0.022440 0.034980
0 0.380985 0.422400 0.019800 0.034980
0 0.390555 0.424710 0.021780 0.037620
0 0.403260 0.431970 0.023430 0.034980
0 0.413490 0.434445 0.023430 0.034650
0 0.423720 0.437910 0.018150 0.031680
0 0.434115 0.440055 0.020460 0.032010
0 0.441705 0.440550 0.021120 0.033000
0 0.453915 0.447315 0.019800 0.035970
0 0.471405 0.451440 0.019140 0.034320
0 0.482625 0.455565 0.020460 0.034650
0 0.494175 0.461505 0.018480 0.032010
0 0.500611 0.460845 0.018810 0.035970
0 0.510841 0.461505 0.020790 0.032670
0 0.523216 0.469260 0.020460 0.034320
0 0.534436 0.472230 0.021120 0.034320
0 0.544336 0.474870 0.020460 0.033000
0 0.556381 0.478170 0.018150 0.034320
0 0.567766 0.479655 0.020460 0.033990
0 0.581791 0.486255 0.019470 0.035310
0 0.592516 0.489060 0.021120 0.031680
0 0.601756 0.491700 0.019140 0.031680
0 0.612316 0.495000 0.020460 0.034320
0 0.620731 0.497805 0.020790 0.035310
0 0.633436 0.503746 0.021120 0.033330
0 0.651091 0.506551 0.022770 0.033660
0 0.670891 0.512326 0.022110 0.031350
0 0.681286 0.516286 0.019800 0.033990
0 0.698446 0.523216 0.025740 0.036630
0 0.707686 0.522556 0.021780 0.036630
0 0.721546 0.529321 0.022440 0.030360
0 0.736726 0.532621 0.021120 0.034980
0 0.749596 0.536416 0.021120 0.038610
0 0.769231 0.543181 0.023430 0.032340
0 0.777976 0.542686 0.019800 0.035970
0 0.809656 0.554731 0.024420 0.036960
0 0.827971 0.559351 0.020130 0.032340
0 0.858166 0.570736 0.021780 0.033330
0 0.867736 0.574366 0.022440 0.035310
0 0.878461 0.576841 0.020130 0.036960
0 0.886711 0.576181 0.022110 0.039600
0 0.896446 0.577501 0.019140 0.034320
0 0.708181 0.500941 0.035970 0.020460
0 0.625186 0.477840 0.037620 0.016500
0 0.576841 0.462660 0.033330 0.018480
0 0.527506 0.450120 0.044880 0.023100
0 0.477345 0.435435 0.031680 0.020130
0 0.415305 0.414480 0.037620 0.026400
0 0.360690 0.399135 0.040590 0.021450
0 0.301785 0.379335 0.039600 0.012210
0 0.276210 0.448305 0.022110 0.033990
0 0.286770 0.448140 0.024750 0.040260
0 0.297165 0.452925 0.022440 0.033330
0 0.309045 0.457875 0.022440 0.032670
0 0.327855 0.461835 0.021780 0.036630
0 0.336270 0.464310 0.021450 0.033000
0 0.347820 0.467775 0.021450 0.033330
0 0.356895 0.472890 0.014520 0.031680
0 0.365145 0.472065 0.018480 0.032010
0 0.376860 0.474375 0.018810 0.034650
0 0.388245 0.480480 0.021780 0.037620
0 0.395010 0.480480 0.022770 0.033000
0 0.405900 0.484275 0.020790 0.035310
0 0.414810 0.487575 0.021450 0.035970
0 0.426855 0.492525 0.019140 0.033990
0 0.437085 0.494175 0.025080 0.039930
0 0.454410 0.499290 0.019470 0.036300
0 0.464310 0.503086 0.020130 0.035970
0 0.474705 0.505561 0.022440 0.035640
0 0.484935 0.511171 0.019800 0.036300
0 0.495660 0.515461 0.020130 0.034980
0 0.504406 0.517441 0.022440 0.035640
0 0.514471 0.517606 0.020790 0.033330
0 0.526021 0.522391 0.020790 0.035640
0 0.552916 0.534106 0.027060 0.037290
0 0.562816 0.534436 0.023100 0.033330
0 0.574201 0.537076 0.022770 0.037950
0 0.585256 0.541861 0.021120 0.035640
0 0.593836 0.544171 0.020460 0.034980
0 0.605551 0.547966 0.019470 0.035310
0 0.614956 0.550771 0.021780 0.034320
0 0.633271 0.555061 0.021450 0.033660
0 0.643336 0.557701 0.020460 0.034980
0 0.653236 0.561496 0.019800 0.035310
0 0.661981 0.562156 0.018150 0.033990
0 0.674026 0.569251 0.019800 0.036960
0 0.683431 0.571891 0.020130 0.036300
0 0.693826 0.575356 0.019800 0.035310
0 0.719896 0.582121 0.019140 0.036300
0 0.731446 0.584761 0.019140 0.034320
0 0.740851 0.587896 0.020130 0.035310
0 0.752236 0.594331 0.017820 0.034980
0 0.760156 0.593836 0.023100 0.041250
0 0.770881 0.598951 0.021450 0.036300
0 0.780451 0.601261 0.018150 0.036300
0 0.791341 0.605221 0.022110 0.037620
0 0.811801 0.613801 0.022770 0.036300
0 0.819721 0.611656 0.020790 0.033990
0 0.830281 0.614791 0.020130 0.034320
0 0.848266 0.620071 0.024420 0.036960
0 0.867736 0.625351 0.019140 0.035640
0 0.881761 0.629641 0.020790 0.032340
0 0.317295 0.437085 0.034980 0.018150
0 0.255915 0.492030 0.021780 0.033000
0 0.266310 0.494835 0.023430 0.033330
0 0.278520 0.500776 0.020790 0.033330
0 0.290070 0.506221 0.020790 0.034320
0 0.300300 0.508366 0.020130 0.036630
0 0.308880 0.510016 0.022110 0.033990
0 0.318450 0.512326 0.020790 0.032670
0 0.329175 0.514636 0.022440 0.035310
0 0.347490 0.518761 0.016830 0.030360
0 0.357885 0.522556 0.022440 0.032670
0 0.366960 0.523711 0.020130 0.036300
0 0.377850 0.528166 0.018150 0.034650
0 0.388245 0.533446 0.021120 0.035310
0 0.410355 0.541696 0.021780 0.033330
0 0.420420 0.545161 0.020790 0.032340
0 0.435600 0.545656 0.020130 0.032010
0 0.447480 0.551926 0.021450 0.033990
0 0.475200 0.560011 0.022770 0.039600
0 0.494670 0.565786 0.022110 0.035970
0 0.505231 0.568426 0.021450 0.035310
0 0.533611 0.574861 0.022770 0.033660
0 0.544336 0.579481 0.019800 0.034980
0 0.568261 0.595321 0.016830 0.023100
0 0.574861 0.591196 0.022110 0.033330
0 0.585091 0.595156 0.020130 0.033990
0 0.595156 0.597796 0.021120 0.033990
0 0.611326 0.598621 0.021780 0.034980
0 0.625186 0.606376 0.018480 0.035970
0 0.634756 0.609511 0.017160 0.033000
0 0.654556 0.618421 0.021780 0.035640
0 0.663301 0.619081 0.019470 0.036300
0 0.673861 0.621886 0.017490 0.035970
0 0.683266 0.625681 0.019800 0.032340
0 0.698611 0.627826 0.027390 0.037950
0 0.711151 0.632281 0.020130 0.034320
0 0.727156 0.637726 0.018480 0.035310
0 0.739696 0.642511 0.018480 0.033660
0 0.752566 0.649771 0.020460 0.034320
0 0.760321 0.650266 0.019470 0.035310
0 0.771046 0.651916 0.018480 0.033990
0 0.790516 0.659176 0.020460 0.033990
0 0.798931 0.660496 0.020790 0.033990
0 0.809986 0.665446 0.020460 0.039270
0 0.820051 0.668416 0.019470 0.036630
0 0.832426 0.673531 0.020460 0.035640
0 0.841336 0.674851 0.018480 0.033000
0 0.851401 0.676831 0.018150 0.032340
0 0.862456 0.678811 0.020460 0.033660
0 0.253110 0.470580 0.037950 0.015840
0 0.324121 0.603028 0.024047 0.033530
0 0.340039 0.612680 0.019982 0.029804
0 0.347660 0.613696 0.018289 0.029127
0 0.356804 0.614035 0.022353 0.035901
0 0.369674 0.620301 0.021676 0.031498
0 0.378311 0.624365 0.019982 0.032175
0 0.388132 0.629445 0.017950 0.029466
0 0.408284 0.631308 0.020998 0.035223
0 0.416751 0.634864 0.023708 0.038949
0 0.426235 0.637235 0.020321 0.033530
0 0.437411 0.640452 0.018966 0.031159
0 0.446386 0.640791 0.019305 0.033868
0 0.456208 0.645025 0.021337 0.032852
0 0.465691 0.648581 0.022692 0.036578
0 0.478053 0.655016 0.020321 0.030482
0 0.493294 0.657048 0.020321 0.029804
0 0.503285 0.662128 0.020660 0.035901
0 0.513446 0.663314 0.021337 0.034207
0 0.523945 0.665346 0.021337 0.032175
0 0.533259 0.669071 0.020998 0.033530
0 0.543419 0.672966 0.021676 0.033191
0 0.555781 0.679740 0.017950 0.031836
0 0.564756 0.680079 0.020998 0.032514
0 0.581626 0.684091 0.019140 0.034320
0 0.591031 0.691846 0.018810 0.033990
0 0.610336 0.694816 0.019140 0.035970
0 0.620401 0.698776 0.019470 0.033990
0 0.640696 0.705706 0.023760 0.040590
0 0.647626 0.704716 0.016500 0.028050
0 0.668581 0.713626 0.021450 0.034650
0 0.678151 0.716596 0.020130 0.035310
0 0.689371 0.720886 0.022110 0.035310
0 0.697951 0.722536 0.023430 0.035970
0 0.707686 0.724846 0.022440 0.033330
0 0.718246 0.727816 0.020460 0.032670
0 0.727486 0.731611 0.019140 0.033000
0 0.739531 0.736396 0.026730 0.038610
0 0.753226 0.738706 0.025740 0.039270
0 0.765766 0.745801 0.021780 0.033660
0 0.776491 0.748441 0.020130 0.031680
0 0.795301 0.755536 0.022770 0.037290
0 0.322410 0.628156 0.040590 0.020790
0 0.367455 0.639541 0.041580 0.018480
0 0.535096 0.723691 0.036960 0.025080
0 0.543346 0.728311 0.036960 0.023100
0 0.554236 0.732106 0.035640 0.022770
0 0.562156 0.733921 0.046200 0.024420
0 0.570736 0.738211 0.040260 0.023100
0 0.580966 0.741181 0.039600 0.023760
0 0.601591 0.747451 0.037290 0.021120
0 0.608851 0.750421 0.033330 0.018480
0 0.630466 0.733756 0.037620 0.018810
0 0.631126 0.756031 0.036960 0.023100
0 0.643831 0.758341 0.038610 0.021780
0 0.650431 0.761971 0.039270 0.022440
0 0.664291 0.763951 0.035970 0.023760
0 0.672211 0.765271 0.040590 0.025740
0 0.683101 0.770881 0.032670 0.024420
0 0.687556 0.775336 0.038940 0.021450
0 0.701911 0.777481 0.035310 0.023100
0 0.710326 0.780946 0.036960 0.023430
0 0.727981 0.785731 0.037290 0.022440
0 0.749266 0.792826 0.036300 0.024750
0 0.760321 0.795466 0.037290 0.022110
0 0.780451 0.800086 0.042570 0.024750
0 0.806191 0.812626 0.040590 0.021450
0 0.824506 0.796126 0.036960 0.021450
0 0.835726 0.790186 0.039600 0.019470
0 0.888526 0.828796 0.024420 0.045870
0 0.516451 0.772861 0.024090 0.034980
0 0.528496 0.777976 0.019800 0.033990
0 0.538561 0.783091 0.021450 0.035640
0 0.547636 0.781936 0.022440 0.036630
0 0.566446 0.788701 0.023760 0.034980
0 0.577501 0.793486 0.020790 0.037290
0 0.587401 0.795631 0.019470 0.034980
0 0.596806 0.798271 0.021120 0.035640
0 0.614956 0.802231 0.023100 0.036300
0 0.632776 0.807016 0.022440 0.035970
0 0.663466 0.820051 0.025740 0.037620
0 0.683101 0.825991 0.024090 0.036300
0 0.694321 0.826816 0.021450 0.034650
0 0.713626 0.833746 0.021120 0.032670
0 0.736726 0.845791 0.021780 0.036960
0 0.744316 0.845296 0.022440 0.032670
0 0.755206 0.848926 0.020460 0.033990
0 0.763786 0.849421 0.023100 0.032340
0 0.796126 0.863611 0.027720 0.034980
0 0.552256 0.808336 0.036960 0.021450
0 0.608521 0.857836 0.043890 0.026730
0 0.621391 0.858991 0.039270 0.022440
0 0.629971 0.862621 0.036630 0.022440
0 0.671056 0.874831 0.041580 0.026400
0 0.681946 0.877306 0.036960 0.024090
0 0.696466 0.884731 0.037620 0.023760
0 0.727981 0.892486 0.039270 0.024090
0 0.744646 0.900406 0.036300 0.024090
0 0.756856 0.902716 0.034320 0.024750
0 0.768901 0.904531 0.033330 0.024420