0 0.875402 0.082978 0.059789 0.076543
0 0.912471 0.159182 0.074139 0.067737
0 0.893936 0.179164 0.058594 0.057576
0 0.872412 0.187631 0.065768 0.067737
0 0.856269 0.206259 0.074139 0.067060
0 0.824581 0.201856 0.058594 0.069092
0 0.925625 0.273996 0.069356 0.068414
0 0.791697 0.309219 0.076530 0.072478
0 0.761204 0.342410 0.082509 0.079252
0 0.737886 0.384068 0.071747 0.073156
0 0.710981 0.422001 0.068160 0.070446
0 0.685869 0.482964 0.070552 0.067737
0 0.658366 0.501253 0.072943 0.071801
0 0.658366 0.534783 0.053810 0.041320
0 0.626080 0.534444 0.070552 0.069092
0 0.586619 0.594730 0.070552 0.069092
0 0.638038 0.627244 0.053810 0.074511
0 0.574063 0.616745 0.071747 0.065705
0 0.553735 0.633679 0.071747 0.068414
0 0.531015 0.675676 0.074139 0.069769
0 0.512480 0.710899 0.075335 0.075188
0 0.494543 0.727156 0.070552 0.068414
0 0.466442 0.766443 0.081314 0.083316
0 0.450897 0.787103 0.074139 0.070446
0 0.441928 0.810811 0.077726 0.071801
0 0.421002 0.823681 0.071747 0.071801
0 0.403663 0.867371 0.075335 0.069769
0 0.379747 0.884644 0.082509 0.074511
0 0.365996 0.931383 0.083705 0.075865
0 0.349853 0.946962 0.075335 0.069092
0 0.224893 0.701754 0.076530 0.050125
0 0.377954 0.662806 0.129145 0.044029
0 0.279301 0.844002 0.092076 0.031159
0 0.512480 0.603875 0.058594 0.072478
0 0.176463 0.782700 0.068160 0.048093
0 0.685869 0.353587 0.075335 0.067737
0 0.727124 0.281786 0.064573 0.063673
0 0.777347 0.231999 0.047832 0.038610