0 0.215708 0.964601 0.069078 0.068250
0 0.310489 0.948676 0.073897 0.076440
0 0.322939 0.925471 0.077913 0.067340
0 0.331775 0.896806 0.073094 0.065520
0 0.341815 0.876103 0.072291 0.069615
0 0.361495 0.860633 0.077913 0.073255
0 0.380772 0.817408 0.063455 0.068705
0 0.400853 0.806488 0.074701 0.076895
0 0.410893 0.780326 0.073897 0.071890
0 0.428163 0.764628 0.068275 0.066885
0 0.453866 0.722541 0.069881 0.068250
0 0.470332 0.710938 0.073897 0.074165
0 0.479971 0.689098 0.070684 0.072345
0 0.500454 0.672036 0.069881 0.074620
0 0.522944 0.633816 0.079520 0.075530
0 0.544631 0.621076 0.066668 0.066430
0 0.545033 0.588316 0.072291 0.071890
0 0.562704 0.574211 0.075504 0.072800
0 0.592022 0.534626 0.066668 0.070070
0 0.602464 0.513468 0.063455 0.067795
0 0.616922 0.498680 0.071488 0.072800
0 0.670739 0.419738 0.076307 0.071435
0 0.700860 0.378333 0.080323 0.078715
0 0.720539 0.338975 0.073094 0.071890
0 0.741825 0.320775 0.070684 0.071890
0 0.760701 0.280735 0.081126 0.081900
0 0.790420 0.241605 0.082733 0.079170
0 0.814919 0.200883 0.075504 0.069615
0 0.830180 0.183365 0.072291 0.073710
0 0.841827 0.164028 0.066668 0.069615
0 0.861506 0.146055 0.069078 0.070070
0 0.970513 0.148330 0.058974 0.062790
0 0.894439 0.023205 0.102814 0.046410
0 0.814517 0.094185 0.071488 0.074620
0 0.765520 0.170170 0.077913 0.080990
0 0.714113 0.247748 0.071488 0.077805
0 0.634995 0.351033 0.078717 0.077805
0 0.561098 0.471153 0.072291 0.071435
0 0.293220 0.516426 0.081126 0.080990
0 0.826566 0.904996 0.074701 0.079170
0 0.913716 0.838566 0.054620 0.073710
0 0.961910 0.758941 0.061046 0.075530
0 0.900463 0.794886 0.077913 0.075530
0 0.237395 0.884976 0.072291 0.076440
0 0.287597 0.860406 0.055423 0.082810
0 0.340611 0.778051 0.057029 0.080080
0 0.414508 0.680453 0.068275 0.082355
0 0.346233 0.656793 0.111649 0.059605
0 0.333783 0.686368 0.118878 0.056875
0 0.221732 0.659978 0.047391 0.085085
0 0.196029 0.688871 0.053817 0.079170
0 0.222535 0.756666 0.124501 0.057330
0 0.134983 0.773501 0.069881 0.075530
0 0.112894 0.802393 0.075504 0.060515
0 0.954681 0.900218 0.062652 0.072345
0 0.977742 0.816953 0.044515 0.058695