0 0.188902 0.827608 0.033943 0.127292
0 0.204029 0.817287 0.035419 0.111237
0 0.214544 0.832768 0.038740 0.135319
0 0.229671 0.821300 0.037264 0.128438
0 0.246827 0.829328 0.037633 0.123851
0 0.275790 0.809833 0.035788 0.123851
0 0.300140 0.804672 0.035050 0.115824
0 0.321724 0.813273 0.036157 0.119264
0 0.331870 0.812699 0.035050 0.118117
0 0.362308 0.792058 0.036895 0.129585
0 0.383154 0.797218 0.036526 0.114677
0 0.394407 0.801232 0.036157 0.124998
0 0.419680 0.794925 0.035050 0.114677
0 0.431117 0.798365 0.034312 0.123851
0 0.444768 0.788617 0.033574 0.113530
0 0.459157 0.779443 0.029885 0.106650
0 0.471148 0.781163 0.035419 0.116971
0 0.480556 0.783457 0.036526 0.110090
0 0.223583 0.958913 0.056080 0.057339
0 0.280401 0.950885 0.056080 0.057339
0 0.456021 0.935977 0.071576 0.064219
0 0.513024 0.927377 0.049808 0.053898
0 0.242953 0.645844 0.037264 0.114677
0 0.254575 0.634377 0.037633 0.107797
0 0.266197 0.633230 0.038740 0.114677
0 0.303092 0.630936 0.039478 0.112384
0 0.323937 0.611441 0.030992 0.087155
0 0.361386 0.612015 0.029147 0.088301
0 0.374115 0.611441 0.034681 0.119264
0 0.390164 0.620042 0.037264 0.118117
0 0.405660 0.629216 0.039478 0.111237
0 0.423369 0.611441 0.036526 0.114677
0 0.434622 0.603987 0.036895 0.111237
0 0.447720 0.602267 0.038740 0.119264
0 0.459711 0.608001 0.039109 0.114677
0 0.470595 0.602267 0.040953 0.126145
0 0.487382 0.616028 0.037633 0.123851
0 0.501033 0.611441 0.039109 0.112384
0 0.575930 0.917056 0.049439 0.063072
0 0.632563 0.759948 0.038740 0.127292
0 0.645661 0.756508 0.034681 0.120411
0 0.657468 0.759948 0.033943 0.118117
0 0.665769 0.773136 0.035050 0.119264
0 0.677575 0.766255 0.035050 0.119264
0 0.688828 0.769696 0.033205 0.116971
0 0.728121 0.751347 0.036526 0.121558
0 0.743248 0.743893 0.033574 0.120411
0 0.752841 0.750774 0.032836 0.118117
0 0.765939 0.742746 0.033943 0.120411
0 0.780512 0.734146 0.033574 0.121558
0 0.790474 0.738159 0.034312 0.115824
0 0.802834 0.738159 0.034681 0.118117
0 0.813718 0.743320 0.035050 0.116971
0 0.806707 0.590226 0.046857 0.063072
0 0.785124 0.509378 0.048701 0.061926
0 0.781434 0.454333 0.050915 0.055045
0 0.837330 0.443439 0.036526 0.129585
0 0.867953 0.541488 0.039478 0.133025