0 0.577796 0.598501 0.069668 0.033390
0 0.591033 0.624488 0.066417 0.033705
0 0.616577 0.691268 0.063630 0.025515
0 0.622848 0.702923 0.059450 0.024885
0 0.635156 0.717098 0.061772 0.022995
0 0.642819 0.729226 0.054805 0.024570
0 0.651876 0.742771 0.069203 0.035280
0 0.673705 0.782146 0.060843 0.027090
0 0.688103 0.804983 0.064559 0.029295
0 0.690658 0.816323 0.066881 0.034335
0 0.596142 0.810338 0.045052 0.048195
0 0.588246 0.797266 0.043194 0.049770
0 0.584066 0.780886 0.040407 0.048510
0 0.576402 0.769073 0.043659 0.046935
0 0.555037 0.735683 0.039943 0.053865
0 0.549696 0.718831 0.035763 0.040950
0 0.541568 0.708593 0.036227 0.049455
0 0.527635 0.688433 0.037156 0.048195
0 0.522990 0.672526 0.036227 0.044100
0 0.511611 0.644963 0.036692 0.048195
0 0.500696 0.639136 0.033441 0.045360
0 0.479099 0.604801 0.042265 0.051660
0 0.468417 0.756316 0.065488 0.029610
0 0.460289 0.742928 0.064095 0.024255
0 0.459825 0.731588 0.059450 0.024255
0 0.457502 0.719933 0.067810 0.025515
0 0.446123 0.705916 0.069203 0.025200
0 0.438692 0.693788 0.062701 0.026775
0 0.528564 0.337523 0.035298 0.053235
0 0.470275 0.111510 0.028332 0.051030
0 0.456573 0.321773 0.028796 0.043155