0 0.181857 0.794935 0.040584 0.150172
0 0.220509 0.792532 0.037492 0.126145
0 0.243120 0.794935 0.035560 0.135756
0 0.225147 0.934895 0.048315 0.060069
0 0.278486 0.928888 0.045996 0.060069
0 0.332212 0.917475 0.045223 0.058868
0 0.304963 0.778115 0.041744 0.133353
0 0.235583 0.619533 0.037492 0.118937
0 0.274041 0.610523 0.041744 0.129749
0 0.298199 0.608721 0.037492 0.111728
0 0.345547 0.594304 0.044063 0.145367
0 0.382460 0.597908 0.039811 0.126145
0 0.396181 0.596106 0.037879 0.117735
0 0.418986 0.590700 0.042517 0.130950
0 0.441790 0.582891 0.040198 0.129749
0 0.451840 0.576284 0.038652 0.126145
0 0.475031 0.578086 0.039425 0.124943
0 0.486433 0.566072 0.039038 0.122541
0 0.409903 0.783522 0.033627 0.124943
0 0.388644 0.774511 0.042130 0.135756
0 0.501507 0.900055 0.048315 0.069680
0 0.554074 0.892246 0.043677 0.058868
0 0.661333 0.733064 0.037879 0.141763
0 0.676020 0.732463 0.036333 0.133353
0 0.693800 0.745678 0.034014 0.135756
0 0.723755 0.720449 0.035173 0.135756
0 0.742888 0.734265 0.035560 0.136957
0 0.768785 0.725255 0.036333 0.138159
0 0.794488 0.708435 0.029762 0.121339