0 0.537497 0.161113 0.121357 0.023833
0 0.362517 0.293389 0.117594 0.031937
0 0.454711 0.510749 0.127002 0.046237
0 0.461992 0.539881 0.123094 0.056100
0 0.469807 0.550276 0.136120 0.054450
0 0.337921 0.248160 0.123745 0.040260
0 0.349318 0.263835 0.121791 0.037290
0 0.692549 0.537241 0.112673 0.033660
0 0.530377 0.627331 0.104858 0.046860
0 0.552847 0.641521 0.098996 0.042240
0 0.564244 0.649606 0.103555 0.045870
0 0.588342 0.668746 0.110068 0.043230
0 0.772006 0.710821 0.116581 0.035640
0 0.680826 0.769066 0.072293 0.044550
0 0.226550 0.865756 0.050801 0.048510
0 0.781450 0.951721 0.115930 0.045540
0 0.518980 0.877801 0.105509 0.039600
0 0.506605 0.885391 0.109417 0.044880
0 0.500092 0.899251 0.106812 0.040260
0 0.488369 0.910141 0.105509 0.044220