0 0.028833 0.394466 0.053157 0.129987
0 0.230869 0.635930 0.125076 0.048452
0 0.223762 0.664320 0.092386 0.035582
0 0.217011 0.690060 0.105888 0.038610
0 0.220209 0.715043 0.105178 0.032554
0 0.236199 0.736619 0.114416 0.045424
0 0.246503 0.779393 0.112284 0.041638
0 0.262493 0.803240 0.114416 0.039367
0 0.290564 0.822924 0.115127 0.043909
0 0.322189 0.844500 0.118680 0.047695
0 0.391123 0.859641 0.120101 0.046181
0 0.528635 0.832766 0.109442 0.037853
0 0.470006 0.635930 0.118680 0.034825
0 0.474270 0.601484 0.112995 0.046181
0 0.469650 0.553411 0.112284 0.043909
0 0.674320 0.351654 0.106599 0.043152
0 0.677163 0.375502 0.112284 0.028768
0 0.678229 0.401999 0.105888 0.034825
0 0.682493 0.425467 0.098782 0.028768
0 0.677163 0.451965 0.113705 0.034825
0 0.689599 0.474298 0.100203 0.034068
0 0.688178 0.498145 0.114416 0.036339
0 0.689244 0.532213 0.115127 0.040881
0 0.702391 0.573094 0.095939 0.037853
0 0.704168 0.604891 0.103756 0.034825
0 0.709853 0.624953 0.103756 0.029525
0 0.711275 0.649179 0.108020 0.038610
0 0.724066 0.695738 0.108020 0.034825
0 0.714473 0.678704 0.104467 0.034068
0 0.721934 0.717692 0.099492 0.037853
0 0.725488 0.740783 0.117969 0.038610
0 0.725132 0.763495 0.124365 0.047695
0 0.729752 0.789992 0.099492 0.032554
0 0.735437 0.813461 0.102335 0.037096