0 0.217782 0.319380 0.062648 0.044029
0 0.299166 0.322766 0.033373 0.106347
0 0.254668 0.508704 0.088409 0.075865
0 0.260816 0.559846 0.088995 0.072478
0 0.282186 0.672628 0.088409 0.088058
0 0.314096 0.830793 0.088995 0.080607
0 0.365912 0.381359 0.091922 0.073156
0 0.368546 0.413873 0.078456 0.062318
0 0.382305 0.450112 0.075528 0.060286
0 0.376743 0.472465 0.077285 0.058931
0 0.380549 0.499221 0.084896 0.069092
0 0.358008 0.514462 0.094850 0.067060
0 0.405140 0.604891 0.089580 0.074511
0 0.408945 0.636388 0.086653 0.069769
0 0.417435 0.712931 0.082554 0.079252
0 0.425925 0.754250 0.085482 0.081962
0 0.430609 0.793199 0.088995 0.075865
0 0.492085 0.374585 0.087824 0.066382
0 0.500282 0.407099 0.087824 0.066382
0 0.503795 0.437919 0.081969 0.069769
0 0.506723 0.484658 0.065575 0.050803
0 0.511406 0.518187 0.087824 0.060963
0 0.518432 0.552394 0.087824 0.072478
0 0.521945 0.591343 0.071430 0.065027
0 0.531899 0.631985 0.086653 0.073156
0 0.552391 0.797263 0.092508 0.078575
0 0.589862 0.321750 0.055036 0.093477
0 0.649583 0.624873 0.083140 0.096864
0 0.655145 0.652306 0.074357 0.090767
0 0.778976 0.661112 0.085482 0.071801
0 0.790686 0.751202 0.088995 0.078575
0 0.728038 0.330556 0.090166 0.079930