0 0.348381 0.381596 0.039868 0.114543
0 0.908345 0.232304 0.111147 0.052767
0 0.239631 0.565603 0.115725 0.037933
0 0.242493 0.590327 0.107459 0.034546
0 0.245990 0.609632 0.110638 0.035223
0 0.248851 0.631308 0.110003 0.041997
0 0.252348 0.656709 0.111910 0.035901
0 0.255528 0.678385 0.111910 0.027772
0 0.263158 0.695658 0.109367 0.036578
0 0.264430 0.716318 0.119540 0.048093
0 0.278736 0.740026 0.112546 0.042674
0 0.304488 0.764750 0.115725 0.040642
0 0.325471 0.782700 0.103008 0.037255
0 0.353767 0.807085 0.097285 0.033191
0 0.386513 0.732236 0.038151 0.101605
0 0.425936 0.679740 0.033064 0.115830
0 0.476169 0.606245 0.029249 0.102960
0 0.498423 0.603875 0.038151 0.094154
0 0.519089 0.595407 0.029885 0.104315
0 0.567414 0.636050 0.036244 0.112443
0 0.495562 0.722753 0.033700 0.105670
0 0.517181 0.723430 0.033700 0.100251
0 0.540072 0.725124 0.043874 0.104992
0 0.433884 0.367134 0.032428 0.105670
0 0.643716 0.271964 0.113818 0.046738
0 0.651664 0.291946 0.097921 0.041997
0 0.661202 0.311590 0.114454 0.039287
0 0.662474 0.334959 0.113182 0.044029
0 0.662156 0.385084 0.111274 0.042674
0 0.673283 0.407776 0.114454 0.036578
0 0.673601 0.429452 0.116361 0.039287
0 0.678052 0.454853 0.110003 0.041320
0 0.681231 0.475513 0.125263 0.039287
0 0.691087 0.496512 0.119540 0.036578
0 0.688226 0.558830 0.118904 0.033868
0 0.693948 0.583215 0.120176 0.031159
0 0.706029 0.596423 0.111274 0.027772
0 0.716521 0.613358 0.109367 0.035901
0 0.710480 0.634017 0.098557 0.031159
0 0.719382 0.655016 0.107459 0.035223
0 0.720336 0.679740 0.091563 0.030482
0 0.723515 0.700061 0.106823 0.037255
0 0.729238 0.720043 0.100465 0.029804
0 0.744181 0.763056 0.101101 0.031836
0 0.629091 0.627921 0.031157 0.090767
0 0.644988 0.744767 0.040059 0.077897