0 0.830560 0.067060 0.084901 0.073156
0 0.846703 0.022353 0.057398 0.044706
0 0.702610 0.074172 0.072943 0.069769
0 0.697229 0.096186 0.078922 0.071801
0 0.682880 0.118878 0.083705 0.076543
0 0.655377 0.151053 0.081314 0.071801
0 0.638038 0.168665 0.077726 0.070446
0 0.614122 0.211000 0.084901 0.073833
0 0.626678 0.186954 0.086097 0.071801
0 0.588412 0.250288 0.081314 0.072478
0 0.568682 0.262481 0.077726 0.061641
0 0.551343 0.306171 0.066964 0.067737
0 0.534602 0.318702 0.081314 0.073833
0 0.527427 0.346813 0.081314 0.075865
0 0.503511 0.360022 0.078922 0.072478
0 0.479596 0.391858 0.083705 0.073833
0 0.467040 0.416243 0.082509 0.069769
0 0.462257 0.445370 0.084901 0.072478
0 0.436547 0.453160 0.083705 0.083994
0 0.419208 0.494479 0.075335 0.059608
0 0.407848 0.509720 0.081314 0.065705
0 0.389314 0.532412 0.077726 0.071801
0 0.374964 0.553411 0.082509 0.075865
0 0.360615 0.597440 0.077726 0.073156
0 0.340884 0.616745 0.066964 0.067060
0 0.324143 0.631647 0.078922 0.067060
0 0.307402 0.653322 0.078922 0.076543
0 0.293053 0.700400 0.086097 0.078575
0 0.275714 0.710560 0.082509 0.092122
0 0.252396 0.717334 0.086097 0.079930
0 0.245221 0.748493 0.098055 0.081284
0 0.220109 0.783039 0.078922 0.075865
0 0.203966 0.805731 0.070552 0.077897
0 0.194400 0.827068 0.075335 0.070446
0 0.174072 0.842647 0.070552 0.078575
0 0.165701 0.871097 0.072943 0.079930
0 0.103520 0.934431 0.094467 0.084671
0 0.707991 0.263158 0.078922 0.107702
0 0.632059 0.336652 0.063377 0.067737
0 0.580042 0.411163 0.071747 0.082639
0 0.245221 0.913771 0.076530 0.079930
0 0.210543 0.975513 0.066964 0.048974
0 0.659562 0.037255 0.053810 0.069092
0 0.619503 0.093138 0.059789 0.071124
0 0.552539 0.192373 0.078922 0.077220
0 0.481987 0.290253 0.081314 0.083316
0 0.413827 0.393551 0.081314 0.105670
0 0.351646 0.485674 0.083705 0.083994
0 0.300825 0.566958 0.072943 0.081284
0 0.040143 0.479577 0.068160 0.090767
0 0.057482 0.601842 0.052615 0.061641
0 0.160320 0.612003 0.129145 0.041320
0 0.169288 0.626566 0.094467 0.025740
0 0.241036 0.651290 0.075335 0.086026
0 0.135806 0.801666 0.068160 0.084671
0 0.183040 0.748832 0.059789 0.056222
0 0.144775 0.649936 0.141103 0.039965
0 0.121457 0.693965 0.139907 0.054867
0 0.103520 0.719366 0.132733 0.055544
0 0.086779 0.748493 0.089684 0.060963
0 0.349853 0.140554 0.072943 0.079252
0 0.883174 0.594391 0.084901 0.080607
0 0.826972 0.679740 0.068160 0.083316
0 0.758812 0.768475 0.087293 0.086026
0 0.811427 0.789135 0.051419 0.074511
0 0.928614 0.856872 0.111208 0.056899