0 0.789910 0.533462 0.127684 0.045045
0 0.812741 0.554376 0.154743 0.052124
0 0.802171 0.586873 0.121765 0.028314
0 0.828808 0.610039 0.176729 0.037323
0 0.814010 0.667310 0.104853 0.034749
0 0.823311 0.725869 0.131912 0.055341
0 0.839800 0.748713 0.168273 0.067568
0 0.849525 0.769305 0.153898 0.059846
0 0.863477 0.790541 0.159817 0.072716
0 0.617832 0.683076 0.065956 0.113900
0 0.595424 0.699163 0.058346 0.113900
0 0.569211 0.709459 0.054963 0.115187
0 0.538770 0.711712 0.058346 0.126126
0 0.491839 0.688546 0.047353 0.069498