0 0.538317 0.875858 0.059450 0.033705
0 0.791444 0.865463 0.056663 0.051975
0 0.714345 0.843571 0.066881 0.027090
0 0.692748 0.807188 0.064559 0.031185
0 0.679743 0.784981 0.073848 0.028980
0 0.659772 0.754583 0.067346 0.031815
0 0.649089 0.722453 0.064559 0.028035
0 0.636317 0.708593 0.071526 0.028035
0 0.625634 0.696151 0.067810 0.028980
0 0.613791 0.669061 0.068275 0.031500
0 0.590104 0.641341 0.068275 0.030240
0 0.587549 0.621496 0.073384 0.032760
0 0.865757 0.681346 0.071526 0.073080
0 0.449607 0.124583 0.039943 0.048195
0 0.509289 0.186795 0.032047 0.046620
0 0.444962 0.276098 0.024152 0.046935
0 0.502786 0.440213 0.060843 0.033705
0 0.605198 0.820261 0.044587 0.054180
0 0.594052 0.814276 0.040872 0.054180
0 0.588478 0.784193 0.039014 0.043785
0 0.569203 0.746708 0.042265 0.048195
0 0.557127 0.738046 0.032047 0.037170
0 0.550625 0.727966 0.039479 0.046620
0 0.534602 0.690481 0.039014 0.045360
0 0.512076 0.652681 0.040407 0.043470
0 0.506270 0.643388 0.046445 0.048825
0 0.498142 0.611258 0.036692 0.044415
0 0.472829 0.753953 0.065023 0.035595
0 0.371346 0.270743 0.032047 0.051975
0 0.444962 0.707333 0.072455 0.031185
0 0.439389 0.690166 0.069668 0.027720