0 0.271395 0.240026 0.054509 0.114543
0 0.208251 0.323538 0.078488 0.062205
0 0.231426 0.440798 0.080343 0.069355
0 0.253057 0.571286 0.086523 0.067210
0 0.256456 0.639211 0.080961 0.068640
0 0.274997 0.709638 0.087141 0.072215
0 0.359356 0.390033 0.079106 0.062205
0 0.374189 0.483340 0.093939 0.074360
0 0.385622 0.510511 0.094557 0.077220
0 0.393038 0.568426 0.082197 0.071500
0 0.398910 0.599171 0.075398 0.065780
0 0.397674 0.625983 0.082815 0.067925
0 0.411888 0.725011 0.087759 0.075790
0 0.418068 0.762191 0.081579 0.075790
0 0.530857 0.690691 0.089613 0.074360
0 0.503355 0.520163 0.086523 0.070785
0 0.476162 0.378235 0.086523 0.070070
0 0.473690 0.342843 0.084051 0.069355
0 0.712245 0.313528 0.087759 0.075075
0 0.719662 0.345345 0.086523 0.065780
0 0.729550 0.402545 0.075398 0.061490
0 0.629122 0.571286 0.078488 0.107250
0 0.787953 0.743601 0.084669 0.074360
0 0.320421 0.920921 0.091467 0.048620