0 0.213190 0.323037 0.083062 0.057486
0 0.219865 0.421707 0.088995 0.067782
0 0.228394 0.451737 0.076387 0.054054
0 0.258800 0.567568 0.083803 0.066066
0 0.278453 0.693694 0.077129 0.074646
0 0.282161 0.756757 0.080095 0.072072
0 0.292173 0.797083 0.091220 0.084084
0 0.301814 0.863149 0.077870 0.072072
0 0.348907 0.369369 0.099377 0.059202
0 0.359290 0.396825 0.088995 0.055770
0 0.367819 0.420420 0.073421 0.048048
0 0.381539 0.481767 0.075646 0.062634
0 0.381539 0.504934 0.078612 0.059202
0 0.388213 0.540541 0.086028 0.070356
0 0.400079 0.599314 0.068229 0.055770
0 0.403788 0.627199 0.083062 0.078936
0 0.411575 0.664522 0.088253 0.067782
0 0.420845 0.701845 0.083062 0.072072
0 0.417137 0.725011 0.084545 0.075504
0 0.415283 0.753325 0.086770 0.068640
0 0.419362 0.787216 0.081579 0.072930
0 0.426036 0.819391 0.083062 0.073788
0 0.476837 0.342342 0.079354 0.066924
0 0.474242 0.363363 0.087512 0.055770
0 0.493895 0.431145 0.076387 0.064350
0 0.492782 0.456456 0.078612 0.060060
0 0.505390 0.487773 0.086028 0.067782
0 0.522818 0.594595 0.098636 0.085800
0 0.523930 0.624625 0.093445 0.084084
0 0.534684 0.657229 0.098636 0.077220
0 0.545808 0.699271 0.082320 0.070356
0 0.551371 0.767053 0.090478 0.072072
0 0.589564 0.340197 0.066004 0.093522
0 0.596610 0.372372 0.057847 0.085800
0 0.598834 0.417846 0.057847 0.084084
0 0.653715 0.719863 0.059330 0.094380
0 0.661502 0.751180 0.073421 0.098670
0 0.674851 0.774775 0.055622 0.099528
0 0.784611 0.750751 0.082320 0.077220
0 0.761250 0.555985 0.086028 0.085800
0 0.750867 0.486915 0.093445 0.066066
0 0.739372 0.454311 0.083803 0.071214
0 0.732327 0.379665 0.086028 0.060918
0 0.727135 0.341055 0.084545 0.064350
0 0.724169 0.314028 0.081579 0.060060
0 0.728618 0.286143 0.081579 0.064350