0 0.683578 0.234708 0.036036 0.080607
0 0.589627 0.194744 0.072930 0.069769
0 0.642394 0.269254 0.036036 0.075188
0 0.626521 0.292623 0.035178 0.078575
0 0.598207 0.321412 0.040326 0.071124
0 0.552733 0.377972 0.036894 0.079930
0 0.532141 0.381697 0.036894 0.076543
0 0.511549 0.428097 0.038610 0.075865
0 0.490957 0.441983 0.036894 0.075188
0 0.475084 0.471788 0.025740 0.068414
0 0.445483 0.496850 0.036894 0.079252
0 0.428323 0.514801 0.036894 0.073156
0 0.346384 0.471788 0.065208 0.067060
0 0.355393 0.602520 0.038610 0.076543
0 0.326221 0.633679 0.035178 0.071124
0 0.293188 0.667886 0.036036 0.073156
0 0.265732 0.691933 0.032604 0.079252
0 0.211249 0.629953 0.055770 0.069092
0 0.236989 0.736300 0.035178 0.081284
0 0.221116 0.758653 0.032604 0.075865
0 0.206101 0.773556 0.033462 0.083994
0 0.190657 0.791844 0.030030 0.078575
0 0.175642 0.809795 0.041184 0.075188