0 0.132647 0.013771 0.050837 0.026592
0 0.227059 0.007784 0.069634 0.015568
0 0.456041 0.007424 0.056818 0.014848
0 0.431049 0.132355 0.035031 0.101336
0 0.363551 0.333231 0.041866 0.087681
0 0.547035 0.030301 0.058527 0.051027
0 0.610902 0.069470 0.057245 0.051746
0 0.671352 0.115107 0.055109 0.071151
0 0.731587 0.288672 0.058527 0.045996
0 0.731587 0.315623 0.046565 0.043840
0 0.769609 0.347964 0.028623 0.048153
0 0.730733 0.423786 0.031186 0.038810
0 0.825145 0.930825 0.055109 0.072588
0 0.726034 0.821584 0.040584 0.094149
0 0.598086 0.126606 0.053828 0.051027
0 0.461381 0.140980 0.036740 0.099899
0 0.500684 0.163259 0.029904 0.097024
0 0.540841 0.176555 0.031613 0.096305
0 0.550239 0.192726 0.029050 0.095586
0 0.415883 0.381743 0.042293 0.097024
0 0.463090 0.432770 0.035031 0.084087
0 0.486799 0.455409 0.033749 0.084806
0 0.522257 0.496374 0.032040 0.079056
0 0.523966 0.524044 0.040584 0.086962
0 0.544045 0.569322 0.032895 0.082650
0 0.559211 0.595195 0.040157 0.089837