0 0.347847 0.413985 0.020123 0.030983
0 0.328982 0.425902 0.025992 0.043377
0 0.371324 0.469040 0.031862 0.039087
0 0.378870 0.528624 0.026831 0.039087
0 0.421632 0.584156 0.040246 0.036703
0 0.459782 0.657324 0.036054 0.039087
0 0.479067 0.699032 0.039408 0.036703
0 0.393124 0.659469 0.043600 0.036703
0 0.383063 0.641594 0.040246 0.040993
0 0.369647 0.623719 0.040246 0.036703
0 0.365455 0.598217 0.040246 0.033367
0 0.353297 0.588446 0.036054 0.032890
0 0.330239 0.547214 0.048631 0.033367
0 0.313051 0.505982 0.042762 0.036703
0 0.311793 0.478812 0.043600 0.037657
0 0.704033 0.347490 0.040616 0.034825
0 0.712689 0.381558 0.040616 0.031039
0 0.728003 0.412408 0.044611 0.031418
0 0.736992 0.422061 0.047940 0.033311
0 0.741320 0.432092 0.041948 0.040503
0 0.747313 0.468998 0.041948 0.037096
0 0.765623 0.474487 0.047940 0.036717
0 0.784933 0.515368 0.042614 0.038232
0 0.769618 0.511015 0.029297 0.026497
0 0.700704 0.424521 0.033958 0.036717
0 0.673737 0.432281 0.037287 0.038610
0 0.697375 0.493224 0.027299 0.040881
0 0.719680 0.553978 0.034624 0.035960
0 0.628127 0.340109 0.027299 0.029147