0 0.967421 0.651335 0.040542 0.015668
0 0.958235 0.667282 0.031040 0.016227
0 0.986878 0.618600 0.026244 0.018466
0 0.337144 0.671502 0.022839 0.031653
0 0.316667 0.710807 0.025202 0.035827
0 0.366553 0.678481 0.022415 0.034980
0 0.374958 0.681121 0.024283 0.033660
0 0.384485 0.685411 0.022415 0.035640
0 0.393264 0.689536 0.025030 0.036630
0 0.400549 0.691846 0.025404 0.036630
0 0.411943 0.695476 0.025030 0.036630
0 0.421656 0.696136 0.023536 0.038610
0 0.429315 0.702076 0.024657 0.036630
0 0.439215 0.704386 0.027272 0.035970
0 0.447434 0.710821 0.025777 0.038940
0 0.412130 0.720391 0.038106 0.026400
0 0.335732 0.739861 0.025777 0.036960
0 0.353103 0.744646 0.025404 0.034650
0 0.361509 0.750421 0.025777 0.033660
0 0.368047 0.755041 0.023909 0.034320
0 0.378320 0.757681 0.022789 0.038940
0 0.397560 0.768406 0.026151 0.041910
0 0.406900 0.769231 0.023909 0.035640
0 0.412877 0.770386 0.026898 0.037290
0 0.420349 0.773191 0.028392 0.034320
0 0.427073 0.783751 0.029887 0.039600
0 0.438841 0.779791 0.016811 0.023100
0 0.497494 0.717256 0.026525 0.033330
0 0.469288 0.769891 0.025404 0.036300
0 0.334611 0.806026 0.028766 0.037950
0 0.343577 0.805861 0.025777 0.036300
0 0.365805 0.825496 0.021668 0.035970
0 0.373277 0.833086 0.023909 0.035310
0 0.382990 0.833416 0.023909 0.034650
0 0.393264 0.838201 0.022789 0.035640
0 0.400549 0.841501 0.021668 0.038280
0 0.408954 0.845131 0.022789 0.034980
0 0.423524 0.850411 0.027272 0.036960
0 0.369915 0.855196 0.036611 0.024090
0 0.343577 0.836386 0.036238 0.030030
0 0.335545 0.846451 0.037359 0.028380
0 0.369915 0.866086 0.038853 0.026070
0 0.251862 0.873346 0.022415 0.033990
0 0.236358 0.907831 0.021294 0.033660
0 0.263256 0.876151 0.022789 0.037620
0 0.272035 0.878461 0.022415 0.033000
0 0.280628 0.881101 0.024657 0.033000
0 0.285671 0.889351 0.027272 0.035640
0 0.296692 0.890671 0.021668 0.030360
0 0.307900 0.895786 0.026151 0.033990
0 0.315185 0.898591 0.025030 0.033660
0 0.328820 0.907831 0.026151 0.035640
0 0.344511 0.907336 0.024657 0.035970
0 0.359641 0.916741 0.025777 0.034320
0 0.384858 0.923506 0.033623 0.038610
0 0.243830 0.913771 0.020547 0.032340
0 0.255598 0.911956 0.021668 0.036630
0 0.258213 0.920206 0.025404 0.033330
0 0.264751 0.926311 0.022789 0.024420
0 0.276145 0.931261 0.020921 0.035640
0 0.286979 0.933076 0.021668 0.031350
0 0.297813 0.934396 0.023162 0.035970
0 0.307526 0.937696 0.019426 0.033330
0 0.325645 0.941986 0.022789 0.037950
0 0.332183 0.950896 0.023162 0.035970
0 0.331996 0.959641 0.027272 0.038280
0 0.348060 0.954031 0.019053 0.035640
0 0.352356 0.979771 0.022415 0.037620
0 0.234864 0.859486 0.023536 0.036630
0 0.191341 0.964591 0.022415 0.034980
0 0.197505 0.969376 0.024283 0.037290
0 0.207966 0.970036 0.026525 0.037290
0 0.215064 0.973831 0.027272 0.034980
0 0.223469 0.977626 0.025404 0.036630
0 0.229447 0.984110 0.026898 0.031779
0 0.237852 0.985595 0.028019 0.028809
0 0.255598 0.988565 0.024657 0.022869