0 0.317239 0.704881 0.026898 0.036300
0 0.365805 0.678976 0.023909 0.034650
0 0.371783 0.688381 0.024657 0.033660
0 0.379254 0.694651 0.023162 0.036300
0 0.386166 0.699106 0.016064 0.030690
0 0.409141 0.699601 0.023909 0.034320
0 0.417173 0.705376 0.021294 0.034650
0 0.424832 0.709171 0.023162 0.036300
0 0.436787 0.708346 0.025404 0.040590
0 0.443698 0.712636 0.019800 0.034650
0 0.452851 0.715441 0.024657 0.035640
0 0.460136 0.720556 0.024283 0.035310
0 0.469662 0.725506 0.024657 0.037950
0 0.452290 0.796786 0.028766 0.036630
0 0.399428 0.803881 0.021668 0.036300
0 0.388407 0.806026 0.017559 0.038610
0 0.369541 0.797281 0.015691 0.027060
0 0.359454 0.795961 0.020921 0.034980
0 0.349181 0.795301 0.020547 0.036960
0 0.339468 0.791176 0.022789 0.032670
0 0.335545 0.784246 0.019426 0.032670
0 0.430622 0.839851 0.021294 0.034980
0 0.371596 0.854371 0.022042 0.033000
0 0.367486 0.842986 0.021294 0.032010
0 0.358334 0.842491 0.018679 0.029700
0 0.350862 0.839356 0.018679 0.035970
0 0.335545 0.843151 0.022415 0.035640
0 0.325832 0.840676 0.025404 0.032670
0 0.381683 0.926641 0.028019 0.036960
0 0.358520 0.965416 0.025030 0.037290
0 0.318360 0.917401 0.022415 0.036960
0 0.309768 0.910801 0.022415 0.034320
0 0.300428 0.908491 0.022415 0.034320
0 0.292022 0.905356 0.022042 0.032670
0 0.281188 0.901891 0.020547 0.033660