0 0.131355 0.168683 0.044100 0.024255
0 0.176558 0.180810 0.041895 0.020160
0 0.238613 0.195458 0.041895 0.023625
0 0.297360 0.209003 0.042840 0.022995
0 0.357525 0.226170 0.049140 0.023940
0 0.294210 0.400208 0.027720 0.046935
0 0.326183 0.411705 0.024255 0.037800
0 0.354848 0.416273 0.023625 0.037485
0 0.277988 0.447773 0.025515 0.040005
0 0.346658 0.467775 0.028035 0.039060
0 0.364298 0.471555 0.023625 0.037800
0 0.258300 0.493605 0.023310 0.032130
0 0.273893 0.508883 0.024885 0.037485
0 0.279090 0.498645 0.021420 0.032130
0 0.298935 0.507308 0.023940 0.036855
0 0.307913 0.508883 0.023625 0.039375
0 0.319883 0.515341 0.022995 0.041580
0 0.328860 0.517861 0.023940 0.035910
0 0.347445 0.521956 0.020790 0.037800
0 0.358155 0.524791 0.025200 0.038430
0 0.369180 0.529358 0.022680 0.034965
0 0.313740 0.603541 0.027090 0.041580
0 0.326970 0.612361 0.020790 0.035280
0 0.337050 0.614881 0.025200 0.037800
0 0.356895 0.622756 0.023310 0.035280
0 0.365400 0.623858 0.023940 0.038115
0 0.355950 0.596768 0.028350 0.034965
0 0.385245 0.625591 0.022680 0.040950
0 0.499118 0.104108 0.013545 0.050715
0 0.516916 0.092610 0.013860 0.045360
0 0.497228 0.160650 0.048195 0.019530
0 0.405248 0.239400 0.044415 0.021420
0 0.450765 0.249638 0.044730 0.022365
0 0.708593 0.293580 0.037485 0.033390
0 0.406508 0.400365 0.032445 0.020790
0 0.543376 0.475965 0.032130 0.044730
0 0.631103 0.500221 0.034965 0.041580
0 0.433598 0.493763 0.025515 0.046305
0 0.475335 0.495810 0.023310 0.039060
0 0.512821 0.519593 0.021420 0.043155
0 0.543376 0.527468 0.023940 0.038745
0 0.635828 0.560386 0.028035 0.041580
0 0.717886 0.580703 0.027090 0.038115
0 0.398003 0.540856 0.022365 0.041580
0 0.417848 0.544793 0.027405 0.040005
0 0.505261 0.565898 0.029610 0.047565
0 0.595193 0.595823 0.026145 0.043155
0 0.653311 0.615668 0.030240 0.045045
0 0.683551 0.625591 0.026460 0.039690
0 0.702923 0.632678 0.022995 0.034965
0 0.406035 0.634883 0.025200 0.038745
0 0.417533 0.639766 0.024255 0.037170
0 0.464468 0.650791 0.026145 0.043470
0 0.477068 0.656933 0.025515 0.037485
0 0.493133 0.662446 0.026775 0.037170
0 0.510773 0.659926 0.022995 0.037170
0 0.532508 0.670321 0.026775 0.040320
0 0.551881 0.679613 0.023940 0.038115
0 0.562748 0.681188 0.023625 0.038115
0 0.579443 0.688591 0.026145 0.040950
0 0.608738 0.694261 0.026145 0.041580
0 0.649058 0.707648 0.028035 0.045675
0 0.668588 0.714263 0.024885 0.039375
0 0.714106 0.726391 0.023940 0.037170
0 0.728596 0.733951 0.022680 0.038430
0 0.528728 0.727021 0.043155 0.026460
0 0.617401 0.748126 0.043470 0.025830
0 0.726391 0.785453 0.039060 0.024885
0 0.558023 0.785611 0.025515 0.040320
0 0.595193 0.796321 0.024885 0.049140
0 0.615196 0.801676 0.023310 0.040320
0 0.711271 0.829868 0.028350 0.038745
0 0.598658 0.851603 0.041895 0.021735
0 0.684496 0.871763 0.045360 0.031815
0 0.702293 0.879796 0.037485 0.025830
0 0.796006 0.858376 0.027720 0.041580
0 0.806558 0.801833 0.041265 0.025515
0 0.826246 0.756316 0.029610 0.040950
0 0.738203 0.738676 0.023625 0.037170
0 0.756946 0.742928 0.024570 0.037485
0 0.764663 0.738833 0.024255 0.038115
0 0.739621 0.643073 0.023940 0.038115
0 0.751906 0.646696 0.022050 0.038430
0 0.771908 0.651578 0.026145 0.039375
0 0.791281 0.658508 0.024570 0.038115
0 0.799313 0.657248 0.021735 0.033075
0 0.808448 0.659926 0.024885 0.038430
0 0.880741 0.631418 0.026460 0.041895
0 0.810653 0.557708 0.026775 0.042525
0 0.897751 0.584483 0.031500 0.051345
0 0.776161 0.285390 0.027720 0.047880
0 0.837428 0.062843 0.041265 0.029925