1 0.938542 0.7125 0.064583 0.095833
1 0.867708 0.697917 0.0875 0.0875
1 0.805208 0.68125 0.095833 0.083333
1 0.646875 0.701042 0.116667 0.05
1 0.583333 0.667708 0.110417 0.064583
1 0.79375 0.836458 0.145833 0.077083
0 0.723958 0.8875 0.2875 0.179167
0 0.160417 0.730208 0.25625 0.172917
0 0.313542 0.558333 0.179167 0.095833
0 0.610417 0.63125 0.302083 0.129167
1 0.151042 0.535417 0.077083 0.110417
1 0.325 0.752083 0.120833 0.064583
1 0.413542 0.766667 0.1125 0.05
1 0.444792 0.795833 0.102083 0.079167
1 0.5 0.803125 0.064583 0.079167
1 0.892708 0.888542 0.077083 0.102083
