0 0.8625 0.60625 0.2125 0.264583
0 0.795833 0.604167 0.197917 0.254167
0 0.736458 0.809375 0.2125 0.2125
0 0.661458 0.795833 0.202083 0.208333
0 0.63125 0.757292 0.239583 0.220833
0 0.572917 0.747917 0.216667 0.225
0 0.532292 0.746875 0.260417 0.241667
0 0.480208 0.738542 0.245833 0.235417
0 0.405208 0.723958 0.2125 0.191667
0 0.334375 0.709375 0.197917 0.177083
0 0.28125 0.704167 0.216667 0.179167
0 0.238542 0.689583 0.227083 0.19375
0 0.171875 0.673958 0.20625 0.19375
0 0.15 0.652083 0.25 0.208333
