1 0.872917 0.91875 0.145833 0.0875
1 0.280208 0.830208 0.179167 0.0875
1 0.683333 0.65625 0.097917 0.095833
1 0.279167 0.566667 0.116667 0.039583
1 0.369792 0.5625 0.1125 0.06875
1 0.453125 0.573958 0.110417 0.0625
1 0.54375 0.58125 0.097917 0.06875
0 0.407292 0.571875 0.385417 0.13125
1 0.560417 0.348958 0.095833 0.083333
1 0.608333 0.40625 0.095833 0.0875
1 0.673958 0.461458 0.079167 0.116667
1 0.728125 0.519792 0.097917 0.110417
0 0.180208 0.417708 0.25625 0.275
0 0.279167 0.403125 0.25 0.23125
0 0.373958 0.415625 0.23125 0.227083
0 0.45625 0.408333 0.220833 0.227083
0 0.567708 0.4375 0.264583 0.227083
0 0.733333 0.420833 0.241667 0.239583
0 0.8 0.415625 0.272917 0.272917
1 0.5375 0.058333 0.079167 0.10625
1 0.584375 0.065625 0.083333 0.077083
1 0.628125 0.053125 0.097917 0.0875
1 0.75 0.070833 0.120833 0.0875
1 0.8625 0.077083 0.0875 0.083333
1 0.921875 0.078125 0.110417 0.110417
