0 0.779167 0.295833 0.177083 0.14375
0 0.460417 0.291667 0.158333 0.127083
1 0.65625 0.291667 0.091667 0.120833
1 0.384375 0.28125 0.079167 0.120833
1 0.316667 0.291667 0.091667 0.10625
1 0.216667 0.29375 0.077083 0.116667
1 0.147917 0.279167 0.125 0.13125
1 0.059375 0.825 0.110417 0.13125
1 0.139583 0.822917 0.10625 0.120833
1 0.204167 0.825 0.116667 0.116667
1 0.25 0.839583 0.120833 0.125
1 0.323958 0.832292 0.10625 0.116667
1 0.390625 0.829167 0.1125 0.13125
1 0.439583 0.853125 0.095833 0.158333
1 0.520833 0.846875 0.110417 0.13125
1 0.56875 0.848958 0.139583 0.127083
1 0.630208 0.829167 0.127083 0.125
1 0.692708 0.839583 0.1125 0.145833
1 0.596875 0.73125 0.135417 0.083333
1 0.930208 0.602083 0.079167 0.135417
1 0.054167 0.613542 0.10625 0.15
1 0.135417 0.594792 0.091667 0.091667
1 0.178125 0.597917 0.095833 0.135417
1 0.244792 0.596875 0.095833 0.13125
1 0.314583 0.604167 0.116667 0.13125
1 0.357292 0.613542 0.135417 0.127083
1 0.415625 0.605208 0.135417 0.164583
1 0.525 0.609375 0.125 0.15
1 0.598958 0.594792 0.125 0.14375
1 0.659375 0.604167 0.127083 0.125
1 0.723958 0.616667 0.125 0.164583
