0 0.116667 0.9 0.139583 0.125
1 0.05 0.8875 0.079167 0.097917
1 0.279167 0.883333 0.0875 0.083333
1 0.322917 0.890625 0.072917 0.091667
1 0.394792 0.885417 0.091667 0.064583
1 0.448958 0.896875 0.079167 0.079167
1 0.666667 0.722917 0.13125 0.064583
1 0.58125 0.808333 0.064583 0.072917
1 0.535417 0.798958 0.077083 0.097917
1 0.478125 0.801042 0.095833 0.095833
1 0.433333 0.804167 0.095833 0.079167
1 0.375 0.801042 0.0875 0.072917
1 0.325 0.796875 0.083333 0.079167
1 0.255208 0.804167 0.10625 0.079167
1 0.186458 0.801042 0.102083 0.072917
1 0.059375 0.802083 0.091667 0.083333
1 0.328125 0.717708 0.164583 0.054167
1 0.34375 0.647917 0.091667 0.097917
1 0.472917 0.64375 0.077083 0.120833
1 0.538542 0.653125 0.077083 0.102083
1 0.579167 0.629167 0.120833 0.10625
