0 0.21875 0.2375 0.20625 0.20625
0 0.079167 0.503125 0.072917 0.079167
0 0.032292 0.545833 0.0625 0.06875
0 0.178125 0.545833 0.095833 0.054167
0 0.130208 0.663542 0.177083 0.216667
0 0.170833 0.680208 0.191667 0.20625
0 0.225 0.690625 0.19375 0.197917
0 0.272917 0.70625 0.202083 0.20625
0 0.333333 0.722917 0.2125 0.216667
0 0.38125 0.733333 0.20625 0.19375
0 0.423958 0.764583 0.19375 0.191667
0 0.479167 0.771875 0.19375 0.183333
0 0.545833 0.778125 0.179167 0.172917
0 0.595833 0.776042 0.197917 0.177083
0 0.64375 0.794792 0.2125 0.16875
0 0.711458 0.802083 0.202083 0.183333
0 0.842708 0.628125 0.2125 0.241667
0 0.8 0.613542 0.179167 0.220833
0 0.728125 0.604167 0.191667 0.216667
0 0.689583 0.608333 0.172917 0.239583
0 0.490625 0.60625 0.297917 0.177083
0 0.263542 0.513542 0.25625 0.16875
0 0.320833 0.438542 0.245833 0.19375
0 0.225 0.508333 0.245833 0.19375
