1 0.491667 0.18125 0.072917 0.145833
1 0.546875 0.219792 0.110417 0.172917
1 0.615625 0.269792 0.1125 0.160417
1 0.6875 0.320833 0.079167 0.177083
1 0.840625 0.428125 0.14375 0.20625
1 0.919792 0.478125 0.102083 0.172917
1 0.735417 0.780208 0.145833 0.091667
1 0.660417 0.713542 0.172917 0.083333
1 0.438542 0.56875 0.208333 0.110417
1 0.215625 0.423958 0.16875 0.079167
1 0.608333 0.930208 0.179167 0.110417
1 0.551042 0.866667 0.154167 0.102083
1 0.447917 0.801042 0.20625 0.102083
1 0.388542 0.746875 0.191667 0.091667
1 0.2375 0.675 0.154167 0.116667
1 0.175 0.6125 0.160417 0.110417
1 0.15625 0.361458 0.139583 0.10625
