1 0.838542 0.858333 0.116667 0.14375
1 0.764583 0.827083 0.102083 0.154167
1 0.685417 0.765625 0.091667 0.14375
1 0.508333 0.633333 0.10625 0.15
1 0.709375 0.569792 0.183333 0.15
1 0.273958 0.227083 0.197917 0.164583
1 0.479167 0.389583 0.15 0.10625
1 0.327083 0.452083 0.0625 0.15
1 0.242708 0.402083 0.091667 0.139583
1 0.164583 0.396875 0.091667 0.14375
1 0.898958 0.090625 0.16875 0.14375
1 0.834375 0.367708 0.208333 0.10625
1 0.677083 0.280208 0.16875 0.1125
1 0.585417 0.232292 0.16875 0.1125
1 0.5 0.180208 0.154167 0.097917
1 0.385417 0.067708 0.139583 0.095833
1 0.675 0.084375 0.14375 0.083333
