0 0.591667 0.070833 0.19375 0.072917
0 0.635417 0.117708 0.2 0.06875
0 0.659375 0.153125 0.197917 0.077083
0 0.685417 0.194792 0.19375 0.079167
0 0.730208 0.238542 0.197917 0.06875
0 0.753125 0.277083 0.202083 0.070833
0 0.780208 0.316667 0.210417 0.077083
0 0.820833 0.354167 0.204167 0.085417
0 0.879167 0.457292 0.222917 0.085417
0 0.560417 0.196875 0.147917 0.133333
0 0.68125 0.352083 0.147917 0.185417
0 0.8625 0.611458 0.158333 0.166667
0 0.192708 0.758333 0.19375 0.058333
0 0.24375 0.828125 0.20625 0.070833
0 0.275 0.870833 0.208333 0.064583
0 0.3125 0.920833 0.185417 0.064583
0 0.390625 0.834375 0.135417 0.15625
0 0.511458 0.609375 0.09375 0.229167
0 0.548958 0.640625 0.085417 0.166667
0 0.577083 0.686458 0.083333 0.160417
0 0.620833 0.713542 0.077083 0.166667
0 0.647917 0.748958 0.083333 0.170833
0 0.68125 0.80625 0.08125 0.166667
0 0.708333 0.860417 0.077083 0.175
0 0.564583 0.833333 0.154167 0.175
