1 0.444792 0.25625 0.164583 0.079167
1 0.9 0.352083 0.139583 0.095833
1 0.0625 0.344792 0.116667 0.079167
1 0.138542 0.372917 0.10625 0.1125
1 0.20625 0.36875 0.110417 0.097917
1 0.317708 0.372917 0.110417 0.077083
1 0.4625 0.382292 0.10625 0.0875
1 0.533333 0.396875 0.10625 0.095833
1 0.597917 0.407292 0.110417 0.095833
1 0.926042 0.45 0.116667 0.083333
0 0.70625 0.569792 0.320833 0.102083
1 0.778125 0.63125 0.145833 0.06875
1 0.629167 0.616667 0.14375 0.077083
1 0.885417 0.808333 0.064583 0.097917
1 0.825 0.817708 0.083333 0.095833
1 0.744792 0.796875 0.072917 0.097917
1 0.686458 0.794792 0.072917 0.110417
1 0.627083 0.770833 0.095833 0.120833
1 0.555208 0.769792 0.097917 0.116667
1 0.4875 0.782292 0.116667 0.127083
1 0.914583 0.591667 0.095833 0.116667
1 0.088542 0.53125 0.110417 0.1125
1 0.165625 0.526042 0.110417 0.110417
1 0.289583 0.540625 0.097917 0.102083
1 0.35 0.564583 0.125 0.120833
1 0.423958 0.552083 0.116667 0.095833
1 0.4875 0.536458 0.110417 0.110417
0 0.679167 0.19375 0.272917 0.116667
