1 0.828125 0.527083 0.152083 0.085417
1 0.764583 0.645833 0.129167 0.085417
1 0.720833 0.701042 0.135417 0.077083
1 0.682292 0.766667 0.116667 0.070833
1 0.625 0.817708 0.127083 0.083333
1 0.586458 0.871875 0.129167 0.0875
1 0.463542 0.811458 0.120833 0.114583
1 0.846875 0.088542 0.066667 0.139583
1 0.796875 0.13125 0.075 0.120833
1 0.635417 0.157292 0.0875 0.133333
1 0.483333 0.326042 0.089583 0.160417
1 0.416667 0.582292 0.10625 0.152083
1 0.370833 0.691667 0.0875 0.108333
1 0.3 0.696875 0.085417 0.120833
1 0.533333 0.936458 0.141667 0.06875
1 0.246875 0.826042 0.077083 0.145833
1 0.165625 0.715625 0.06875 0.133333
1 0.175 0.848958 0.06875 0.15625
1 0.104167 0.772917 0.085417 0.116667
1 0.120833 0.905208 0.0875 0.129167
