1 0.794792 0.067708 0.070833 0.108333
1 0.678125 0.157292 0.060417 0.120833
1 0.76875 0.360417 0.1375 0.054167
1 0.55625 0.284375 0.070833 0.116667
1 0.533333 0.158333 0.083333 0.1375
1 0.480208 0.189583 0.075 0.114583
1 0.528125 0.363542 0.079167 0.127083
1 0.439583 0.280208 0.070833 0.108333
1 0.480208 0.4 0.089583 0.122917
1 0.397917 0.316667 0.083333 0.089583
1 0.435417 0.434375 0.0625 0.116667
1 0.377083 0.483333 0.09375 0.147917
1 0.448958 0.607292 0.114583 0.11875
1 0.270833 0.677083 0.072917 0.11875
1 0.310417 0.391667 0.114583 0.10625
1 0.227083 0.514583 0.089583 0.133333
1 0.1875 0.5375 0.091667 0.13125
1 0.219792 0.678125 0.079167 0.16875
1 0.101042 0.908333 0.0875 0.127083
1 0.046875 0.914583 0.0875 0.13125
