0 0.894792 0.598958 0.166667 0.389583
1 0.96875 0.602083 0.058333 0.10625
1 0.825 0.589583 0.079167 0.110417
1 0.7875 0.316667 0.13125 0.070833
1 0.719792 0.363542 0.114583 0.075
1 0.667708 0.415625 0.120833 0.077083
1 0.620833 0.459375 0.139583 0.060417
1 0.572917 0.519792 0.116667 0.070833
1 0.504167 0.557292 0.127083 0.070833
1 0.471875 0.604167 0.125 0.0875
1 0.379167 0.710417 0.158333 0.060417
1 0.119792 0.929167 0.133333 0.0625
1 0.703125 0.557292 0.1 0.075
1 0.7125 0.689583 0.070833 0.154167
1 0.777083 0.772917 0.060417 0.127083
1 0.714583 0.85 0.060417 0.120833
1 0.55 0.871875 0.079167 0.14375
