0 0.646875 0.564583 0.09375 0.358333
0 0.554167 0.614583 0.102083 0.364583
0 0.609375 0.327083 0.1625 0.141667
0 0.477083 0.685417 0.1 0.385417
0 0.396875 0.745833 0.102083 0.360417
1 0.710417 0.029167 0.13125 0.05625
1 0.477083 0.080208 0.15 0.075
1 0.151042 0.051042 0.114583 0.075
1 0.259375 0.141667 0.11875 0.077083
1 0.080208 0.242708 0.13125 0.097917
1 0.221875 0.336458 0.05625 0.125
1 0.210417 0.463542 0.070833 0.125
1 0.384375 0.517708 0.060417 0.110417
1 0.170833 0.36875 0.05 0.1375
1 0.119792 0.521875 0.09375 0.11875
1 0.111458 0.408333 0.054167 0.110417
1 0.059375 0.455208 0.09375 0.175
0 0.269792 0.654167 0.160417 0.15
