0 0.617708 0.2375 0.295833 0.11875
0 0.721875 0.194792 0.252083 0.110417
0 0.814583 0.110417 0.275 0.11875
1 0.398958 0.554167 0.058333 0.0875
1 0.471875 0.560417 0.085417 0.095833
1 0.528125 0.569792 0.072917 0.097917
1 0.616667 0.586458 0.077083 0.114583
1 0.671875 0.609375 0.058333 0.108333
1 0.713542 0.617708 0.064583 0.0875
1 0.839583 0.634375 0.054167 0.116667
1 0.858333 0.472917 0.077083 0.09375
1 0.4625 0.390625 0.070833 0.070833
1 0.540625 0.416667 0.070833 0.06875
1 0.594792 0.422917 0.079167 0.083333
1 0.644792 0.423958 0.08125 0.091667
1 0.733333 0.440625 0.072917 0.072917
