1 0.067708 0.25 0.091667 0.091667
0 0.1 0.727083 0.177083 0.20625
0 0.169792 0.628125 0.322917 0.064583
0 0.214583 0.676042 0.2875 0.064583
0 0.095833 0.879167 0.183333 0.220833
0 0.255208 0.736458 0.272917 0.097917
0 0.327083 0.807292 0.289583 0.10625
0 0.396875 0.865625 0.245833 0.10625
0 0.441667 0.928125 0.30625 0.097917
0 0.605208 0.726042 0.183333 0.202083
0 0.870833 0.85625 0.160417 0.20625
1 0.917708 0.714583 0.097917 0.0625
0 0.740625 0.664583 0.127083 0.139583
0 0.408333 0.4875 0.202083 0.264583
0 0.579167 0.511458 0.177083 0.283333
0 0.684375 0.434375 0.208333 0.208333
0 0.478125 0.166667 0.26875 0.116667
0 0.719792 0.247917 0.0875 0.139583
0 0.853125 0.39375 0.058333 0.120833
0 0.803125 0.345833 0.0625 0.15
0 0.898958 0.458333 0.06875 0.125
1 0.95625 0.541667 0.058333 0.120833
