0 0.558333 0.478125 0.179167 0.2125
0 0.56875 0.661458 0.179167 0.19375
0 0.932292 0.50625 0.064583 0.1125
0 0.726042 0.257292 0.064583 0.110417
0 0.589583 0.273958 0.13125 0.091667
0 0.633333 0.358333 0.13125 0.083333
0 0.09375 0.736458 0.091667 0.102083
0 0.666667 0.79375 0.095833 0.083333
0 0.44375 0.94375 0.26875 0.079167
0 0.405208 0.8875 0.25625 0.0875
0 0.336458 0.810417 0.260417 0.110417
0 0.323958 0.75 0.160417 0.0625
0 0.23125 0.688542 0.25 0.102083
0 0.214583 0.633333 0.260417 0.079167
1 0.81875 0.353125 0.04375 0.058333
1 0.821875 0.498958 0.079167 0.083333
1 0.936458 0.758333 0.095833 0.05
1 0.5875 0.188542 0.097917 0.06875
