1 0.778125 0.910417 0.095833 0.110417
0 0.601042 0.665625 0.160417 0.06875
0 0.717708 0.551042 0.097917 0.179167
1 0.529167 0.33125 0.091667 0.0875
1 0.376042 0.4 0.0875 0.047917
1 0.423958 0.457292 0.095833 0.079167
0 0.409375 0.632292 0.20625 0.239583
0 0.311458 0.717708 0.216667 0.23125
0 0.132292 0.476042 0.20625 0.220833
0 0.060417 0.167708 0.1125 0.077083
0 0.101042 0.232292 0.091667 0.102083
0 0.169792 0.314583 0.13125 0.077083
0 0.235417 0.209375 0.13125 0.0875
0 0.189583 0.15625 0.127083 0.06875
0 0.163542 0.1125 0.127083 0.083333
0 0.127083 0.067708 0.15 0.077083
1 0.407292 0.154167 0.047917 0.110417
1 0.359375 0.095833 0.083333 0.125
