1 0.089583 0.125 0.095833 0.08125
1 0.135417 0.723958 0.110417 0.097917
1 0.294792 0.627083 0.095833 0.10625
1 0.36875 0.523958 0.091667 0.129167
1 0.457292 0.438542 0.1 0.114583
1 0.113542 0.339583 0.13125 0.108333
1 0.317708 0.407292 0.108333 0.095833
1 0.3375 0.36875 0.108333 0.075
1 0.346875 0.323958 0.120833 0.091667
1 0.378125 0.241667 0.122917 0.09375
1 0.386458 0.186458 0.1 0.070833
1 0.609375 0.572917 0.139583 0.083333
1 0.651042 0.483333 0.104167 0.083333
1 0.848958 0.561458 0.1125 0.077083
1 0.947917 0.589583 0.091667 0.079167
1 0.810417 0.684375 0.095833 0.08125
1 0.905208 0.71875 0.108333 0.075
1 0.786458 0.773958 0.11875 0.083333
1 0.8625 0.860417 0.1125 0.095833
