1 0.158333 0.195833 0.13125 0.10625
1 0.101042 0.222917 0.097917 0.102083
1 0.291667 0.414583 0.139583 0.083333
1 0.280208 0.460417 0.145833 0.079167
1 0.327083 0.373958 0.1125 0.091667
1 0.341667 0.33125 0.127083 0.0875
1 0.351042 0.2875 0.125 0.0875
1 0.363542 0.239583 0.120833 0.0875
1 0.378125 0.198958 0.127083 0.0875
1 0.391667 0.148958 0.145833 0.083333
1 0.647917 0.469792 0.14375 0.097917
1 0.621875 0.521875 0.135417 0.083333
1 0.6 0.608333 0.14375 0.110417
1 0.585417 0.658333 0.14375 0.1125
1 0.822917 0.642708 0.110417 0.083333
1 0.957292 0.586458 0.083333 0.064583
1 0.933333 0.6375 0.125 0.102083
0 0.810417 0.773958 0.179167 0.145833
1 0.758333 0.8625 0.127083 0.072917
1 0.866667 0.892708 0.139583 0.095833
1 0.854167 0.94375 0.127083 0.0875
