1 0.86875 0.81875 0.2125 0.091667
1 0.866667 0.7375 0.14375 0.077083
1 0.785417 0.639583 0.254167 0.13125
1 0.80625 0.54375 0.235417 0.116667
1 0.751042 0.4625 0.183333 0.0875
1 0.703125 0.385417 0.20625 0.110417
1 0.711458 0.297917 0.164583 0.10625
1 0.651042 0.19375 0.220833 0.095833
1 0.641667 0.095833 0.202083 0.097917
1 0.452083 0.897917 0.145833 0.13125
1 0.453125 0.773958 0.158333 0.10625
1 0.402083 0.644792 0.164583 0.15
1 0.348958 0.545833 0.145833 0.127083
1 0.282292 0.395833 0.191667 0.16875
1 0.265625 0.280208 0.14375 0.14375
1 0.2375 0.1125 0.145833 0.197917
