0 0.713542 0.142708 0.114583 0.266667
0 0.640625 0.145833 0.097917 0.1375
0 0.6 0.270833 0.0875 0.15625
0 0.542708 0.3125 0.127083 0.252083
0 0.472917 0.397917 0.079167 0.116667
0 0.433333 0.464583 0.1 0.2125
0 0.366667 0.526042 0.095833 0.235417
0 0.325 0.626042 0.125 0.26875
0 0.261458 0.716667 0.127083 0.297917
0 0.507292 0.858333 0.20625 0.24375
0 0.508333 0.579167 0.208333 0.235417
1 0.94375 0.479167 0.060417 0.072917
1 0.907292 0.5125 0.052083 0.085417
1 0.9375 0.785417 0.10625 0.058333
1 0.915625 0.829167 0.089583 0.047917
1 0.890625 0.872917 0.095833 0.064583
1 0.857292 0.922917 0.0875 0.0375
1 0.638542 0.898958 0.060417 0.0875
1 0.682292 0.869792 0.054167 0.0625
1 0.73125 0.942708 0.1125 0.072917
0 0.644792 0.667708 0.070833 0.116667
0 0.71875 0.561458 0.083333 0.11875
1 0.80625 0.421875 0.058333 0.108333
1 0.414583 0.05625 0.089583 0.10625
