0 0.184375 0.55 0.135417 0.258333
0 0.24375 0.453125 0.125 0.239583
0 0.38125 0.253125 0.127083 0.25
0 0.576042 0.1875 0.085417 0.2375
0 0.6125 0.364583 0.18125 0.227083
0 0.230208 0.753125 0.195833 0.239583
1 0.9375 0.079167 0.066667 0.102083
1 0.930208 0.402083 0.091667 0.05
1 0.941667 0.691667 0.06875 0.08125
1 0.813542 0.611458 0.09375 0.052083
1 0.916667 0.444792 0.085417 0.047917
1 0.59375 0.653125 0.070833 0.085417
1 0.439583 0.857292 0.070833 0.06875
1 0.409375 0.891667 0.070833 0.08125
1 0.388542 0.934375 0.070833 0.089583
1 0.503125 0.775 0.06875 0.089583
1 0.5375 0.722917 0.066667 0.075
1 0.476042 0.795833 0.075 0.09375
1 0.252083 0.857292 0.10625 0.104167
1 0.578125 0.93125 0.102083 0.052083
