1 0.776042 0.033333 0.077083 0.05
1 0.764583 0.066667 0.10625 0.033333
1 0.759375 0.1125 0.091667 0.022917
1 0.745833 0.145833 0.110417 0.04375
0 0.613542 0.344792 0.25625 0.127083
0 0.386458 0.483333 0.185417 0.204167
0 0.871875 0.484375 0.152083 0.197917
0 0.744792 0.513542 0.208333 0.220833
0 0.222917 0.673958 0.183333 0.225
0 0.653125 0.777083 0.202083 0.227083
0 0.525 0.786458 0.202083 0.2375
0 0.332292 0.761458 0.102083 0.25625
0 0.290625 0.8125 0.1 0.289583
0 0.244792 0.865625 0.095833 0.227083
1 0.746875 0.923958 0.079167 0.1125
