0 0.380208 0.232292 0.133333 0.24375
0 0.323958 0.3 0.11875 0.24375
0 0.275 0.347917 0.13125 0.245833
0 0.2375 0.446875 0.120833 0.235417
0 0.170833 0.516667 0.135417 0.25
0 0.113542 0.563542 0.091667 0.139583
0 0.094792 0.666667 0.125 0.247917
0 0.394792 0.673958 0.21875 0.25
0 0.579167 0.414583 0.116667 0.164583
0 0.7625 0.130208 0.183333 0.216667
0 0.789583 0.628125 0.1125 0.095833
0 0.959375 0.695833 0.070833 0.125
1 0.642708 0.267708 0.079167 0.058333
1 0.228125 0.875 0.077083 0.079167
1 0.38125 0.93125 0.0625 0.08125
