1 0.530208 0.026042 0.091667 0.047917
1 0.494792 0.059375 0.0875 0.039583
1 0.473958 0.104167 0.085417 0.054167
1 0.447917 0.145833 0.070833 0.041667
1 0.394792 0.189583 0.077083 0.05
1 0.340625 0.261458 0.147917 0.064583
1 0.233333 0.132292 0.060417 0.08125
1 0.208333 0.1875 0.06875 0.08125
1 0.163542 0.227083 0.066667 0.08125
1 0.088542 0.354167 0.075 0.077083
1 0.15 0.571875 0.104167 0.052083
1 0.120833 0.610417 0.077083 0.0375
1 0.094792 0.653125 0.072917 0.052083
1 0.061458 0.702083 0.0875 0.041667
