0 0.663542 0.189583 0.1375 0.289583
0 0.605208 0.251042 0.110417 0.25
0 0.55625 0.311458 0.11875 0.247917
0 0.490625 0.438542 0.13125 0.2375
0 0.79375 0.44375 0.16875 0.220833
0 0.81875 0.222917 0.208333 0.295833
0 0.622917 0.678125 0.195833 0.23125
0 0.64375 0.458333 0.204167 0.245833
0 0.395833 0.580208 0.114583 0.279167
0 0.435417 0.471875 0.120833 0.21875
0 0.340625 0.623958 0.122917 0.185417
0 0.264583 0.694792 0.1 0.23125
0 0.221875 0.808333 0.11875 0.266667
1 0.820833 0.955208 0.11875 0.06875
1 0.6875 0.878125 0.072917 0.114583
