0 0.071484 0.153402 0.032164 0.060198
0 0.065883 0.185785 0.028189 0.046913
0 0.058655 0.214639 0.027466 0.045668
0 0.055041 0.244530 0.031803 0.051480
0 0.051969 0.255532 0.029273 0.051065
0 0.043115 0.298916 0.031803 0.050650
0 0.038959 0.310126 0.029996 0.051480
0 0.036068 0.322788 0.028550 0.048574
0 0.031189 0.335451 0.031080 0.055632
0 0.027033 0.368456 0.029273 0.056047
0 0.118285 0.114169 0.046258 0.030722
0 0.128404 0.165234 0.041922 0.040686
0 0.134728 0.172915 0.043006 0.035289
0 0.115936 0.233944 0.043728 0.036119
0 0.112864 0.253456 0.041199 0.044422
0 0.148642 0.270685 0.043367 0.038195
0 0.091000 0.355794 0.046620 0.044837
0 0.130391 0.355794 0.050956 0.044837
0 0.123344 0.382779 0.044090 0.037365
0 0.203212 0.079088 0.047704 0.030307
0 0.249831 0.060198 0.045535 0.026570
0 0.175746 0.132852 0.049149 0.037365
0 0.173758 0.147175 0.043006 0.036949
0 0.169783 0.162536 0.042283 0.032798
0 0.170325 0.174991 0.041199 0.035289
0 0.306408 0.042977 0.043612 0.021603
0 0.371826 0.031026 0.053615 0.017926
0 0.118465 0.467887 0.016985 0.053971
0 0.127319 0.480965 0.012287 0.055217
0 0.145389 0.501308 0.014456 0.053556
0 0.153159 0.513347 0.012649 0.051065
0 0.161290 0.513555 0.010842 0.053141
0 0.172493 0.545315 0.011565 0.031967
0 0.172313 0.513140 0.011926 0.034874
0 0.185865 0.553411 0.014456 0.054801
0 0.252903 0.537634 0.047342 0.026570
0 0.237002 0.141985 0.028550 0.043177
0 0.225257 0.195541 0.029634 0.049819
0 0.223450 0.211940 0.029634 0.048574
0 0.209898 0.265703 0.032164 0.049819
0 0.201586 0.307220 0.029273 0.048989
0 0.195803 0.317184 0.026382 0.043177
0 0.201405 0.381326 0.045535 0.039440
0 0.199417 0.396479 0.045897 0.037365
0 0.195984 0.411218 0.041199 0.028646
0 0.201947 0.431976 0.040837 0.039440
0 0.270792 0.147590 0.026743 0.048574
0 0.266275 0.177274 0.028550 0.048989
0 0.261757 0.206751 0.027466 0.049819
0 0.258143 0.218790 0.029634 0.046498
0 0.254710 0.232906 0.028550 0.048159
0 0.254530 0.249720 0.030357 0.048574
0 0.353732 0.065596 0.043006 0.031552
0 0.395292 0.071200 0.043728 0.036119
0 0.350299 0.083032 0.043367 0.034043
0 0.381017 0.117076 0.040476 0.038195
0 0.387522 0.128700 0.039030 0.035704
0 0.335481 0.157969 0.041922 0.030307
0 0.328615 0.176444 0.043367 0.033213
0 0.321568 0.205505 0.040837 0.034043
0 0.315605 0.221074 0.044090 0.032798
0 0.311810 0.237472 0.041560 0.034043
0 0.368730 0.196787 0.041922 0.039025
0 0.359333 0.225225 0.046981 0.033628
0 0.355539 0.239133 0.043006 0.034043
0 0.353912 0.255324 0.050595 0.035704
0 0.358611 0.322788 0.046981 0.022004
0 0.410290 0.338149 0.046258 0.023664
0 0.456367 0.351227 0.041560 0.023249
0 0.514732 0.367211 0.043367 0.022004
0 0.566773 0.382156 0.046981 0.026155
0 0.270611 0.377382 0.019877 0.053971
0 0.287597 0.380288 0.018431 0.054801
0 0.303498 0.388176 0.020599 0.046498
0 0.347046 0.394819 0.020238 0.057292
0 0.354997 0.402292 0.020961 0.055632
0 0.258324 0.461245 0.019154 0.051480
0 0.269166 0.462283 0.022768 0.054386
0 0.285429 0.466849 0.020599 0.054386
0 0.297897 0.472454 0.023852 0.054801
0 0.307835 0.482625 0.017708 0.055217
0 0.320122 0.478889 0.021322 0.054386
0 0.335120 0.487607 0.023129 0.054386
0 0.423480 0.668410 0.022768 0.053141
0 0.494855 0.695603 0.026020 0.058538
0 0.598756 0.167933 0.016985 0.049404
0 0.614296 0.185577 0.027827 0.068087
0 0.627486 0.192635 0.026743 0.071408
0 0.654772 0.201353 0.021322 0.052310
0 0.664168 0.206543 0.024936 0.047744
0 0.686032 0.221489 0.023852 0.049404
0 0.617513 0.296547 0.020539 0.050408
0 0.626071 0.323538 0.015249 0.024310
0 0.631361 0.296547 0.017738 0.029673
0 0.658124 0.296010 0.026452 0.052910
0 0.669016 0.327113 0.025207 0.050050
0 0.682865 0.326219 0.025518 0.048263
0 0.693445 0.332118 0.029875 0.057915
0 0.659419 0.645217 0.028008 0.048048
0 0.646722 0.697984 0.019045 0.053196
0 0.679025 0.628915 0.026141 0.052338
0 0.692095 0.631703 0.028381 0.049335
0 0.698630 0.645431 0.022780 0.045045
0 0.709273 0.647362 0.029128 0.047190
0 0.720103 0.658730 0.032863 0.035607
0 0.729252 0.664093 0.039211 0.041184
0 0.736347 0.670742 0.039958 0.039039
0 0.745123 0.677177 0.038838 0.039039
0 0.752219 0.682754 0.038091 0.037323
0 0.761741 0.685972 0.042945 0.037752
0 0.766969 0.694766 0.039958 0.033891
0 0.772758 0.702917 0.038838 0.036465
0 0.782654 0.705706 0.039958 0.039468
0 0.789562 0.711497 0.039585 0.037323
0 0.798152 0.717503 0.039585 0.039039
0 0.802446 0.726941 0.039211 0.038181
0 0.723837 0.701845 0.041825 0.037752
0 0.819624 0.737237 0.040705 0.040755
0 0.827280 0.743458 0.038091 0.037752
0 0.842031 0.753110 0.041452 0.039039
0 0.847819 0.761261 0.041078 0.037323
0 0.855288 0.768125 0.038838 0.038181
0 0.873399 0.775204 0.039958 0.038610
0 0.880868 0.781853 0.040705 0.039039
0 0.887964 0.789790 0.036970 0.039468
0 0.896366 0.793651 0.041078 0.039468
0 0.902714 0.800515 0.038838 0.037752
0 0.909436 0.806735 0.039585 0.039897
0 0.915038 0.815530 0.040331 0.037752
0 0.920453 0.823681 0.037717 0.037752
0 0.928108 0.827542 0.040331 0.038610
0 0.939498 0.846203 0.041452 0.042471
0 0.948461 0.851995 0.041452 0.037752
0 0.951822 0.862505 0.029502 0.033891
0 0.850993 0.809524 0.039958 0.036894
0 0.892445 0.866795 0.028008 0.045903
0 0.969000 0.972329 0.018298 0.024453
0 0.669128 0.762977 0.017552 0.051051
0 0.678838 0.761905 0.017552 0.051480
0 0.697883 0.766409 0.018298 0.049335
0 0.705352 0.774989 0.019045 0.050193
0 0.712634 0.780995 0.020166 0.052767
0 0.728505 0.795367 0.017552 0.054054
0 0.738588 0.796654 0.016805 0.049764
0 0.745310 0.803518 0.014564 0.043758
0 0.751472 0.812312 0.017178 0.051051
0 0.760061 0.813599 0.015684 0.056199
0 0.766223 0.824968 0.014564 0.045474
0 0.774812 0.830545 0.017552 0.050622
0 0.781907 0.837623 0.019045 0.049335
0 0.788629 0.845131 0.017552 0.053196
0 0.797591 0.849635 0.017552 0.050193
0 0.808608 0.847919 0.012697 0.051051
0 0.813089 0.858859 0.017925 0.050622
0 0.820371 0.865508 0.022033 0.054483
0 0.829520 0.869798 0.017178 0.051909
0 0.844458 0.880309 0.017925 0.053196
0 0.850433 0.891034 0.017178 0.049764
0 0.859022 0.899399 0.017925 0.052767
0 0.866117 0.905191 0.017925 0.048906
0 0.873586 0.908408 0.020913 0.051909
0 0.883856 0.910339 0.015311 0.054054
0 0.691535 0.806306 0.043692 0.036465
0 0.740829 0.842342 0.043692 0.039039
0 0.789936 0.880309 0.041825 0.037752
0 0.895993 0.965465 0.023900 0.024453
0 0.868731 0.985414 0.027634 0.029172
0 0.856968 0.981338 0.027261 0.036465
0 0.793484 0.913127 0.040705 0.040755
0 0.784708 0.919991 0.038091 0.036465
0 0.783961 0.932861 0.037344 0.035607
0 0.781160 0.945088 0.036970 0.035178