0 0.213376 0.134343 0.036649 0.085242
0 0.228994 0.140757 0.036895 0.079035
0 0.263061 0.066067 0.054359 0.027310
0 0.192960 0.067515 0.053867 0.026069
0 0.127287 0.012137 0.049931 0.024274
0 0.201323 0.012687 0.061738 0.021517
0 0.167626 0.298412 0.019923 0.087311
0 0.182630 0.297791 0.021891 0.086897
0 0.206981 0.300274 0.022875 0.076966
0 0.220386 0.294895 0.026072 0.094345
0 0.234529 0.292412 0.029270 0.100138
0 0.246581 0.295722 0.029762 0.100138
0 0.271055 0.300688 0.028532 0.096000
0 0.305244 0.320343 0.037879 0.094759
0 0.286920 0.143446 0.032222 0.082759
0 0.300202 0.142619 0.029270 0.083586
0 0.326643 0.125653 0.036403 0.090207
0 0.337957 0.125860 0.032468 0.088138
0 0.361803 0.124243 0.027357 0.068782
0 0.373076 0.132082 0.027056 0.085471
0 0.384500 0.132335 0.032468 0.094069
0 0.406445 0.136886 0.033069 0.089012
0 0.421627 0.136633 0.027357 0.097609
0 0.459055 0.158128 0.031265 0.090023
0 0.478896 0.164955 0.030664 0.107724
0 0.490771 0.165714 0.026756 0.096092
0 0.405393 0.066082 0.057419 0.029333
0 0.561267 0.046104 0.056518 0.048046
0 0.328079 0.326254 0.035086 0.083693
0 0.335149 0.345636 0.036133 0.088098
0 0.349026 0.345856 0.040323 0.092943
0 0.355965 0.363035 0.032729 0.080610
0 0.369318 0.365458 0.036919 0.088979
0 0.378875 0.376690 0.038228 0.087658
0 0.385421 0.387702 0.039275 0.085015
0 0.412783 0.391226 0.041108 0.092943
0 0.419329 0.411048 0.037442 0.086777
0 0.436741 0.429329 0.036657 0.086336
0 0.426660 0.425805 0.030111 0.075764
0 0.453760 0.424043 0.043465 0.096908
0 0.455331 0.452014 0.040323 0.091181
0 0.469863 0.457300 0.037442 0.091181
0 0.480991 0.470514 0.033515 0.090301
0 0.493559 0.479324 0.035086 0.087658
0 0.501414 0.496063 0.039799 0.096467
0 0.515815 0.514343 0.035086 0.083693
0 0.530085 0.541654 0.041108 0.091622
0 0.539511 0.555970 0.035348 0.084134
0 0.544879 0.572048 0.038228 0.085455
0 0.552603 0.587024 0.040061 0.090741
0 0.563469 0.624906 0.038752 0.084574
0 0.575644 0.651776 0.039537 0.088979
0 0.580750 0.686355 0.040846 0.089420
0 0.591616 0.698468 0.038490 0.090741
0 0.602613 0.709040 0.037966 0.089860
0 0.613872 0.718290 0.036919 0.088098
0 0.623167 0.729303 0.025136 0.065193
0 0.632200 0.738773 0.039537 0.089420
0 0.653802 0.755071 0.035610 0.087658
0 0.664799 0.762560 0.042417 0.100872
0 0.674094 0.786126 0.034824 0.093384
0 0.691375 0.789650 0.037442 0.088979
0 0.698837 0.812115 0.034562 0.087217
0 0.715202 0.808811 0.034300 0.093824
0 0.750812 0.856824 0.056818 0.063871
0 0.826351 0.930166 0.052891 0.066074
0 0.840228 0.915850 0.054462 0.066514
0 0.852535 0.902415 0.049749 0.062550
0 0.878456 0.907701 0.048701 0.062550
0 0.886180 0.892284 0.050534 0.067836
0 0.910662 0.874444 0.039275 0.106158
0 0.909615 0.306432 0.061269 0.045811
0 0.832242 0.256656 0.055247 0.055502
0 0.508614 0.179350 0.024351 0.092943
0 0.521706 0.174946 0.029064 0.096467
0 0.539511 0.186839 0.029064 0.089420
0 0.552079 0.195428 0.029587 0.095146
0 0.564647 0.199393 0.033777 0.095146
0 0.571324 0.218774 0.027755 0.082812
0 0.586118 0.223620 0.032206 0.093384
0 0.596853 0.240579 0.034300 0.093824
0 0.613741 0.247626 0.030897 0.080610
0 0.632724 0.256877 0.037966 0.088539
0 0.624345 0.082002 0.055247 0.054180
0 0.604577 0.142129 0.054462 0.056383
0 0.543046 0.103366 0.058127 0.042287
0 0.651838 0.494521 0.063102 0.029953
0 0.661395 0.527558 0.059698 0.029072
0 0.669250 0.563898 0.058127 0.021584
0 0.673570 0.583500 0.059437 0.022025
0 0.724235 0.635698 0.034562 0.092943
0 0.760761 0.726439 0.034300 0.095586
0 0.692641 0.139430 0.051948 0.055531
0 0.468074 0.080712 0.051948 0.030952