0 0.414980 0.156255 0.012242 0.035310
0 0.408400 0.162030 0.011324 0.034980
0 0.400136 0.162030 0.011936 0.035640
0 0.377029 0.186450 0.012242 0.034320
0 0.360196 0.195195 0.012854 0.042570
0 0.345352 0.208065 0.011936 0.033330
0 0.314746 0.229515 0.013773 0.037950
0 0.298678 0.243045 0.011630 0.035310
0 0.252005 0.279840 0.013160 0.038280
0 0.235172 0.287925 0.014385 0.036630
0 0.197833 0.327030 0.010712 0.036300
0 0.190335 0.328350 0.013466 0.036960
0 0.517662 0.165660 0.035196 0.011880
0 0.495166 0.167970 0.039175 0.017160
0 0.493789 0.183810 0.033972 0.015180
0 0.480017 0.196020 0.035196 0.013860
0 0.450023 0.215325 0.033360 0.012870
0 0.443902 0.222090 0.033360 0.013200
0 0.429670 0.231990 0.033054 0.015180
0 0.424314 0.238425 0.033360 0.012870
0 0.415286 0.244035 0.033054 0.014850
0 0.410848 0.251295 0.032748 0.012870
0 0.393250 0.262680 0.033666 0.015840
0 0.385292 0.271425 0.038563 0.014850
0 0.368612 0.282150 0.034584 0.015180
0 0.354687 0.295020 0.034278 0.011880
0 0.345046 0.301620 0.035196 0.013200
0 0.333263 0.315315 0.034278 0.013530
0 0.321786 0.320595 0.032748 0.014190
0 0.313675 0.327030 0.033666 0.014520
0 0.304493 0.331980 0.027545 0.011220
0 0.301127 0.337755 0.033666 0.015510
0 0.292863 0.344520 0.033666 0.013860
0 0.282304 0.350130 0.033360 0.015840
0 0.587901 0.230175 0.030606 0.027390
0 0.551787 0.259215 0.033054 0.030690
0 0.446657 0.259380 0.032136 0.027060
0 0.414827 0.282315 0.031524 0.026730
0 0.382385 0.311355 0.029687 0.028050
0 0.303881 0.398310 0.032442 0.028380
0 0.183448 0.413490 0.027851 0.032340
0 0.186968 0.421410 0.027545 0.030360
0 0.190488 0.440055 0.027239 0.028710
0 0.185285 0.455070 0.022342 0.024420
0 0.186050 0.465795 0.024484 0.030690
0 0.190028 0.482790 0.026321 0.030360
0 0.188039 0.497640 0.024791 0.032340
0 0.191253 0.504406 0.026933 0.029370
0 0.189569 0.514966 0.025403 0.032010
0 0.193242 0.523546 0.029687 0.033330
0 0.194007 0.558031 0.025709 0.029040
0 0.191100 0.590206 0.026627 0.032010
0 0.190641 0.602251 0.025097 0.031020
0 0.193701 0.610666 0.028157 0.033330
0 0.141366 0.422235 0.029993 0.027390
0 0.141978 0.450120 0.028769 0.029700
0 0.139223 0.468930 0.028157 0.030360
0 0.143967 0.532291 0.027851 0.029040
0 0.145956 0.544666 0.027545 0.031350
0 0.145038 0.565951 0.026321 0.034980
0 0.147334 0.599611 0.030912 0.030360
0 0.446657 0.589381 0.033360 0.029700
0 0.800610 0.460185 0.028157 0.029370
0 0.746132 0.484935 0.031830 0.025410
0 0.754855 0.494010 0.032136 0.024420
0 0.889367 0.558856 0.029381 0.026070
0 0.523018 0.790351 0.033054 0.029040
0 0.498533 0.688051 0.031830 0.024420
0 0.382844 0.784741 0.028769 0.024420
0 0.381620 0.802726 0.031218 0.028050
0 0.833971 0.700591 0.012242 0.035640
0 0.825554 0.710821 0.012548 0.035640
0 0.804436 0.723361 0.014997 0.044220
0 0.788368 0.733756 0.012242 0.036630
0 0.757610 0.761641 0.013160 0.031680
0 0.727157 0.785566 0.012854 0.037950
0 0.719199 0.791341 0.013466 0.038280
0 0.711854 0.794971 0.012242 0.036960
0 0.697929 0.805036 0.014385 0.035970
0 0.682320 0.820546 0.012548 0.039270
0 0.673597 0.826321 0.010406 0.037620
0 0.666711 0.830281 0.015609 0.036300
0 0.650337 0.841996 0.014691 0.039270
0 0.636564 0.856351 0.012242 0.037620
0 0.627689 0.864436 0.011018 0.033990
0 0.621415 0.868231 0.011324 0.036960
0 0.607183 0.879451 0.013466 0.040920
0 0.859985 0.738871 0.037951 0.013860
0 0.845448 0.750091 0.041930 0.015840
0 0.831063 0.763456 0.035809 0.018150
0 0.785002 0.798436 0.034278 0.014850
0 0.769699 0.810646 0.033666 0.014850
0 0.739858 0.834736 0.034584 0.017490
0 0.718281 0.851236 0.033054 0.016830
0 0.712772 0.859321 0.034890 0.016500
0 0.700683 0.871366 0.033360 0.016170
0 0.648807 0.907006 0.035503 0.011550
0 0.632280 0.919216 0.035503 0.014190
0 0.620802 0.930766 0.032748 0.012870
0 0.612080 0.936211 0.031830 0.013860
0 0.602592 0.942481 0.036727 0.015180
0 0.595094 0.948421 0.032136 0.014520