0 0.327839 0.939488 0.075627 0.072135
0 0.350361 0.925786 0.075071 0.069300
0 0.357868 0.903106 0.073403 0.073710
0 0.372604 0.883261 0.068398 0.064890
0 0.393735 0.873496 0.073959 0.073710
0 0.252490 0.840893 0.112885 0.059535
0 0.432661 0.809551 0.070623 0.073710
0 0.457129 0.771121 0.070623 0.074970
0 0.483264 0.730486 0.072847 0.079380
0 0.494664 0.703868 0.074515 0.071505
0 0.508566 0.689221 0.074515 0.073710
0 0.409583 0.729068 0.065618 0.075915
0 0.330063 0.729698 0.120114 0.057645
0 0.368433 0.661816 0.126787 0.042840
0 0.553609 0.635828 0.072291 0.068355
0 0.578355 0.593618 0.070623 0.070245
0 0.502727 0.601808 0.068398 0.077805
0 0.575296 0.502111 0.081188 0.086310
0 0.696523 0.419108 0.067842 0.072135
0 0.717654 0.408083 0.072291 0.076545
0 0.730722 0.383355 0.072847 0.081270
0 0.680396 0.340673 0.060057 0.072765
0 0.755467 0.345398 0.068954 0.074025
0 0.762418 0.319095 0.075071 0.071820
0 0.779379 0.304763 0.070067 0.076545
0 0.798842 0.288383 0.084525 0.085365
0 0.836934 0.234360 0.078408 0.074340
0 0.848889 0.214200 0.067842 0.069300
0 0.866128 0.201758 0.070067 0.070245
0 0.873635 0.173250 0.069510 0.071820
0 0.890318 0.151515 0.068398 0.072450
0 0.843607 0.122378 0.069510 0.074655