0 0.263675 0.824198 0.091656 0.110565
0 0.196863 0.801833 0.084941 0.092925
0 0.159764 0.766553 0.087292 0.101115
0 0.273244 0.687173 0.083934 0.108675
0 0.354660 0.708436 0.082927 0.115920
0 0.053839 0.687331 0.095014 0.038430
0 0.060051 0.656461 0.095349 0.044100
0 0.104200 0.624646 0.119858 0.042210
0 0.128205 0.596926 0.115494 0.041580
0 0.149357 0.567001 0.118851 0.052920
0 0.164633 0.532193 0.119858 0.046305
0 0.177894 0.501323 0.131609 0.048195
0 0.213314 0.472500 0.107772 0.032760
0 0.236816 0.446828 0.121201 0.038745
0 0.254274 0.419895 0.119187 0.041580
0 0.265354 0.384773 0.118515 0.047565
0 0.295402 0.356423 0.139667 0.043785
0 0.318568 0.326025 0.120194 0.039690
0 0.337705 0.300353 0.114822 0.037485
0 0.111754 0.403673 0.087292 0.121905
0 0.040433 0.506206 0.080866 0.115290
0 0.369768 0.477540 0.085613 0.103950
0 0.539281 0.449631 0.086419 0.110565
0 0.483633 0.410934 0.079872 0.092138
0 0.625045 0.343366 0.082491 0.119165
0 0.566778 0.300983 0.075944 0.110565
0 0.570052 0.202703 0.100822 0.127764
0 0.300975 0.152948 0.086419 0.111794
0 0.243363 0.311425 0.089037 0.119165
0 0.339602 0.199631 0.082491 0.111794
0 0.373645 0.271499 0.119153 0.049140
0 0.401142 0.230344 0.098203 0.035627
0 0.417509 0.201474 0.117844 0.039312
0 0.456136 0.168305 0.119153 0.036855
0 0.466611 0.143120 0.119153 0.040541
0 0.469884 0.119779 0.112606 0.042998
0 0.285263 0.581695 0.102131 0.116708