0 0.663084 0.671056 0.021257 0.044550
0 0.676011 0.667426 0.026428 0.047850
0 0.713786 0.647626 0.033035 0.038610
0 0.722116 0.654226 0.031886 0.037290
0 0.733032 0.663631 0.035908 0.034980
0 0.737341 0.672871 0.035908 0.035640
0 0.747395 0.677821 0.034759 0.032340
0 0.767791 0.696631 0.040504 0.038940
0 0.809300 0.742501 0.038493 0.036960
0 0.841904 0.762631 0.037631 0.036960
0 0.854256 0.768571 0.037057 0.034980
0 0.868763 0.783586 0.037344 0.035970
0 0.879248 0.787216 0.037631 0.034650
0 0.884849 0.797116 0.037344 0.035970
0 0.901941 0.803716 0.037057 0.035970
0 0.906681 0.818731 0.035046 0.040260
0 0.906538 0.835891 0.027290 0.042900
0 0.922624 0.831766 0.032460 0.046530
0 0.929231 0.839521 0.029588 0.039600
0 0.933827 0.848431 0.027290 0.038940
0 0.938998 0.862456 0.018097 0.027390
0 0.932535 0.889516 0.016087 0.021450
0 0.900074 0.937036 0.027002 0.039270
0 0.664951 0.731941 0.042802 0.033000
0 0.670984 0.762301 0.023843 0.049500
0 0.701290 0.774346 0.020108 0.053130
0 0.712637 0.777151 0.020395 0.053460
0 0.726282 0.785896 0.022406 0.046530
0 0.749550 0.800911 0.018959 0.049500
0 0.771525 0.823846 0.018672 0.050490
0 0.780717 0.824506 0.019246 0.050490
0 0.794506 0.841336 0.019821 0.054450
0 0.801257 0.850741 0.021257 0.051480
0 0.816769 0.853546 0.019534 0.047850
0 0.824956 0.864601 0.023268 0.057420
0 0.838170 0.884071 0.018672 0.051480
0 0.852964 0.893806 0.017236 0.052470
0 0.864741 0.889681 0.021832 0.052800
0 0.874077 0.898096 0.020395 0.053130
0 0.763482 0.854206 0.043376 0.043230
0 0.770376 0.917896 0.041078 0.039270
0 0.839175 0.974821 0.033897 0.045540
0 0.851958 0.976801 0.033609 0.044220
0 0.871492 0.979655 0.031311 0.040689
0 0.686496 0.450120 0.022694 0.050160
0 0.614394 0.184140 0.017523 0.055440
0 0.627751 0.183810 0.020108 0.052800
0 0.641540 0.193545 0.026428 0.047850
0 0.704450 0.276870 0.046536 0.025080
0 0.697699 0.334125 0.028439 0.044550
0 0.685922 0.322410 0.024417 0.049500
0 0.676011 0.317790 0.025279 0.049500
0 0.666101 0.313170 0.023268 0.046860
0 0.653030 0.309045 0.018959 0.048510
0 0.623011 0.294525 0.019246 0.047850
0 0.601611 0.292215 0.022406 0.047850
0 0.587966 0.289410 0.022119 0.045540
0 0.638667 0.375870 0.021257 0.054780
0 0.613245 0.757516 0.037631 0.038610
0 0.538988 0.950566 0.049409 0.030690
0 0.519454 0.399795 0.031024 0.015510
0 0.502218 0.357225 0.047685 0.019470
0 0.559814 0.373065 0.045674 0.024090
0 0.532668 0.549781 0.029875 0.049500
0 0.624017 0.464145 0.044238 0.019470
0 0.623730 0.485760 0.038493 0.021120
0 0.613245 0.492360 0.042227 0.021120
0 0.610947 0.501931 0.042802 0.023100
0 0.615112 0.518431 0.043089 0.019800
0 0.611665 0.529486 0.042515 0.020790
0 0.606494 0.549121 0.043089 0.021120
0 0.602472 0.556876 0.041940 0.020130
0 0.606781 0.569086 0.042515 0.019470
0 0.597302 0.577336 0.040791 0.024090
0 0.296971 0.791011 0.043951 0.034320
0 0.389469 0.856516 0.041078 0.033330
0 0.439021 0.888856 0.044238 0.033330
0 0.483259 0.916906 0.044813 0.033990
0 0.403688 0.285945 0.022981 0.052470
0 0.417189 0.331650 0.047111 0.022440
0 0.441463 0.390225 0.027290 0.016830
0 0.355572 0.366795 0.045674 0.024750
0 0.344656 0.428835 0.023843 0.047850
0 0.324691 0.476685 0.020108 0.048510
0 0.316217 0.471405 0.022119 0.051150
0 0.307025 0.473220 0.018097 0.050160
0 0.300131 0.466290 0.018672 0.050820
0 0.288927 0.470085 0.019246 0.051150
0 0.276288 0.459525 0.021545 0.052470
0 0.263505 0.460185 0.016087 0.051150
0 0.266665 0.403590 0.019534 0.048840
0 0.277293 0.406395 0.018959 0.045870
0 0.346523 0.064350 0.040216 0.030360
0 0.358301 0.205095 0.037344 0.030690
0 0.358301 0.216645 0.036195 0.032010
0 0.353848 0.233310 0.047973 0.036960
0 0.355428 0.244530 0.042515 0.031020
0 0.312196 0.225720 0.039355 0.031680
0 0.112262 0.608851 0.022119 0.034980
0 0.169427 0.520576 0.016374 0.057090
0 0.142568 0.490050 0.017236 0.049500
0 0.203324 0.451935 0.042802 0.027390
0 0.186663 0.430650 0.039929 0.033660
0 0.190828 0.414645 0.040791 0.031350
0 0.197291 0.399300 0.041078 0.032340
0 0.194562 0.388740 0.040216 0.034980
0 0.199877 0.286110 0.028439 0.046200
0 0.204473 0.272415 0.025566 0.047190
0 0.211223 0.246015 0.024130 0.042570
0 0.210362 0.226215 0.025853 0.045210
0 0.239519 0.265320 0.029588 0.052800
0 0.246269 0.255585 0.027002 0.045210
0 0.248855 0.242220 0.028152 0.051480
0 0.252158 0.227535 0.030162 0.045210
0 0.256611 0.215325 0.028726 0.048510
0 0.238082 0.117480 0.033035 0.047520
0 0.280310 0.107085 0.029588 0.050490
0 0.285768 0.089595 0.027290 0.037950
0 0.261925 0.045375 0.043951 0.027390
0 0.173592 0.127050 0.041940 0.033660
0 0.133807 0.165165 0.043376 0.032010
0 0.154777 0.209385 0.041078 0.034650
0 0.099048 0.294195 0.041078 0.034650
0 0.117289 0.387585 0.040791 0.037290
0 0.065439 0.339900 0.031311 0.046860
0 0.029387 0.328515 0.029301 0.051150
0 0.025509 0.360195 0.024417 0.052470