0 0.650363 0.117344 0.123455 0.056022
0 0.521663 0.162011 0.121035 0.068135
0 0.605580 0.225982 0.132331 0.026497
0 0.414749 0.257779 0.087952 0.085548
0 0.473652 0.279355 0.075041 0.086305
0 0.325990 0.372852 0.078269 0.090090
0 0.243283 0.483004 0.087145 0.102960
0 0.168645 0.579151 0.089566 0.102960
0 0.086745 0.670376 0.085531 0.103717
0 0.035104 0.768037 0.061324 0.121887
0 0.396997 0.384208 0.057290 0.085548
0 0.351811 0.447422 0.065359 0.077220
0 0.277576 0.531077 0.096021 0.097661
0 0.199711 0.632902 0.083917 0.099932
0 0.128300 0.711257 0.076655 0.109774
0 0.535783 0.259671 0.063745 0.034825
0 0.543449 0.281626 0.122648 0.033311
0 0.525697 0.308880 0.121035 0.034825
0 0.503104 0.346355 0.130717 0.053751
0 0.479704 0.383829 0.117807 0.046938
0 0.445007 0.429253 0.124262 0.039367
0 0.424028 0.459914 0.138786 0.034068
0 0.390542 0.484897 0.113773 0.040124
0 0.364721 0.525021 0.128297 0.037096
0 0.355442 0.546976 0.119421 0.041638
0 0.353828 0.571580 0.112966 0.034825
0 0.325183 0.598834 0.117000 0.037853
0 0.289680 0.636687 0.121842 0.042395
0 0.264666 0.668484 0.120228 0.036339
0 0.240862 0.692710 0.121035 0.042395
0 0.195273 0.729427 0.118614 0.040124
0 0.186800 0.754031 0.122648 0.037853
0 0.149280 0.789992 0.121842 0.044667
0 0.219480 0.812703 0.104090 0.099175
0 0.680218 0.326671 0.100862 0.109774
0 0.671342 0.409191 0.083110 0.102203
0 0.732666 0.448936 0.091179 0.102960
0 0.584601 0.450829 0.088759 0.106745
0 0.585811 0.520857 0.089566 0.109017
0 0.521663 0.619653 0.082304 0.109774
0 0.472039 0.600727 0.089566 0.105231
0 0.653994 0.551139 0.082304 0.090847
0 0.390542 0.698766 0.086338 0.093875
0 0.432904 0.719207 0.088759 0.096904
0 0.311466 0.794156 0.099248 0.095390
0 0.345356 0.830873 0.094407 0.100689
0 0.233600 0.899008 0.095214 0.096147
0 0.453883 0.811568 0.093600 0.113559
0 0.370369 0.931940 0.065359 0.113559