0 0.238623 0.206135 0.106640 0.030459
0 0.254670 0.234020 0.105605 0.030459
0 0.275377 0.273488 0.105605 0.030459
0 0.300225 0.303518 0.130453 0.035607
0 0.312132 0.328185 0.104569 0.035178
0 0.319897 0.342557 0.105605 0.029601
0 0.351992 0.372587 0.099392 0.032175
0 0.372699 0.413342 0.107675 0.033033
0 0.399618 0.440798 0.109746 0.029601
0 0.399618 0.465465 0.101463 0.035178
0 0.410489 0.479193 0.106640 0.032604
0 0.427054 0.505148 0.102499 0.034749
0 0.426537 0.515873 0.120099 0.033033
0 0.455008 0.547190 0.114923 0.039039