0 0.110909 0.164282 0.028768 0.019684
0 0.147627 0.174502 0.044667 0.017412
0 0.226361 0.194564 0.043152 0.021198
0 0.267621 0.206299 0.043909 0.024983
0 0.308502 0.214626 0.037853 0.015898
0 0.391400 0.236203 0.044667 0.022712
0 0.702930 0.286926 0.037853 0.037853
0 0.733591 0.327807 0.044667 0.027254
0 0.840573 0.057647 0.034320 0.031639
0 0.840305 0.108859 0.019841 0.019305
0 0.746193 0.183666 0.040755 0.023059
0 0.516451 0.089430 0.014850 0.042900
0 0.508036 0.097515 0.013200 0.044550
0 0.498795 0.105270 0.011880 0.039600
0 0.489555 0.108735 0.011880 0.047850
0 0.481800 0.118635 0.010890 0.040590
0 0.473550 0.124740 0.014190 0.038940
0 0.463815 0.132330 0.014520 0.038280
0 0.544831 0.120285 0.039270 0.011550
0 0.533116 0.127875 0.045540 0.015510
0 0.527341 0.133155 0.037290 0.015510
0 0.515131 0.141405 0.035970 0.013530
0 0.511171 0.148830 0.041250 0.013200
0 0.498795 0.153615 0.033660 0.012870
0 0.826486 0.083985 0.023760 0.018810
0 0.897106 0.583111 0.023760 0.033000
0 0.865921 0.570736 0.029370 0.038610
0 0.827146 0.559846 0.030360 0.038610
0 0.797776 0.550441 0.022440 0.037620
0 0.759826 0.541696 0.021120 0.032010
0 0.748111 0.538726 0.022770 0.027390
0 0.738541 0.534271 0.023430 0.039600
0 0.718906 0.527176 0.022440 0.031350
0 0.761311 0.518926 0.040590 0.019470
0 0.697456 0.519586 0.023760 0.036630
0 0.691681 0.522061 0.022770 0.039600
0 0.672541 0.515791 0.024090 0.035640
0 0.661816 0.511336 0.019140 0.033330
0 0.647296 0.507706 0.027720 0.047190
0 0.629476 0.501766 0.017160 0.029370
0 0.620896 0.500281 0.022440 0.038940
0 0.611161 0.495330 0.022110 0.036960
0 0.602746 0.495000 0.023760 0.036300
0 0.590371 0.489225 0.021450 0.034650
0 0.576676 0.480975 0.022440 0.034650
0 0.568591 0.478170 0.020130 0.029040
0 0.557371 0.477510 0.022110 0.036960
0 0.542851 0.475035 0.023430 0.037290
0 0.529486 0.471405 0.026400 0.037950
0 0.512491 0.465300 0.022770 0.036960
0 0.501601 0.461835 0.022110 0.035310
0 0.493350 0.464145 0.026730 0.041250
0 0.532291 0.447975 0.044550 0.024750
0 0.470415 0.454410 0.027060 0.034980
0 0.450945 0.445005 0.019800 0.032670
0 0.442695 0.443025 0.020460 0.032670
0 0.431475 0.438900 0.019800 0.033000
0 0.422235 0.437910 0.022440 0.031680
0 0.410685 0.433785 0.023100 0.035970
0 0.402930 0.432795 0.020130 0.036630
0 0.392205 0.426195 0.025080 0.035310
0 0.379335 0.423885 0.021120 0.030690
0 0.365640 0.419925 0.024750 0.032670
0 0.356070 0.419925 0.020790 0.034650
0 0.345015 0.415635 0.024420 0.038610
0 0.333795 0.411675 0.021120 0.033330
0 0.323565 0.406725 0.024420 0.033990
0 0.313335 0.404085 0.024420 0.035310
0 0.303105 0.400785 0.024420 0.036630
0 0.292215 0.399135 0.025080 0.035970
0 0.300630 0.381810 0.037290 0.024420
0 0.341880 0.391215 0.035970 0.019470
0 0.456720 0.425370 0.036630 0.019800
0 0.276010 0.448363 0.025740 0.034784
0 0.286967 0.452364 0.022609 0.033045
0 0.293228 0.446798 0.019131 0.034436
0 0.304880 0.456190 0.023653 0.043480
0 0.320707 0.467495 0.021218 0.025044
0 0.326968 0.463147 0.022609 0.033740
0 0.336533 0.463668 0.022262 0.033392
0 0.346273 0.464712 0.019479 0.039654
0 0.365404 0.473930 0.024349 0.041393
0 0.375317 0.476017 0.022609 0.039306
0 0.386970 0.481060 0.022957 0.038262
0 0.393579 0.479147 0.022262 0.037219
0 0.404884 0.483843 0.020522 0.032001
0 0.414275 0.485756 0.021914 0.033740
0 0.426450 0.493235 0.022609 0.034088
0 0.435493 0.494278 0.023305 0.036175
0 0.452885 0.499670 0.023305 0.035827
0 0.464016 0.502800 0.021914 0.035132
0 0.473408 0.506105 0.022609 0.039654
0 0.483843 0.509583 0.020522 0.036175
0 0.495322 0.513757 0.021914 0.034088
0 0.504539 0.516540 0.020175 0.031305
0 0.513757 0.520714 0.024697 0.034784
0 0.524366 0.522279 0.021566 0.031653
0 0.543845 0.528018 0.025740 0.037567
0 0.554106 0.529931 0.023305 0.031653
0 0.565759 0.537932 0.021566 0.037914
0 0.573585 0.536019 0.021914 0.031305
0 0.582629 0.539149 0.023305 0.037567
0 0.591673 0.542280 0.027479 0.036871
0 0.603151 0.546628 0.023305 0.034436
0 0.615152 0.553584 0.020870 0.032349
0 0.631500 0.557759 0.026436 0.037219
0 0.642283 0.557063 0.023653 0.036523
0 0.651849 0.559672 0.026088 0.034784
0 0.662284 0.565585 0.021218 0.036175
0 0.671328 0.562628 0.021914 0.033740
0 0.683676 0.572194 0.020870 0.032697
0 0.701937 0.578977 0.021218 0.033045
0 0.721242 0.583672 0.027131 0.041045
0 0.732373 0.588542 0.024349 0.034784
0 0.741417 0.587499 0.022262 0.034088
0 0.788723 0.606456 0.024349 0.035132
0 0.805245 0.608543 0.026784 0.037219
0 0.828029 0.614804 0.021566 0.035132
0 0.837073 0.615674 0.021566 0.034784
0 0.858986 0.624717 0.025740 0.038262
0 0.879857 0.628022 0.023653 0.037219
0 0.860030 0.677415 0.023653 0.033740
0 0.849073 0.675850 0.026088 0.036175
0 0.832029 0.671849 0.021914 0.030958
0 0.807680 0.658806 0.017740 0.031305
0 0.802811 0.663675 0.019131 0.033392
0 0.788723 0.656371 0.026436 0.035479
0 0.770809 0.652023 0.024697 0.037219
0 0.760722 0.648023 0.024697 0.035479
0 0.739156 0.640196 0.022609 0.035132
0 0.731504 0.640022 0.021914 0.034784
0 0.721242 0.634979 0.022957 0.033045
0 0.709938 0.629413 0.024697 0.034436
0 0.697589 0.624022 0.024349 0.033392
0 0.680371 0.621065 0.019827 0.031653
0 0.669589 0.618108 0.024001 0.035479
0 0.660371 0.614282 0.022957 0.036175
0 0.652023 0.613934 0.020870 0.036871
0 0.644544 0.613239 0.024001 0.034088
0 0.633065 0.610630 0.021218 0.037914
0 0.621587 0.605412 0.019827 0.034436
0 0.611326 0.601238 0.024349 0.038610
0 0.593064 0.598803 0.021218 0.033045
0 0.582281 0.591673 0.021914 0.032001
0 0.572542 0.590281 0.019827 0.035479
0 0.562280 0.584542 0.023653 0.035827
0 0.552193 0.580368 0.020870 0.030262
0 0.542280 0.574629 0.020522 0.034088
0 0.530975 0.574455 0.022957 0.039306
0 0.522279 0.572889 0.025044 0.042436
0 0.506105 0.571846 0.023305 0.034784
0 0.494974 0.565759 0.021914 0.033740
0 0.484886 0.565585 0.022609 0.034088
0 0.474625 0.561411 0.024349 0.036175
0 0.465060 0.558976 0.021914 0.030610
0 0.444711 0.547323 0.019479 0.030262
0 0.407492 0.538975 0.022957 0.033740
0 0.393579 0.531671 0.022262 0.040001
0 0.387492 0.534106 0.019827 0.036523
0 0.377231 0.533062 0.022262 0.036523
0 0.364360 0.523323 0.022262 0.034436
0 0.355838 0.523323 0.022609 0.037219
0 0.327142 0.512713 0.027131 0.040349
0 0.126961 0.602456 0.019131 0.042436
0 0.169745 0.465060 0.021218 0.041741
0 0.318098 0.513931 0.022262 0.032349
0 0.307663 0.509757 0.020870 0.034436
0 0.297228 0.505409 0.020870 0.034784
0 0.287662 0.502974 0.022609 0.034784
0 0.278792 0.503496 0.022262 0.033740
0 0.269749 0.504365 0.021566 0.037567
0 0.259835 0.499843 0.021218 0.035479
0 0.823507 0.756374 0.024349 0.033740
0 0.813941 0.756200 0.019827 0.031305
0 0.804202 0.754983 0.021218 0.032349
0 0.797245 0.756026 0.026088 0.037914
0 0.783679 0.747330 0.016348 0.030262
0 0.775679 0.745069 0.021218 0.032001
0 0.764200 0.744200 0.023305 0.037219
0 0.753070 0.735678 0.021914 0.032697
0 0.736200 0.733417 0.022262 0.034436
0 0.725590 0.729417 0.019827 0.034088
0 0.716199 0.726808 0.022609 0.037914
0 0.698111 0.723503 0.024001 0.034784
0 0.688720 0.720721 0.021914 0.035479
0 0.678284 0.715851 0.021914 0.032697
0 0.666632 0.712720 0.026436 0.039654
0 0.647675 0.706633 0.021218 0.035132
0 0.610108 0.697242 0.024697 0.034436
0 0.598977 0.691850 0.021218 0.036175
0 0.589412 0.690111 0.021566 0.034784
0 0.581238 0.686806 0.022609 0.034436
0 0.560889 0.678980 0.025044 0.034088
0 0.551150 0.676024 0.020870 0.036523
0 0.540541 0.675328 0.026088 0.039306
0 0.517931 0.664371 0.024001 0.035479
0 0.501757 0.661240 0.020870 0.031305
0 0.491495 0.657414 0.023305 0.034784
0 0.472538 0.653936 0.026436 0.036175
0 0.451320 0.644892 0.024349 0.034784
0 0.432711 0.640022 0.022609 0.034088
0 0.422623 0.635674 0.024001 0.035132
0 0.413058 0.632196 0.022957 0.034436
0 0.403492 0.631326 0.024697 0.041741
0 0.384883 0.625065 0.021566 0.034088
0 0.373752 0.620543 0.024349 0.036871
0 0.364534 0.618630 0.021914 0.032349
0 0.353404 0.615848 0.021914 0.033740
0 0.343664 0.613239 0.022609 0.037567
0 0.332185 0.605586 0.021914 0.036175
0 0.322446 0.605760 0.021914 0.033740
0 0.314620 0.603499 0.023653 0.034784
0 0.362621 0.639848 0.042436 0.022609
0 0.713590 0.748548 0.039654 0.020175
0 0.670110 0.735156 0.038958 0.020522
0 0.534279 0.722982 0.038610 0.024001
0 0.563324 0.731852 0.031305 0.025740
0 0.583499 0.738113 0.033392 0.022262
0 0.592890 0.742635 0.032697 0.023653
0 0.616021 0.746635 0.039306 0.025392
0 0.633935 0.752200 0.042436 0.024697
0 0.641240 0.758635 0.032697 0.025740
0 0.715503 0.777418 0.037219 0.023653
0 0.728895 0.783679 0.034784 0.022262
0 0.741765 0.786462 0.036175 0.025044
0 0.765940 0.795854 0.037219 0.028523
0 0.791854 0.799332 0.036175 0.024349
0 0.801245 0.805941 0.037567 0.023653
0 0.806811 0.810811 0.035479 0.024349
0 0.794810 0.857943 0.024001 0.034436
0 0.785593 0.858291 0.022262 0.034436
0 0.744895 0.844029 0.024349 0.036523
0 0.734112 0.839160 0.021566 0.034436
0 0.723503 0.837942 0.019131 0.034784
0 0.713242 0.835333 0.024349 0.035132
0 0.694111 0.825594 0.023653 0.037219
0 0.617761 0.808550 0.016348 0.021914
0 0.597412 0.799506 0.024349 0.034436
0 0.586803 0.796028 0.022609 0.032349
0 0.580368 0.814115 0.035479 0.021914
0 0.537236 0.781245 0.022262 0.034784
0 0.526105 0.774114 0.020175 0.032349
0 0.517757 0.773940 0.025044 0.035479
0 0.773592 0.907510 0.036523 0.020175
0 0.762113 0.898118 0.038610 0.025044
0 0.731156 0.889248 0.040697 0.025392
0 0.701416 0.880378 0.037567 0.024349
0 0.683154 0.874813 0.037914 0.027827
0 0.661240 0.869943 0.040697 0.026436
0 0.631848 0.860204 0.036871 0.028523
0 0.609413 0.854638 0.037219 0.024349
0 0.602456 0.850290 0.037914 0.023305
0 0.604195 0.946468 0.028175 0.014609