0 0.432828 0.191263 0.064539 0.083655
0 0.612276 0.329615 0.088150 0.038610
0 0.567808 0.443658 0.070048 0.039325
0 0.878301 0.353210 0.094447 0.024310
0 0.838161 0.411840 0.108614 0.024310
0 0.820452 0.448305 0.101530 0.025740
0 0.809433 0.468683 0.093660 0.022165
0 0.740566 0.698913 0.102317 0.036465
0 0.695310 0.840126 0.093660 0.055770
0 0.682718 0.899828 0.110975 0.019305
0 0.596142 0.810811 0.087363 0.030030
0 0.540261 0.562706 0.095234 0.030030
0 0.531997 0.582368 0.102317 0.029315
0 0.526487 0.598456 0.092872 0.037180
0 0.524126 0.618118 0.099169 0.036465
0 0.497760 0.666023 0.092085 0.040755
0 0.484773 0.694266 0.097595 0.044330
0 0.474935 0.727513 0.098382 0.033605
0 0.474148 0.754683 0.103104 0.036465