0 0.094817 0.714450 0.103113 0.105190
0 0.166832 0.616170 0.088383 0.103655
0 0.238848 0.522497 0.096566 0.103655
0 0.216343 0.754377 0.103932 0.046837
0 0.228618 0.722128 0.121935 0.040694
0 0.258897 0.696023 0.120299 0.045301
0 0.278538 0.669917 0.118662 0.043765
0 0.294905 0.643428 0.123572 0.046069
0 0.334596 0.603885 0.116207 0.045301
0 0.344825 0.573557 0.120299 0.039926
0 0.369785 0.546299 0.126027 0.042230
0 0.401701 0.517506 0.124391 0.036855
0 0.427889 0.491784 0.129301 0.040694
0 0.445893 0.454162 0.129301 0.042230
0 0.508906 0.400799 0.132574 0.049140
0 0.430344 0.890663 0.085109 0.075246
0 0.440573 0.758600 0.092475 0.101351
0 0.515453 0.661855 0.080199 0.096744
0 0.539595 0.547451 0.087564 0.102887
0 0.639434 0.426904 0.084291 0.092138
0 0.662758 0.476812 0.086746 0.099816
0 0.781829 0.433047 0.085928 0.092138
0 0.738865 0.373157 0.091656 0.098280
0 0.542050 0.344748 0.131756 0.044533
0 0.393108 0.325937 0.094111 0.111333
0 0.476581 0.221130 0.085928 0.113636
0 0.586650 0.125154 0.132574 0.089066
0 0.616111 0.276797 0.124391 0.043765
0 0.616930 0.249155 0.142394 0.046837
0 0.633706 0.221898 0.151396 0.044533
0 0.763825 0.266815 0.085928 0.114404