0 0.428778 0.600233 0.024983 0.046305
0 0.444045 0.648586 0.020974 0.044730
0 0.473501 0.733478 0.031769 0.043155
0 0.501106 0.804983 0.030227 0.044415
0 0.526090 0.878063 0.027759 0.044415
0 0.444817 0.878378 0.023133 0.053865
0 0.401944 0.959806 0.047808 0.018270
0 0.349663 0.954608 0.041331 0.019845
0 0.657947 0.821836 0.042256 0.028980
0 0.033977 0.890978 0.036087 0.023625
0 0.194211 0.928621 0.046266 0.027090
0 0.264380 0.941851 0.037938 0.023310
0 0.307562 0.949726 0.039172 0.023940
0 0.732622 0.795455 0.042961 0.034223