0 0.204582 0.935977 0.052760 0.045871
0 0.316005 0.926803 0.049808 0.048164
0 0.304752 0.783457 0.043536 0.137613
0 0.387950 0.780016 0.037264 0.133025
0 0.488120 0.897561 0.047226 0.063072
0 0.291654 0.593666 0.038740 0.141053
0 0.322093 0.595960 0.045012 0.131879
0 0.339802 0.575891 0.039109 0.116971
0 0.366551 0.582772 0.034312 0.119264
0 0.398465 0.601120 0.037633 0.110090
0 0.419311 0.587359 0.035050 0.107797
0 0.428903 0.581052 0.031361 0.088301
0 0.454730 0.583919 0.040953 0.126145
0 0.480556 0.583919 0.039478 0.116971
0 0.487013 0.564423 0.043536 0.121558
0 0.533316 0.891253 0.047594 0.064219
0 0.597882 0.888386 0.053498 0.060779
0 0.672410 0.741026 0.037264 0.110090
0 0.700635 0.734146 0.037633 0.128438
0 0.741772 0.747334 0.041691 0.143346