0 0.309375 0.309375 0.25 0.114583
0 0.683333 0.403125 0.341667 0.125
0 0.357292 0.571875 0.302083 0.19375
0 0.455208 0.607292 0.3125 0.191667
0 0.55625 0.617708 0.308333 0.20625
0 0.635417 0.655208 0.335417 0.197917
0 0.678125 0.704167 0.197917 0.208333
0 0.834375 0.691667 0.327083 0.191667
0 0.842708 0.302083 0.164583 0.225
0 0.728125 0.26875 0.19375 0.245833
0 0.642708 0.260417 0.19375 0.25625
0 0.561458 0.213542 0.23125 0.260417
0 0.439583 0.167708 0.19375 0.264583
0 0.375 0.177083 0.197917 0.239583
0 0.303125 0.151042 0.23125 0.26875
