1 0.463542 0.877083 0.110417 0.139583
1 0.430208 0.766667 0.139583 0.072917
1 0.35625 0.860417 0.125 0.10625
1 0.188542 0.872917 0.135417 0.13125
0 0.147917 0.286458 0.1875 0.154167
0 0.351042 0.611458 0.283333 0.20625
0 0.502083 0.585417 0.15 0.154167
0 0.428125 0.475 0.260417 0.191667
1 0.452083 0.325 0.125 0.1125
0 0.288542 0.291667 0.320833 0.327083
0 0.603125 0.597917 0.2875 0.297917
0 0.796875 0.61875 0.35 0.322917
0 0.55 0.267708 0.35625 0.25625
0 0.755208 0.275 0.2125 0.2125
0 0.867708 0.284375 0.208333 0.208333
