0 0.138542 0.054167 0.097917 0.083333
0 0.110417 0.102083 0.095833 0.10625
0 0.061458 0.166667 0.097917 0.064583
0 0.165625 0.673958 0.16875 0.179167
0 0.24375 0.680208 0.154167 0.160417
0 0.301042 0.70625 0.1875 0.197917
0 0.330208 0.720833 0.202083 0.197917
0 0.389583 0.744792 0.1875 0.1875
0 0.45 0.757292 0.177083 0.197917
0 0.507292 0.754167 0.179167 0.183333
0 0.552083 0.776042 0.202083 0.197917
0 0.605208 0.76875 0.177083 0.191667
0 0.653125 0.797917 0.183333 0.191667
0 0.732292 0.779167 0.208333 0.227083
