0 0.625 0.617708 0.14375 0.135417
0 0.490625 0.619792 0.102083 0.110417
1 0.4375 0.639583 0.06875 0.0625
1 0.346875 0.597917 0.079167 0.079167
1 0.254167 0.6125 0.0875 0.0875
1 0.121875 0.6125 0.102083 0.095833
1 0.0625 0.607292 0.0875 0.077083
0 0.208333 0.767708 0.127083 0.110417
1 0.301042 0.708333 0.135417 0.079167
1 0.727083 0.703125 0.145833 0.06875
1 0.873958 0.789583 0.102083 0.064583
1 0.833333 0.7875 0.095833 0.091667
1 0.775 0.782292 0.095833 0.0875
1 0.641667 0.782292 0.095833 0.095833
1 0.584375 0.785417 0.1125 0.0875
1 0.533333 0.782292 0.1125 0.079167
1 0.4875 0.76875 0.110417 0.077083
1 0.423958 0.785417 0.116667 0.079167
1 0.366667 0.784375 0.10625 0.083333
1 0.29375 0.870833 0.10625 0.095833
1 0.426042 0.873958 0.091667 0.0875
1 0.579167 0.885417 0.110417 0.110417
1 0.617708 0.88125 0.15 0.072917
1 0.798958 0.8875 0.120833 0.10625
1 0.873958 0.86875 0.145833 0.120833
