1 0.151042 0.279167 0.135417 0.127083
1 0.542708 0.3125 0.15 0.135417
1 0.695833 0.834375 0.125 0.1125
1 0.616667 0.826042 0.083333 0.120833
1 0.442708 0.8375 0.120833 0.1125
1 0.375 0.825 0.102083 0.125
1 0.296875 0.830208 0.13125 0.135417
1 0.909375 0.616667 0.116667 0.127083
1 0.846875 0.607292 0.110417 0.102083
1 0.791667 0.605208 0.145833 0.1125
1 0.719792 0.603125 0.127083 0.125
1 0.669792 0.617708 0.125 0.13125
1 0.597917 0.614583 0.120833 0.13125
1 0.552083 0.614583 0.139583 0.13125
1 0.452083 0.607292 0.116667 0.13125
1 0.391667 0.590625 0.14375 0.158333
1 0.322917 0.603125 0.13125 0.139583
1 0.234375 0.614583 0.125 0.13125
1 0.198958 0.591667 0.127083 0.139583
1 0.119792 0.603125 0.116667 0.139583
