1 0.252083 0.117708 0.072917 0.0625
1 0.211458 0.122917 0.095833 0.064583
1 0.154167 0.108333 0.0625 0.0875
1 0.065625 0.102083 0.047917 0.054167
1 0.040625 0.176042 0.077083 0.077083
1 0.064583 0.190625 0.079167 0.06875
1 0.113542 0.202083 0.06875 0.077083
1 0.14375 0.214583 0.10625 0.072917
1 0.201042 0.216667 0.072917 0.097917
1 0.235417 0.226042 0.06875 0.072917
1 0.296875 0.240625 0.064583 0.095833
1 0.364583 0.23125 0.097917 0.097917
1 0.442708 0.220833 0.10625 0.0625
1 0.495833 0.216667 0.116667 0.06875
1 0.536458 0.161458 0.095833 0.0625
1 0.589583 0.135417 0.127083 0.039583
1 0.584375 0.122917 0.102083 0.095833
1 0.641667 0.101042 0.135417 0.035417
1 0.596875 0.036458 0.0625 0.039583
1 0.363542 0.416667 0.0875 0.10625
