1 0.658333 0.045833 0.13125 0.058333
1 0.617708 0.098958 0.110417 0.06875
1 0.35 0.408333 0.0625 0.097917
1 0.60625 0.132292 0.110417 0.091667
1 0.571875 0.148958 0.1125 0.058333
1 0.551042 0.180208 0.102083 0.083333
1 0.517708 0.189583 0.079167 0.072917
1 0.490625 0.220833 0.097917 0.091667
1 0.440625 0.213542 0.079167 0.091667
1 0.359375 0.2375 0.058333 0.0875
1 0.285417 0.228125 0.064583 0.10625
1 0.242708 0.216667 0.0625 0.091667
1 0.201042 0.213542 0.079167 0.077083
1 0.163542 0.204167 0.0875 0.072917
1 0.119792 0.198958 0.0875 0.077083
1 0.084375 0.1875 0.091667 0.06875
1 0.057292 0.165625 0.058333 0.091667
1 0.225 0.115625 0.083333 0.064583
1 0.160417 0.113542 0.05 0.047917
