1 0.394792 0.429167 0.072917 0.0875
1 0.657292 0.048958 0.110417 0.064583
1 0.616667 0.080208 0.0875 0.054167
1 0.61875 0.128125 0.083333 0.097917
1 0.579167 0.141667 0.102083 0.0875
1 0.535417 0.159375 0.102083 0.058333
1 0.5 0.183333 0.097917 0.1125
1 0.457292 0.220833 0.102083 0.091667
1 0.36875 0.223958 0.064583 0.077083
1 0.284375 0.230208 0.079167 0.0875
1 0.247917 0.222917 0.102083 0.110417
1 0.208333 0.222917 0.097917 0.095833
1 0.166667 0.20625 0.110417 0.077083
1 0.102083 0.1875 0.0625 0.10625
1 0.0625 0.172917 0.0875 0.077083
