0 0.760417 0.2625 0.23125 0.1875
0 0.286458 0.2 0.4125 0.097917
0 0.382292 0.319792 0.36875 0.160417
1 0.275 0.89375 0.10625 0.158333
1 0.344792 0.904167 0.1125 0.14375
1 0.402083 0.898958 0.102083 0.13125
1 0.471875 0.895833 0.125 0.110417
1 0.557292 0.896875 0.13125 0.14375
1 0.614583 0.89375 0.120833 0.135417
1 0.704167 0.889583 0.145833 0.15
1 0.225 0.642708 0.125 0.135417
1 0.354167 0.644792 0.125 0.125
1 0.444792 0.596875 0.091667 0.145833
0 0.54375 0.561458 0.1125 0.135417
0 0.625 0.592708 0.158333 0.16875
0 0.823958 0.607292 0.26875 0.29375
