1 0.692708 0.8125 0.14375 0.135417
1 0.630208 0.83125 0.120833 0.14375
1 0.517708 0.841667 0.110417 0.14375
1 0.44375 0.838542 0.102083 0.1125
1 0.371875 0.83125 0.083333 0.1125
1 0.28125 0.832292 0.139583 0.139583
1 0.159375 0.822917 0.102083 0.135417
1 0.116667 0.607292 0.14375 0.139583
1 0.2375 0.604167 0.139583 0.139583
1 0.288542 0.597917 0.125 0.120833
1 0.351042 0.597917 0.102083 0.127083
1 0.421875 0.683333 0.145833 0.1125
1 0.534375 0.604167 0.10625 0.116667
1 0.615625 0.628125 0.164583 0.202083
1 0.688542 0.620833 0.120833 0.135417
1 0.938542 0.613542 0.110417 0.127083
0 0.207292 0.269792 0.154167 0.15
0 0.680208 0.279167 0.110417 0.116667
0 0.821875 0.279167 0.19375 0.177083
1 0.042708 0.83125 0.079167 0.097917
