1 0.1625 0.072917 0.091667 0.102083
1 0.219792 0.06875 0.102083 0.095833
1 0.392708 0.092708 0.0875 0.083333
1 0.430208 0.080208 0.116667 0.0875
1 0.542708 0.078125 0.10625 0.077083
1 0.6125 0.083333 0.135417 0.110417
1 0.846875 0.367708 0.064583 0.0875
1 0.513542 0.857292 0.120833 0.072917
1 0.372917 0.8625 0.179167 0.0625
1 0.909375 0.917708 0.116667 0.0625
1 0.1 0.960417 0.172917 0.072917
0 0.255208 0.563542 0.260417 0.15
0 0.538542 0.577083 0.4375 0.154167
0 0.636458 0.458333 0.3375 0.279167
0 0.542708 0.460417 0.297917 0.254167
0 0.413542 0.421875 0.260417 0.220833
0 0.319792 0.423958 0.25625 0.23125
0 0.234375 0.414583 0.25625 0.220833
0 0.145833 0.43125 0.25625 0.239583
