1 0.146875 0.264583 0.125 0.072917
1 0.075 0.176042 0.077083 0.072917
1 0.120833 0.192708 0.079167 0.0625
1 0.157292 0.213542 0.079167 0.072917
1 0.185417 0.222917 0.091667 0.077083
1 0.238542 0.228125 0.0875 0.058333
1 0.297917 0.226042 0.064583 0.0625
1 0.23125 0.142708 0.079167 0.110417
1 0.190625 0.125 0.0875 0.0875
1 0.152083 0.110417 0.077083 0.079167
1 0.116667 0.098958 0.072917 0.095833
1 0.371875 0.235417 0.110417 0.0875
1 0.44375 0.213542 0.083333 0.116667
1 0.470833 0.110417 0.0875 0.095833
1 0.480208 0.204167 0.097917 0.077083
1 0.542708 0.198958 0.097917 0.072917
1 0.561458 0.166667 0.127083 0.097917
1 0.60625 0.139583 0.14375 0.058333
1 0.622917 0.082292 0.095833 0.083333
1 0.8 0.154167 0.079167 0.0875
1 0.847917 0.089583 0.095833 0.077083
1 0.89375 0.032292 0.097917 0.05
