0 0.194792 0.070833 0.16875 0.120833
1 0.528125 0.078125 0.083333 0.1125
1 0.585417 0.076042 0.079167 0.095833
1 0.652083 0.078125 0.0875 0.10625
1 0.7 0.073958 0.0875 0.1125
1 0.757292 0.078125 0.077083 0.091667
1 0.857292 0.070833 0.097917 0.097917
0 0.471875 0.594792 0.354167 0.125
0 0.829167 0.457292 0.241667 0.260417
0 0.726042 0.429167 0.272917 0.25
0 0.644792 0.434375 0.25625 0.245833
0 0.563542 0.438542 0.264583 0.260417
0 0.4625 0.4125 0.245833 0.275
0 0.3625 0.401042 0.208333 0.239583
0 0.285417 0.423958 0.245833 0.245833
0 0.163542 0.407292 0.26875 0.279167
