1 0.545833 0.097917 0.127083 0.077083
1 0.332292 0.057292 0.077083 0.083333
1 0.273958 0.686458 0.120833 0.05
1 0.278125 0.782292 0.10625 0.095833
0 0.214583 0.778125 0.127083 0.116667
1 0.16875 0.778125 0.116667 0.058333
1 0.102083 0.7875 0.0875 0.091667
1 0.109375 0.883333 0.116667 0.10625
1 0.214583 0.9 0.083333 0.110417
1 0.803125 0.894792 0.116667 0.091667
1 0.873958 0.88125 0.079167 0.072917
1 0.915625 0.892708 0.0625 0.0875
1 0.903125 0.7875 0.0875 0.091667
1 0.859375 0.778125 0.095833 0.0875
1 0.803125 0.784375 0.0875 0.091667
1 0.742708 0.784375 0.097917 0.083333
