1 0.760417 0.727083 0.154167 0.091667
1 0.522917 0.71875 0.127083 0.0875
1 0.102083 0.83125 0.1125 0.097917
1 0.164583 0.838542 0.1125 0.135417
1 0.23125 0.825 0.097917 0.191667
1 0.310417 0.832292 0.110417 0.116667
1 0.369792 0.832292 0.095833 0.116667
1 0.441667 0.836458 0.120833 0.110417
1 0.513542 0.832292 0.095833 0.102083
1 0.585417 0.839583 0.1125 0.116667
1 0.647917 0.836458 0.097917 0.110417
1 0.696875 0.827083 0.1125 0.120833
1 0.1125 0.592708 0.079167 0.0875
1 0.151042 0.609375 0.127083 0.135417
1 0.241667 0.578125 0.079167 0.095833
1 0.298958 0.592708 0.127083 0.110417
1 0.360417 0.590625 0.110417 0.1125
1 0.516667 0.607292 0.097917 0.110417
0 0.454167 0.585417 0.15 0.183333
1 0.590625 0.597917 0.14375 0.14375
1 0.651042 0.613542 0.125 0.1125
1 0.722917 0.607292 0.127083 0.125
1 0.784375 0.597917 0.116667 0.1125
1 0.846875 0.597917 0.116667 0.1125
1 0.904167 0.616667 0.1125 0.10625
1 0.544792 0.267708 0.125 0.095833
0 0.430208 0.297917 0.191667 0.154167
0 0.253125 0.301042 0.220833 0.095833
