0 0.539583 0.728125 0.220833 0.110417
1 0.858333 0.388542 0.13125 0.154167
1 0.741667 0.395833 0.15 0.139583
1 0.660417 0.386458 0.158333 0.158333
1 0.561458 0.386458 0.158333 0.135417
1 0.473958 0.410417 0.160417 0.116667
1 0.325 0.405208 0.127083 0.10625
1 0.229167 0.410417 0.14375 0.110417
1 0.23125 0.1875 0.160417 0.1125
1 0.327083 0.175 0.116667 0.125
1 0.404167 0.165625 0.13125 0.120833
1 0.476042 0.148958 0.120833 0.116667
1 0.673958 0.165625 0.116667 0.120833
1 0.58125 0.135417 0.110417 0.097917
1 0.7625 0.172917 0.172917 0.13125
1 0.83125 0.155208 0.13125 0.125
1 0.9125 0.147917 0.116667 0.139583
