0 0.464583 0.747917 0.264583 0.15
1 0.663542 0.770833 0.191667 0.127083
1 0.819792 0.739583 0.208333 0.0875
1 0.891667 0.421875 0.160417 0.102083
1 0.792708 0.43125 0.154167 0.127083
1 0.728125 0.416667 0.158333 0.15
1 0.626042 0.427083 0.160417 0.1125
1 0.551042 0.434375 0.1875 0.1125
1 0.441667 0.440625 0.16875 0.125
1 0.347917 0.436458 0.14375 0.116667
1 0.0875 0.453125 0.16875 0.127083
1 0.132292 0.198958 0.102083 0.127083
1 0.283333 0.198958 0.125 0.120833
1 0.388542 0.165625 0.158333 0.097917
1 0.469792 0.1875 0.10625 0.10625
1 0.561458 0.185417 0.15 0.13125
1 0.639583 0.1875 0.120833 0.14375
1 0.733333 0.152083 0.110417 0.110417
1 0.8 0.270833 0.183333 0.110417
1 0.826042 0.178125 0.095833 0.116667
1 0.83125 0.175 0.097917 0.139583
