1 0.798958 0.847917 0.097917 0.127083
0 0.084375 0.113542 0.102083 0.164583
0 0.461458 0.283333 0.16875 0.0625
1 0.46875 0.228125 0.154167 0.0625
1 0.4125 0.4125 0.139583 0.083333
1 0.529167 0.10625 0.14375 0.047917
1 0.534375 0.046875 0.160417 0.06875
1 0.748958 0.204167 0.0875 0.110417
1 0.711458 0.25625 0.102083 0.125
1 0.665625 0.386458 0.097917 0.1125
1 0.634375 0.464583 0.139583 0.127083
1 0.734375 0.659375 0.102083 0.097917
1 0.911458 0.551042 0.0875 0.125
1 0.789583 0.554167 0.079167 0.145833
1 0.811458 0.48125 0.095833 0.116667
1 0.832292 0.433333 0.091667 0.110417
1 0.861458 0.3625 0.091667 0.102083
1 0.878125 0.3 0.079167 0.110417
1 0.897917 0.25625 0.091667 0.125
1 0.920833 0.2 0.083333 0.116667
