0 0.814583 0.316667 0.279167 0.270833
1 0.919792 0.641667 0.085417 0.15
1 0.933333 0.359375 0.077083 0.060417
1 0.858333 0.29375 0.083333 0.058333
1 0.826042 0.254167 0.09375 0.06875
1 0.746875 0.194792 0.0875 0.066667
1 0.720833 0.148958 0.085417 0.0625
1 0.640625 0.152083 0.070833 0.041667
1 0.660417 0.197917 0.06875 0.058333
1 0.533333 0.051042 0.079167 0.072917
1 0.311458 0.084375 0.058333 0.09375
1 0.342708 0.136458 0.060417 0.083333
1 0.625 0.307292 0.085417 0.095833
1 0.475 0.259375 0.045833 0.089583
1 0.515625 0.285417 0.079167 0.0875
1 0.689583 0.45 0.079167 0.15
1 0.744792 0.49375 0.070833 0.147917
1 0.8125 0.533333 0.058333 0.139583
