1 0.051042 0.6 0.070833 0.058333
1 0.082292 0.629167 0.06875 0.058333
1 0.129167 0.673958 0.070833 0.058333
1 0.045833 0.514583 0.070833 0.04375
1 0.079167 0.534375 0.072917 0.041667
1 0.098958 0.5625 0.072917 0.035417
1 0.136458 0.58125 0.066667 0.047917
1 0.154167 0.609375 0.091667 0.045833
1 0.1875 0.63125 0.0875 0.035417
1 0.217708 0.658333 0.079167 0.04375
1 0.258333 0.580208 0.085417 0.075
1 0.034375 0.339583 0.058333 0.072917
1 0.0625 0.352083 0.064583 0.0625
1 0.098958 0.376042 0.045833 0.060417
1 0.129167 0.391667 0.047917 0.060417
1 0.1625 0.419792 0.047917 0.060417
1 0.191667 0.451042 0.05625 0.072917
1 0.230208 0.466667 0.060417 0.064583
1 0.348958 0.564583 0.060417 0.08125
1 0.265625 0.740625 0.070833 0.047917
1 0.358333 0.732292 0.070833 0.05
1 0.284375 0.779167 0.064583 0.054167
1 0.335417 0.794792 0.091667 0.047917
1 0.459375 0.736458 0.066667 0.075
1 0.390625 0.844792 0.097917 0.047917
1 0.463542 0.809375 0.077083 0.0375
1 0.473958 0.8375 0.0875 0.033333
1 0.50625 0.860417 0.085417 0.04375
1 0.548958 0.897917 0.13125 0.060417
1 0.514583 0.677083 0.045833 0.077083
1 0.566667 0.725 0.05 0.10625
1 0.620833 0.747917 0.047917 0.097917
1 0.736458 0.833333 0.066667 0.108333
1 0.790625 0.861458 0.05 0.072917
1 0.826042 0.94375 0.0375 0.09375
1 0.891667 0.941667 0.05 0.097917
1 0.626042 0.853125 0.070833 0.075
