0 0.769792 0.148958 0.25625 0.23125
1 0.525 0.145833 0.077083 0.108333
1 0.628125 0.297917 0.083333 0.110417
1 0.778125 0.401042 0.1 0.05
1 0.805208 0.440625 0.070833 0.058333
1 0.911458 0.428125 0.070833 0.054167
1 0.922917 0.466667 0.095833 0.035417
1 0.845833 0.472917 0.079167 0.052083
1 0.877083 0.50625 0.083333 0.06875
1 0.904167 0.548958 0.08125 0.066667
1 0.930208 0.583333 0.077083 0.0625
1 0.804167 0.68125 0.047917 0.097917
1 0.844792 0.708333 0.070833 0.089583
1 0.882292 0.758333 0.0625 0.083333
1 0.917708 0.79375 0.0625 0.085417
1 0.95625 0.825 0.047917 0.097917
