1 0.092708 0.382292 0.04375 0.077083
1 0.192708 0.436458 0.05 0.0875
1 0.386458 0.578125 0.047917 0.083333
1 0.419792 0.616667 0.047917 0.085417
1 0.464583 0.638542 0.041667 0.083333
1 0.513542 0.675 0.054167 0.08125
1 0.373958 0.75625 0.083333 0.058333
1 0.44375 0.804167 0.0875 0.05625
1 0.572917 0.896875 0.072917 0.052083
1 0.603125 0.933333 0.1125 0.047917
1 0.722917 0.821875 0.058333 0.0875
1 0.798958 0.8625 0.052083 0.09375
1 0.863542 0.915625 0.064583 0.075
1 0.611458 0.738542 0.058333 0.072917
