1 0.115625 0.9125 0.177083 0.16875
1 0.2125 0.342708 0.16875 0.135417
1 0.370833 0.263542 0.058333 0.16875
1 0.430208 0.329167 0.102083 0.16875
1 0.489583 0.347917 0.116667 0.16875
1 0.555208 0.401042 0.0875 0.14375
1 0.61875 0.436458 0.139583 0.177083
1 0.683333 0.484375 0.097917 0.183333
1 0.898958 0.921875 0.16875 0.14375
1 0.385417 0.898958 0.139583 0.095833
1 0.675 0.915625 0.14375 0.083333
1 0.605208 0.851042 0.135417 0.095833
1 0.466667 0.764583 0.160417 0.077083
1 0.197917 0.753125 0.154167 0.1125
1 0.29375 0.839583 0.110417 0.125
0 0.348958 0.6375 0.235417 0.0875
1 0.140625 0.523958 0.1875 0.083333
1 0.094792 0.688542 0.139583 0.095833
