0 0.059375 0.267708 0.083333 0.1875
0 0.095833 0.330208 0.0875 0.185417
0 0.275 0.772917 0.060417 0.197917
0 0.30625 0.81875 0.097917 0.220833
0 0.351042 0.854167 0.079167 0.2
0 0.430208 0.083333 0.20625 0.08125
0 0.442708 0.122917 0.204167 0.072917
0 0.463542 0.165625 0.21875 0.097917
0 0.501042 0.215625 0.197917 0.085417
0 0.529167 0.253125 0.195833 0.089583
0 0.580208 0.301042 0.202083 0.083333
0 0.641667 0.366667 0.139583 0.064583
0 0.702083 0.452083 0.229167 0.079167
0 0.702083 0.49375 0.204167 0.077083
0 0.7875 0.592708 0.204167 0.072917
0 0.816667 0.639583 0.208333 0.077083
0 0.846875 0.680208 0.195833 0.09375
0 0.272917 0.155208 0.1375 0.179167
0 0.416667 0.44375 0.145833 0.170833
0 0.559375 0.626042 0.145833 0.1875
0 0.696875 0.8125 0.15625 0.1875
