1 0.785417 0.057292 0.110417 0.047917
1 0.808333 0.097917 0.077083 0.045833
1 0.835417 0.129167 0.079167 0.05
1 0.852083 0.235417 0.091667 0.060417
1 0.920833 0.282292 0.075 0.045833
1 0.617708 0.0625 0.077083 0.05
1 0.64375 0.101042 0.0875 0.06875
1 0.664583 0.1375 0.095833 0.075
1 0.690625 0.180208 0.083333 0.070833
1 0.713542 0.207292 0.1 0.058333
1 0.726042 0.25625 0.045833 0.09375
1 0.769792 0.313542 0.0625 0.089583
0 0.1875 0.383333 0.2375 0.089583
0 0.240625 0.447917 0.239583 0.1
0 0.263542 0.501042 0.14375 0.072917
0 0.283333 0.559375 0.222917 0.102083
0 0.3375 0.635417 0.191667 0.095833
0 0.377083 0.694792 0.227083 0.1
0 0.388542 0.752083 0.225 0.097917
0 0.405208 0.803125 0.225 0.1
