0 0.532292 0.108333 0.075 0.195833
0 0.592708 0.239583 0.077083 0.195833
0 0.633333 0.28125 0.0875 0.202083
0 0.669792 0.319792 0.104167 0.2125
0 0.710417 0.320833 0.054167 0.108333
0 0.740625 0.417708 0.083333 0.202083
0 0.780208 0.45625 0.1 0.204167
0 0.808333 0.536458 0.083333 0.191667
0 0.847917 0.580208 0.083333 0.222917
0 0.2875 0.242708 0.20625 0.077083
0 0.321875 0.294792 0.2125 0.083333
0 0.340625 0.342708 0.210417 0.079167
0 0.396875 0.396875 0.2125 0.077083
0 0.414583 0.446875 0.216667 0.089583
0 0.465625 0.496875 0.214583 0.083333
0 0.477083 0.535417 0.214583 0.09375
0 0.519792 0.595833 0.24375 0.1
