0 0.192708 0.76875 0.10625 0.047917
0 0.245833 0.822917 0.20625 0.070833
0 0.261458 0.869792 0.202083 0.06875
0 0.290625 0.919792 0.21875 0.085417
0 0.261458 0.95625 0.116667 0.054167
0 0.507292 0.597917 0.077083 0.189583
0 0.546875 0.636458 0.075 0.1625
0 0.577083 0.678125 0.085417 0.175
0 0.635417 0.76875 0.083333 0.175
0 0.667708 0.815625 0.077083 0.172917
0 0.707292 0.84375 0.089583 0.179167
0 0.748958 0.9 0.097917 0.185417
0 0.526042 0.786458 0.15625 0.1625
0 0.603125 0.070833 0.225 0.077083
0 0.63125 0.114583 0.1875 0.070833
0 0.65625 0.158333 0.204167 0.070833
0 0.711458 0.202083 0.189583 0.075
0 0.751042 0.245833 0.19375 0.075
0 0.7625 0.28125 0.1875 0.075
0 0.788542 0.321875 0.204167 0.077083
0 0.819792 0.363542 0.197917 0.079167
0 0.888542 0.447917 0.197917 0.077083
