0 0.448958 0.705208 0.147917 0.189583
1 0.317708 0.514583 0.066667 0.083333
1 0.544792 0.15625 0.095833 0.039583
1 0.601042 0.239583 0.09375 0.070833
1 0.58125 0.4375 0.047917 0.095833
1 0.736458 0.086458 0.052083 0.054167
1 0.648958 0.102083 0.06875 0.05625
1 0.7 0.170833 0.083333 0.070833
1 0.745833 0.23125 0.066667 0.029167
1 0.783333 0.292708 0.064583 0.039583
1 0.835417 0.354167 0.060417 0.047917
1 0.846875 0.39375 0.052083 0.0375
1 0.865625 0.421875 0.070833 0.041667
1 0.8875 0.453125 0.0625 0.035417
1 0.916667 0.4875 0.06875 0.035417
1 0.941667 0.522917 0.054167 0.03125
1 0.960417 0.553125 0.0625 0.035417
