0 0.128125 0.147917 0.10625 0.072917
0 0.111458 0.205208 0.179167 0.0875
0 0.113542 0.257292 0.210417 0.095833
0 0.158333 0.326042 0.225 0.114583
0 0.228125 0.452083 0.210417 0.095833
0 0.2625 0.515625 0.23125 0.09375
0 0.291667 0.572917 0.24375 0.1125
0 0.332292 0.635417 0.220833 0.104167
0 0.369792 0.695833 0.2125 0.095833
0 0.420833 0.765625 0.2125 0.09375
0 0.445833 0.822917 0.23125 0.1125
0 0.085417 0.5375 0.145833 0.1875
0 0.229167 0.772917 0.1375 0.222917
1 0.948958 0.335417 0.072917 0.035417
1 0.926042 0.292708 0.06875 0.039583
1 0.907292 0.253125 0.070833 0.03125
1 0.829167 0.1375 0.066667 0.045833
1 0.794792 0.065625 0.060417 0.035417
1 0.763542 0.029167 0.072917 0.0375
1 0.640625 0.111458 0.047917 0.075
1 0.623958 0.075 0.052083 0.070833
1 0.594792 0.05 0.047917 0.05625
