0 0.410417 0.077083 0.195833 0.077083
0 0.441667 0.120833 0.204167 0.079167
0 0.48125 0.169792 0.210417 0.083333
0 0.50625 0.223958 0.204167 0.083333
0 0.546875 0.278125 0.191667 0.072917
0 0.580208 0.326042 0.208333 0.077083
0 0.660417 0.207292 0.152083 0.1875
0 0.909375 0.135417 0.079167 0.191667
0 0.94375 0.16875 0.075 0.195833
0 0.857292 0.244792 0.1375 0.139583
1 0.052083 0.613542 0.070833 0.045833
1 0.107292 0.441667 0.033333 0.05625
1 0.127083 0.479167 0.052083 0.060417
1 0.148958 0.526042 0.04375 0.1
1 0.192708 0.948958 0.058333 0.0375
1 0.523958 0.958333 0.058333 0.0625
