0 0.059375 0.136458 0.104167 0.19375
0 0.117708 0.23125 0.102083 0.2125
0 0.121875 0.3375 0.08125 0.127083
0 0.169792 0.329167 0.102083 0.208333
0 0.190625 0.394792 0.108333 0.2125
0 0.220833 0.436458 0.10625 0.208333
0 0.247917 0.491667 0.110417 0.216667
0 0.271875 0.538542 0.114583 0.229167
0 0.301042 0.580208 0.125 0.2125
0 0.336458 0.658333 0.116667 0.204167
0 0.34375 0.0625 0.204167 0.08125
0 0.385417 0.10625 0.216667 0.097917
0 0.422917 0.171875 0.216667 0.089583
0 0.323958 0.2375 0.141667 0.18125
0 0.441667 0.460417 0.133333 0.185417
