0 0.1375 0.317708 0.239583 0.116667
0 0.186458 0.379167 0.220833 0.09375
0 0.221875 0.448958 0.2125 0.095833
0 0.266667 0.50625 0.210417 0.097917
0 0.297917 0.566667 0.210417 0.116667
0 0.325 0.630208 0.225 0.097917
0 0.36875 0.684375 0.225 0.108333
0 0.4 0.752083 0.233333 0.108333
0 0.442708 0.828125 0.227083 0.09375
1 0.751042 0.026042 0.077083 0.039583
1 0.7875 0.06875 0.064583 0.041667
1 0.807292 0.095833 0.060417 0.0375
1 0.879167 0.219792 0.058333 0.039583
1 0.851042 0.164583 0.070833 0.047917
1 0.83125 0.125 0.077083 0.05625
1 0.9125 0.283333 0.077083 0.047917
1 0.58125 0.032292 0.04375 0.05625
1 0.608333 0.066667 0.058333 0.077083
1 0.640625 0.102083 0.06875 0.085417
1 0.654167 0.145833 0.077083 0.075
1 0.685417 0.169792 0.0625 0.04375
1 0.709375 0.211458 0.066667 0.079167
1 0.723958 0.267708 0.079167 0.077083
1 0.753125 0.294792 0.060417 0.079167
1 0.928125 0.051042 0.110417 0.045833
