0 0.315625 0.082292 0.20625 0.085417
0 0.335417 0.115625 0.204167 0.091667
0 0.344792 0.173958 0.214583 0.095833
0 0.436458 0.277083 0.114583 0.054167
0 0.445833 0.319792 0.252083 0.1125
0 0.479167 0.375 0.227083 0.08125
0 0.5 0.421875 0.214583 0.09375
0 0.533333 0.525 0.210417 0.095833
0 0.589583 0.590625 0.227083 0.102083
0 0.625 0.680208 0.210417 0.079167
0 0.641667 0.734375 0.210417 0.095833
0 0.696875 0.839583 0.210417 0.09375
0 0.73125 0.883333 0.210417 0.102083
0 0.75625 0.938542 0.2375 0.09375
0 0.758333 0.694792 0.139583 0.2
0 0.865625 0.611458 0.141667 0.204167
0 0.740625 0.409375 0.122917 0.175
0 0.623958 0.191667 0.135417 0.202083
