0 0.378125 0.451042 0.383333 0.079167
0 0.785417 0.7125 0.164583 0.139583
0 0.759375 0.673958 0.297917 0.239583
0 0.661458 0.679167 0.2875 0.264583
0 0.730208 0.50625 0.19375 0.079167
0 0.516667 0.65 0.283333 0.302083
0 0.379167 0.66875 0.1875 0.197917
0 0.31875 0.623958 0.3375 0.279167
0 0.184375 0.638542 0.297917 0.272917
1 0.065625 0.275 0.1125 0.097917
1 0.122917 0.264583 0.110417 0.097917
1 0.172917 0.260417 0.1125 0.10625
1 0.263542 0.266667 0.110417 0.102083
1 0.510417 0.269792 0.116667 0.102083
1 0.651042 0.264583 0.160417 0.10625
1 0.709375 0.247917 0.139583 0.125
1 0.76875 0.245833 0.125 0.091667
1 0.082292 0.1 0.116667 0.077083
1 0.151042 0.095833 0.083333 0.083333
1 0.273958 0.117708 0.095833 0.10625
1 0.352083 0.083333 0.110417 0.102083
1 0.411458 0.08125 0.079167 0.1125
1 0.466667 0.103125 0.102083 0.091667
1 0.521875 0.095833 0.102083 0.10625
1 0.601042 0.1125 0.06875 0.0875
1 0.665625 0.091667 0.0875 0.091667
1 0.728125 0.066667 0.095833 0.10625
1 0.7875 0.091667 0.110417 0.091667
1 0.861458 0.1125 0.125 0.116667
