1 0.882292 0.085417 0.102083 0.116667
1 0.745833 0.073958 0.110417 0.110417
1 0.667708 0.089583 0.116667 0.116667
1 0.55 0.08125 0.116667 0.110417
1 0.351042 0.089583 0.125 0.102083
1 0.140625 0.107292 0.079167 0.13125
1 0.588542 0.251042 0.091667 0.102083
1 0.452083 0.260417 0.097917 0.1125
1 0.378125 0.251042 0.097917 0.110417
1 0.310417 0.2625 0.110417 0.102083
1 0.208333 0.264583 0.10625 0.097917
0 0.296875 0.5 0.275 0.135417
0 0.239583 0.671875 0.235417 0.25625
0 0.346875 0.66875 0.29375 0.279167
0 0.4875 0.645833 0.2875 0.264583
0 0.746875 0.494792 0.335417 0.095833
0 0.664583 0.65 0.25 0.2875
0 0.746875 0.661458 0.260417 0.29375
0 0.832292 0.652083 0.26875 0.283333
