1 0.80625 0.359375 0.145833 0.06875
1 0.65625 0.252083 0.091667 0.091667
1 0.942708 0.617708 0.095833 0.083333
1 0.892708 0.676042 0.097917 0.077083
1 0.822917 0.482292 0.091667 0.095833
1 0.894792 0.498958 0.102083 0.1125
1 0.591667 0.259375 0.102083 0.10625
1 0.536458 0.26875 0.125 0.0875
1 0.460417 0.263542 0.10625 0.10625
1 0.390625 0.257292 0.10625 0.116667
1 0.328125 0.254167 0.127083 0.116667
1 0.263542 0.254167 0.102083 0.110417
1 0.20625 0.252083 0.127083 0.127083
1 0.120833 0.263542 0.10625 0.1125
1 0.165625 0.757292 0.135417 0.097917
1 0.067708 0.098958 0.116667 0.095833
1 0.148958 0.096875 0.102083 0.091667
1 0.201042 0.104167 0.0875 0.083333
1 0.259375 0.098958 0.102083 0.0875
1 0.407292 0.0875 0.110417 0.116667
1 0.525 0.086458 0.116667 0.097917
1 0.591667 0.086458 0.102083 0.091667
1 0.735417 0.084375 0.095833 0.095833
1 0.797917 0.089583 0.102083 0.077083
1 0.86875 0.080208 0.079167 0.102083
0 0.759375 0.657292 0.283333 0.25625
0 0.702083 0.633333 0.29375 0.239583
0 0.419792 0.717708 0.097917 0.097917
0 0.414583 0.607292 0.25 0.225
0 0.189583 0.613542 0.345833 0.25625
0 0.215625 0.44375 0.36875 0.110417
