0 0.595833 0.403125 0.264583 0.110417
0 0.683333 0.482292 0.379167 0.083333
0 0.796875 0.657292 0.3125 0.272917
0 0.667708 0.683333 0.283333 0.279167
0 0.590625 0.661458 0.26875 0.279167
0 0.426042 0.628125 0.322917 0.2875
0 0.321875 0.616667 0.341667 0.29375
0 0.201042 0.642708 0.2875 0.25
1 0.1 0.609375 0.120833 0.102083
0 0.2 0.46875 0.335417 0.13125
1 0.145833 0.257292 0.102083 0.077083
0 0.339583 0.269792 0.158333 0.145833
0 0.6 0.255208 0.139583 0.160417
0 0.688542 0.253125 0.154167 0.127083
0 0.777083 0.257292 0.154167 0.15
0 0.854167 0.266667 0.160417 0.154167
1 0.140625 0.103125 0.10625 0.083333
0 0.635417 0.086458 0.15 0.154167
1 0.716667 0.105208 0.10625 0.072917
1 0.902083 0.115625 0.072917 0.095833
