1 0.18125 0.101042 0.120833 0.091667
1 0.308333 0.101042 0.102083 0.091667
1 0.68125 0.108333 0.0875 0.097917
1 0.769792 0.098958 0.110417 0.079167
1 0.723958 0.270833 0.10625 0.10625
1 0.595833 0.266667 0.102083 0.097917
1 0.482292 0.390625 0.139583 0.0875
1 0.478125 0.270833 0.110417 0.10625
1 0.223958 0.26875 0.110417 0.110417
1 0.090625 0.264583 0.160417 0.125
0 0.832292 0.628125 0.322917 0.2875
0 0.594792 0.644792 0.283333 0.239583
0 0.360417 0.664583 0.220833 0.183333
0 0.245833 0.669792 0.302083 0.260417
0 0.795833 0.46875 0.345833 0.116667
