0 0.576042 0.05625 0.264583 0.089583
0 0.484375 0.114583 0.28125 0.089583
0 0.39375 0.176042 0.2875 0.09375
0 0.345833 0.230208 0.277083 0.095833
0 0.29375 0.307292 0.275 0.102083
0 0.229167 0.366667 0.285417 0.108333
0 0.140625 0.422917 0.277083 0.089583
0 0.163542 0.242708 0.23125 0.2125
0 0.811458 0.270833 0.23125 0.2
0 0.717708 0.230208 0.241667 0.189583
0 0.504167 0.428125 0.23125 0.204167
0 0.7 0.590625 0.239583 0.225
0 0.55 0.523958 0.229167 0.2125
0 0.144792 0.767708 0.227083 0.210417
0 0.315625 0.74375 0.21875 0.2125
0 0.473958 0.658333 0.239583 0.2375
0 0.465625 0.814583 0.23125 0.229167
1 0.346875 0.578125 0.13125 0.129167
