0 0.105208 0.196875 0.15 0.370833
0 0.15 0.272917 0.11875 0.30625
0 0.184375 0.370833 0.11875 0.310417
0 0.235417 0.430208 0.133333 0.29375
0 0.267708 0.526042 0.11875 0.3
0 0.351042 0.651042 0.133333 0.264583
0 0.397917 0.709375 0.127083 0.3
0 0.44375 0.744792 0.127083 0.304167
0 0.483333 0.838542 0.11875 0.297917
0 0.530208 0.621875 0.210417 0.289583
0 0.288542 0.238542 0.2 0.283333
0 0.5125 0.107292 0.304167 0.122917
0 0.533333 0.172917 0.3 0.127083
0 0.601042 0.247917 0.291667 0.120833
0 0.647917 0.319792 0.3 0.129167
0 0.698958 0.391667 0.30625 0.122917
0 0.7875 0.55625 0.295833 0.116667
0 0.823958 0.65 0.297917 0.13125
