0 0.217708 0.090625 0.28125 0.110417
0 0.278125 0.205208 0.3 0.11875
0 0.290625 0.261458 0.295833 0.108333
0 0.323958 0.31875 0.285417 0.11875
0 0.373958 0.386458 0.302083 0.108333
0 0.432292 0.452083 0.295833 0.116667
0 0.515625 0.561458 0.291667 0.114583
0 0.533333 0.626042 0.29375 0.097917
0 0.557292 0.688542 0.291667 0.116667
0 0.6125 0.75 0.3 0.1125
0 0.6875 0.827083 0.272917 0.125
0 0.726042 0.928125 0.308333 0.13125
0 0.103125 0.654167 0.133333 0.26875
0 0.154167 0.69375 0.120833 0.283333
0 0.189583 0.798958 0.13125 0.285417
0 0.285417 0.661458 0.191667 0.254167
