0 0.116667 0.2 0.11875 0.3
0 0.160417 0.275 0.125 0.3125
0 0.204167 0.340625 0.13125 0.3375
0 0.248958 0.398958 0.139583 0.3125
0 0.285417 0.510417 0.122917 0.333333
0 0.36875 0.614583 0.1375 0.327083
0 0.414583 0.658333 0.125 0.325
0 0.533333 0.1125 0.3125 0.1125
0 0.559375 0.18125 0.31875 0.125
0 0.58125 0.240625 0.3 0.13125
0 0.638542 0.316667 0.291667 0.133333
0 0.707292 0.4 0.327083 0.127083
0 0.742708 0.507292 0.3 0.122917
0 0.779167 0.578125 0.304167 0.13125
0 0.433333 0.8125 0.11875 0.304167
0 0.594792 0.564583 0.2125 0.285417
