1 0.184375 0.084375 0.095833 0.077083
1 0.169792 0.11875 0.083333 0.075
1 0.155208 0.204167 0.09375 0.06875
1 0.146875 0.244792 0.095833 0.075
1 0.138542 0.284375 0.097917 0.072917
1 0.127083 0.322917 0.089583 0.064583
1 0.277083 0.139583 0.0875 0.075
1 0.253125 0.175 0.075 0.05625
1 0.244792 0.220833 0.091667 0.0625
1 0.2375 0.263542 0.089583 0.070833
1 0.217708 0.301042 0.083333 0.070833
1 0.192708 0.426042 0.089583 0.060417
1 0.178125 0.4625 0.0875 0.052083
1 0.170833 0.498958 0.102083 0.054167
1 0.153125 0.540625 0.097917 0.05625
1 0.138542 0.590625 0.095833 0.0625
1 0.119792 0.657292 0.095833 0.06875
1 0.384375 0.35625 0.079167 0.070833
1 0.479167 0.377083 0.079167 0.070833
1 0.377083 0.391667 0.070833 0.070833
1 0.370833 0.432292 0.09375 0.08125
1 0.448958 0.4625 0.083333 0.08125
1 0.334375 0.535417 0.0875 0.072917
1 0.325 0.592708 0.0875 0.070833
1 0.310417 0.639583 0.095833 0.064583
1 0.386458 0.657292 0.089583 0.06875
1 0.390625 0.697917 0.097917 0.06875
1 0.353125 0.770833 0.091667 0.064583
1 0.272917 0.7375 0.083333 0.0625
1 0.254167 0.794792 0.08125 0.0625
1 0.248958 0.835417 0.083333 0.077083
1 0.247917 0.884375 0.09375 0.06875
1 0.242708 0.928125 0.095833 0.070833
1 0.329167 0.86875 0.085417 0.070833
1 0.576042 0.677083 0.120833 0.0875
1 0.126042 0.35625 0.095833 0.075
1 0.098958 0.439583 0.089583 0.05625
1 0.085417 0.4875 0.116667 0.047917
1 0.060417 0.529167 0.116667 0.054167
1 0.045833 0.602083 0.083333 0.054167
1 0.620833 0.842708 0.104167 0.0875
1 0.528125 0.876042 0.075 0.0625
