1 0.951042 0.058333 0.091667 0.09375
1 0.834375 0.146875 0.114583 0.114583
1 0.769792 0.20625 0.104167 0.127083
1 0.7125 0.26875 0.114583 0.09375
1 0.823958 0.516667 0.06875 0.127083
1 0.801042 0.654167 0.079167 0.102083
1 0.75 0.689583 0.058333 0.158333
1 0.757292 0.548958 0.072917 0.125
1 0.584375 0.644792 0.09375 0.10625
1 0.685417 0.776042 0.072917 0.15
1 0.5125 0.795833 0.052083 0.11875
1 0.459375 0.835417 0.05625 0.125
1 0.40625 0.864583 0.083333 0.158333
0 0.609375 0.754167 0.245833 0.416667
