1 0.121875 0.919792 0.072917 0.127083
1 0.11875 0.76875 0.079167 0.15
1 0.182292 0.884375 0.085417 0.1125
1 0.220833 0.798958 0.0875 0.158333
1 0.257292 0.583333 0.083333 0.125
1 0.363542 0.623958 0.089583 0.145833
1 0.4375 0.3625 0.0875 0.114583
1 0.48125 0.528125 0.072917 0.1375
1 0.642708 0.123958 0.058333 0.15
1 0.535417 0.936458 0.147917 0.075
1 0.569792 0.834375 0.16875 0.09375
1 0.720833 0.695833 0.158333 0.066667
1 0.676042 0.747917 0.135417 0.08125
1 0.829167 0.579167 0.125 0.079167
1 0.9 0.470833 0.133333 0.06875
