1 0.95625 0.515625 0.072917 0.139583
1 0.897917 0.570833 0.075 0.125
1 0.839583 0.601042 0.0875 0.147917
1 0.797917 0.65625 0.083333 0.116667
1 0.540625 0.905208 0.072917 0.133333
1 0.144792 0.891667 0.108333 0.075
1 0.344792 0.71875 0.127083 0.060417
1 0.402083 0.6625 0.133333 0.075
1 0.469792 0.61875 0.125 0.077083
1 0.504167 0.561458 0.110417 0.072917
1 0.596875 0.514583 0.127083 0.09375
1 0.658333 0.453125 0.145833 0.06875
1 0.741667 0.357292 0.135417 0.085417
1 0.821875 0.313542 0.147917 0.070833
