1 0.929167 0.490625 0.06875 0.095833
1 0.776042 0.576042 0.154167 0.075
1 0.705208 0.617708 0.166667 0.072917
1 0.603125 0.6625 0.083333 0.095833
1 0.55625 0.682292 0.1 0.09375
1 0.490625 0.711458 0.085417 0.104167
1 0.38125 0.763542 0.095833 0.116667
1 0.920833 0.684375 0.083333 0.058333
1 0.757292 0.80625 0.058333 0.097917
1 0.722917 0.8125 0.083333 0.079167
1 0.688542 0.792708 0.070833 0.070833
1 0.629167 0.81875 0.085417 0.0875
1 0.538542 0.864583 0.0875 0.10625
1 0.394792 0.938542 0.091667 0.104167
