1 0.514583 0.733333 0.095833 0.064583
1 0.330208 0.517708 0.0875 0.054167
1 0.3125 0.473958 0.116667 0.054167
1 0.15 0.261458 0.110417 0.058333
0 0.188542 0.534375 0.1875 0.235417
1 0.109375 0.064583 0.110417 0.077083
1 0.1625 0.101042 0.127083 0.047917
1 0.190625 0.136458 0.125 0.04375
1 0.215625 0.180208 0.13125 0.0875
1 0.392708 0.373958 0.102083 0.06875
1 0.415625 0.442708 0.125 0.064583
1 0.483333 0.523958 0.091667 0.05
1 0.559375 0.595833 0.110417 0.0625
1 0.602083 0.64375 0.120833 0.083333
1 0.394792 0.141667 0.054167 0.1125
1 0.352083 0.084375 0.058333 0.072917
1 0.319792 0.058333 0.058333 0.102083
