1 0.267708 0.878125 0.116667 0.125
0 0.245833 0.228125 0.202083 0.2125
0 0.272917 0.117708 0.16875 0.197917
0 0.441667 0.096875 0.30625 0.097917
0 0.459375 0.158333 0.260417 0.095833
0 0.511458 0.215625 0.275 0.097917
0 0.592708 0.290625 0.23125 0.079167
0 0.39375 0.43125 0.202083 0.220833
0 0.520833 0.423958 0.191667 0.220833
0 0.65 0.3625 0.302083 0.127083
0 0.734375 0.48125 0.264583 0.10625
0 0.571875 0.660417 0.264583 0.241667
0 0.795833 0.565625 0.275 0.091667
0 0.791667 0.603125 0.254167 0.1125
0 0.845833 0.879167 0.264583 0.164583
0 0.779167 0.103125 0.177083 0.191667
