1 0.835417 0.88125 0.235417 0.114583
1 0.777083 0.788542 0.204167 0.133333
1 0.772917 0.690625 0.166667 0.095833
1 0.746875 0.602083 0.160417 0.133333
1 0.6875 0.423958 0.208333 0.1375
1 0.659375 0.346875 0.170833 0.114583
1 0.636458 0.259375 0.197917 0.133333
1 0.59375 0.127083 0.208333 0.102083
1 0.194792 0.103125 0.189583 0.125
1 0.278125 0.313542 0.245833 0.175
1 0.264583 0.455208 0.179167 0.179167
1 0.327083 0.578125 0.185417 0.175
1 0.336458 0.694792 0.166667 0.147917
1 0.376042 0.815625 0.227083 0.175
