0 0.379167 0.234375 0.091667 0.139583
0 0.329167 0.29375 0.13125 0.225
0 0.292708 0.391667 0.127083 0.25
0 0.247917 0.455208 0.13125 0.222917
0 0.182292 0.503125 0.127083 0.229167
0 0.145833 0.6 0.135417 0.26875
0 0.092708 0.683333 0.110417 0.245833
0 0.6625 0.267708 0.189583 0.2125
0 0.516667 0.483333 0.170833 0.21875
0 0.341667 0.746875 0.16875 0.214583
0 0.267708 0.719792 0.177083 0.222917
0 0.785417 0.617708 0.114583 0.077083
0 0.739583 0.691667 0.135417 0.079167
0 0.844792 0.280208 0.085417 0.089583
