0 0.909375 0.210417 0.097917 0.252083
0 0.804167 0.314583 0.083333 0.252083
0 0.7625 0.397917 0.0875 0.302083
0 0.721875 0.454167 0.083333 0.24375
0 0.676042 0.5 0.089583 0.291667
0 0.627083 0.564583 0.102083 0.252083
0 0.575 0.626042 0.089583 0.26875
0 0.533333 0.705208 0.091667 0.264583
0 0.482292 0.74375 0.089583 0.272917
0 0.427083 0.813542 0.0875 0.275
0 0.396875 0.234375 0.077083 0.110417
0 0.25 0.14375 0.11875 0.047917
0 0.525 0.2875 0.220833 0.25625
0 0.665625 0.298958 0.222917 0.235417
0 0.482292 0.535417 0.227083 0.222917
0 0.354167 0.528125 0.204167 0.23125
0 0.295833 0.763542 0.20625 0.222917
0 0.158333 0.761458 0.204167 0.241667
