0 0.436458 0.842708 0.095833 0.2875
0 0.530208 0.697917 0.120833 0.3125
0 0.630208 0.5875 0.116667 0.3125
0 0.723958 0.467708 0.091667 0.222917
0 0.81875 0.354167 0.108333 0.2625
0 0.15 0.803125 0.21875 0.252083
0 0.333333 0.558333 0.1875 0.20625
1 0.054167 0.640625 0.070833 0.08125
1 0.088542 0.607292 0.070833 0.1
1 0.120833 0.554167 0.077083 0.089583
1 0.351042 0.267708 0.072917 0.0875
1 0.415625 0.194792 0.072917 0.083333
1 0.469792 0.119792 0.060417 0.120833
1 0.508333 0.075 0.058333 0.095833
1 0.25625 0.1375 0.08125 0.070833
