0 0.808333 0.33125 0.108333 0.270833
0 0.714583 0.490625 0.122917 0.266667
0 0.41875 0.859375 0.104167 0.26875
0 0.341667 0.540625 0.222917 0.2375
0 0.152083 0.784375 0.252083 0.279167
1 0.046875 0.633333 0.079167 0.104167
1 0.085417 0.589583 0.0625 0.09375
1 0.346875 0.26875 0.041667 0.072917
0 0.504167 0.336458 0.127083 0.127083
1 0.255208 0.136458 0.095833 0.066667
1 0.298958 0.1 0.085417 0.058333
1 0.49375 0.109375 0.070833 0.089583
1 0.453125 0.144792 0.05 0.075
1 0.417708 0.196875 0.05625 0.06875
0 0.225 0.375 0.189583 0.179167
