0 0.122917 0.45625 0.15625 0.160417
0 0.147917 0.85 0.116667 0.266667
0 0.203125 0.7625 0.114583 0.2
0 0.254167 0.71875 0.166667 0.302083
0 0.333333 0.61875 0.135417 0.25625
0 0.383333 0.5625 0.116667 0.291667
0 0.433333 0.496875 0.135417 0.283333
0 0.551042 0.334375 0.125 0.291667
0 0.610417 0.273958 0.11875 0.29375
0 0.65 0.1625 0.141667 0.295833
0 0.55625 0.773958 0.202083 0.252083
1 0.376042 0.1125 0.095833 0.104167
1 0.952083 0.480208 0.0625 0.091667
1 0.89375 0.558333 0.070833 0.079167
1 0.861458 0.610417 0.06875 0.079167
1 0.830208 0.635417 0.060417 0.09375
1 0.796875 0.682292 0.070833 0.079167
1 0.771875 0.720833 0.0625 0.083333
1 0.9375 0.801042 0.08125 0.060417
1 0.919792 0.826042 0.102083 0.0625
1 0.882292 0.872917 0.1 0.05625
1 0.859375 0.922917 0.09375 0.058333
