0 0.251042 0.754167 0.125 0.2875
0 0.316667 0.632292 0.116667 0.283333
0 0.378125 0.54375 0.127083 0.275
0 0.552083 0.338542 0.125 0.260417
0 0.594792 0.244792 0.125 0.264583
0 0.65 0.192708 0.120833 0.279167
0 0.360417 0.136458 0.197917 0.25
0 0.142708 0.414583 0.225 0.252083
0 0.470833 0.678125 0.191667 0.241667
0 0.740625 0.502083 0.222917 0.2625
0 0.578125 0.716667 0.154167 0.195833
1 0.919792 0.510417 0.060417 0.077083
1 0.878125 0.541667 0.047917 0.089583
1 0.85625 0.614583 0.064583 0.075
1 0.841667 0.919792 0.10625 0.054167
1 0.815625 0.964583 0.097917 0.05625
