0 0.36875 0.264583 0.133333 0.245833
0 0.326042 0.329167 0.133333 0.24375
0 0.275 0.379167 0.11875 0.24375
0 0.238542 0.445833 0.114583 0.247917
0 0.1625 0.533333 0.122917 0.229167
0 0.126042 0.589583 0.120833 0.254167
0 0.075 0.65625 0.127083 0.254167
0 0.40625 0.452083 0.175 0.225
0 0.566667 0.222917 0.164583 0.210417
0 0.648958 0.294792 0.166667 0.214583
0 0.46875 0.578125 0.170833 0.216667
0 0.30625 0.798958 0.16875 0.21875
0 0.613542 0.592708 0.152083 0.220833
0 0.841667 0.276042 0.183333 0.208333
0 0.772917 0.669792 0.10625 0.085417
