0 0.579167 0.246875 0.135417 0.247917
0 0.515625 0.313542 0.154167 0.295833
0 0.4 0.470833 0.125 0.258333
0 0.341667 0.515625 0.114583 0.208333
0 0.303125 0.642708 0.145833 0.25625
0 0.223958 0.692708 0.135417 0.264583
0 0.172917 0.811458 0.13125 0.25625
0 0.110417 0.80625 0.06875 0.15625
0 0.639583 0.598958 0.191667 0.20625
1 0.958333 0.747917 0.08125 0.054167
1 0.922917 0.789583 0.108333 0.0625
1 0.951042 0.429167 0.060417 0.072917
1 0.8125 0.653125 0.064583 0.08125
1 0.836458 0.592708 0.066667 0.0625
1 0.8625 0.563542 0.08125 0.089583
1 0.896875 0.532292 0.089583 0.102083
1 0.91875 0.482292 0.09375 0.0875
1 0.790625 0.73125 0.060417 0.085417
1 0.633333 0.927083 0.095833 0.083333
1 0.653125 0.885417 0.083333 0.095833
1 0.692708 0.827083 0.060417 0.097917
1 0.723958 0.778125 0.064583 0.097917
1 0.746875 0.732292 0.070833 0.1
1 0.865625 0.873958 0.09375 0.0625
1 0.823958 0.961458 0.110417 0.05
0 0.494792 0.81875 0.09375 0.11875
1 0.83125 0.330208 0.1375 0.120833
1 0.748958 0.435417 0.14375 0.133333
