0 0.9375 0.161458 0.1125 0.233333
0 0.884375 0.241667 0.120833 0.135417
0 0.796875 0.326042 0.116667 0.258333
0 0.75625 0.415625 0.104167 0.195833
0 0.711458 0.513542 0.139583 0.270833
0 0.597917 0.571875 0.14375 0.295833
0 0.516667 0.697917 0.1375 0.28125
0 0.660417 0.129167 0.114583 0.129167
0 0.383333 0.44375 0.141667 0.160417
0 0.2125 0.679167 0.266667 0.2875
0 0.794792 0.780208 0.239583 0.283333
0 0.416667 0.8125 0.135417 0.279167
1 0.513542 0.326042 0.0875 0.09375
1 0.265625 0.094792 0.0875 0.054167
