1 0.207292 0.18125 0.083333 0.127083
1 0.175 0.21875 0.066667 0.09375
1 0.480208 0.109375 0.122917 0.060417
1 0.45625 0.15 0.095833 0.047917
1 0.404167 0.188542 0.0875 0.027083
1 0.360417 0.227083 0.089583 0.03125
1 0.357292 0.275 0.075 0.0375
1 0.166667 0.428125 0.054167 0.08125
1 0.034375 0.435417 0.05625 0.072917
1 0.066667 0.4 0.083333 0.075
1 0.084375 0.35625 0.0625 0.060417
1 0.1375 0.573958 0.08125 0.041667
1 0.107292 0.616667 0.0875 0.058333
1 0.088542 0.658333 0.089583 0.052083
1 0.058333 0.695833 0.110417 0.05625
