1 0.096875 0.684375 0.11875 0.153125
1 0.121875 0.359375 0.16875 0.096875
1 0.279687 0.396875 0.1875 0.109375
1 0.1125 0.248438 0.13125 0.11875
1 0.171875 0.264062 0.115625 0.109375
1 0.240625 0.289062 0.11875 0.09375
1 0.295312 0.320312 0.11875 0.109375
1 0.3375 0.334375 0.1375 0.115625
1 0.417187 0.342187 0.13125 0.0875
1 0.50625 0.339062 0.096875 0.09375
1 0.40625 0.214062 0.11875 0.165625
1 0.345313 0.1875 0.13125 0.13125
1 0.2875 0.165625 0.115625 0.11875
1 0.234375 0.148438 0.109375 0.14375
1 0.617188 0.353125 0.165625 0.13125
1 0.725 0.320312 0.125 0.175
1 0.765625 0.165625 0.13125 0.14375
1 0.779687 0.30625 0.146875 0.115625
1 0.873437 0.298438 0.146875 0.109375
1 0.901563 0.25 0.190625 0.146875
