1 0.464062 0.589063 0.23125 0.1375
1 0.107813 0.576562 0.190625 0.13125
1 0.09375 0.746875 0.14375 0.153125
1 0.201563 0.757812 0.16875 0.175
1 0.295312 0.753125 0.146875 0.165625
1 0.36875 0.739062 0.16875 0.18125
1 0.098437 0.409375 0.146875 0.165625
1 0.209375 0.395313 0.215625 0.215625
1 0.3 0.41875 0.1875 0.16875
1 0.407813 0.409375 0.190625 0.1875
1 0.5 0.395313 0.175 0.16875
1 0.59375 0.395313 0.175 0.16875
1 0.679688 0.423438 0.16875 0.159375
1 0.798438 0.404687 0.109375 0.13125
1 0.904687 0.41875 0.1875 0.190625
