1 0.9125 0.2375 0.153125 0.146875
1 0.85625 0.28125 0.1875 0.146875
1 0.845313 0.30625 0.165625 0.14375
1 0.734375 0.309375 0.165625 0.159375
1 0.61875 0.359375 0.14375 0.1375
1 0.453125 0.264062 0.1875 0.125
1 0.295312 0.18125 0.103125 0.125
1 0.507812 0.35625 0.0875 0.14375
1 0.453125 0.345313 0.0875 0.11875
1 0.371875 0.325 0.103125 0.115625
1 0.314063 0.314063 0.096875 0.115625
1 0.260937 0.310937 0.09375 0.109375
1 0.192188 0.295312 0.13125 0.11875
1 0.134375 0.2625 0.146875 0.14375
1 0.098437 0.23125 0.14375 0.1375
