1 0.4375 0.176563 0.109375 0.09375
1 0.376563 0.184375 0.14375 0.096875
1 0.290625 0.1625 0.09375 0.13125
1 0.157812 0.153125 0.071875 0.08125
1 0.070312 0.245312 0.08125 0.109375
1 0.120313 0.264062 0.115625 0.115625
1 0.15625 0.285938 0.11875 0.103125
1 0.229687 0.303125 0.103125 0.115625
1 0.275 0.321875 0.159375 0.109375
1 0.360938 0.325 0.109375 0.146875
1 0.4125 0.339062 0.103125 0.109375
1 0.504687 0.360938 0.096875 0.14375
1 0.60625 0.346875 0.146875 0.146875
1 0.723437 0.33125 0.159375 0.09375
1 0.803125 0.325 0.175 0.103125
1 0.864062 0.242188 0.14375 0.09375
1 0.604688 0.625 0.13125 0.159375
