1 0.329688 0.551562 0.275 0.103125
1 0.182812 0.725 0.103125 0.196875
1 0.307812 0.75625 0.1875 0.203125
1 0.395313 0.735938 0.165625 0.196875
1 0.515625 0.732812 0.159375 0.18125
1 0.6125 0.735938 0.175 0.175
1 0.68125 0.757812 0.18125 0.1875
1 0.792188 0.746875 0.159375 0.175
1 0.892188 0.742188 0.16875 0.196875
1 0.3875 0.41875 0.159375 0.225
1 0.509375 0.390625 0.1375 0.1375
1 0.573438 0.395313 0.14375 0.203125
1 0.673438 0.39375 0.14375 0.196875
1 0.778125 0.404687 0.175 0.196875
1 0.842187 0.41875 0.203125 0.190625
