0 0.217188 0.671875 0.4 0.16875
0 0.514062 0.901563 0.38125 0.16875
1 0.492188 0.7125 0.125 0.071875
1 0.56875 0.765625 0.140625 0.0625
1 0.079687 0.064062 0.11875 0.065625
1 0.151562 0.1875 0.10625 0.071875
1 0.290625 0.175 0.10625 0.075
1 0.179688 0.245312 0.096875 0.08125
1 0.25625 0.26875 0.1375 0.071875
1 0.442188 0.18125 0.1 0.1125
1 0.339062 0.34375 0.146875 0.071875
1 0.448437 0.290625 0.115625 0.05625
1 0.464062 0.332813 0.13125 0.05
1 0.5125 0.367188 0.128125 0.065625
1 0.576562 0.423438 0.196875 0.090625
1 0.525 0.092188 0.06875 0.115625
1 0.603125 0.164062 0.075 0.159375
1 0.684375 0.198437 0.071875 0.146875
1 0.857812 0.326562 0.1 0.1625
1 0.939063 0.36875 0.075 0.109375
1 0.710938 0.598437 0.1125 0.096875
1 0.851562 0.589063 0.125 0.071875
1 0.779687 0.654687 0.10625 0.090625
1 0.817187 0.70625 0.0875 0.103125
1 0.692187 0.35625 0.10625 0.1125
