0 0.348438 0.7875 0.359375 0.15
0 0.303125 0.721875 0.38125 0.1375
0 0.228125 0.660937 0.340625 0.159375
1 0.523438 0.089063 0.08125 0.121875
1 0.314063 0.210938 0.125 0.0875
1 0.41875 0.282813 0.13125 0.084375
1 0.534375 0.623437 0.10625 0.10625
1 0.85625 0.846875 0.109375 0.10625
1 0.6125 0.421875 0.109375 0.078125
1 0.657813 0.476562 0.16875 0.071875
1 0.8375 0.309375 0.0875 0.13125
1 0.951562 0.370312 0.078125 0.140625
1 0.670312 0.184375 0.0875 0.109375
1 0.926562 0.748437 0.134375 0.08125
