1 0.88125 0.45 0.134375 0.09375
1 0.826562 0.392188 0.115625 0.071875
1 0.770312 0.3375 0.13125 0.075
1 0.745313 0.278125 0.11875 0.078125
1 0.673438 0.235937 0.1125 0.090625
1 0.7125 0.139063 0.14375 0.05625
1 0.657813 0.0875 0.10625 0.075
1 0.517188 0.079687 0.13125 0.053125
1 0.590625 0.148438 0.103125 0.096875
1 0.63125 0.196875 0.1 0.090625
1 0.09375 0.06875 0.09375 0.125
1 0.146875 0.121875 0.09375 0.128125
1 0.204687 0.16875 0.071875 0.146875
1 0.259375 0.215625 0.084375 0.146875
1 0.30625 0.245312 0.0875 0.109375
1 0.65 0.548438 0.0875 0.140625
1 0.696875 0.626563 0.090625 0.125
1 0.895312 0.810937 0.06875 0.134375
