1 0.526563 0.0875 0.14375 0.08125
1 0.559375 0.145313 0.1625 0.075
1 0.623437 0.210938 0.11875 0.10625
1 0.740625 0.29375 0.134375 0.084375
1 0.78125 0.360938 0.13125 0.071875
1 0.898438 0.446875 0.1375 0.103125
1 0.145313 0.115625 0.08125 0.134375
1 0.217188 0.1625 0.059375 0.13125
1 0.292187 0.259375 0.071875 0.115625
1 0.3625 0.314063 0.071875 0.125
1 0.414062 0.365625 0.09375 0.121875
1 0.584375 0.526563 0.078125 0.125
1 0.823438 0.734375 0.071875 0.134375
1 0.651563 0.615625 0.071875 0.109375
1 0.715625 0.657813 0.065625 0.121875
1 0.757812 0.698438 0.075 0.13125
