1 0.135937 0.3125 0.125 0.065625
1 0.192188 0.373437 0.125 0.071875
1 0.278125 0.41875 0.128125 0.071875
1 0.334375 0.473438 0.134375 0.065625
1 0.303125 0.55 0.1125 0.090625
1 0.421875 0.510938 0.13125 0.078125
1 0.360938 0.585938 0.11875 0.0875
1 0.495312 0.573438 0.115625 0.09375
1 0.615625 0.528125 0.115625 0.1125
1 0.546875 0.717187 0.125 0.071875
1 0.682813 0.689063 0.121875 0.08125
1 0.646875 0.796875 0.10625 0.084375
1 0.75625 0.728125 0.103125 0.075
1 0.784375 0.628125 0.125 0.125
1 0.707812 0.832812 0.1125 0.075
1 0.775 0.865625 0.0875 0.078125
1 0.8125 0.9 0.10625 0.0875
1 0.859375 0.94375 0.103125 0.0875
1 0.804688 0.771875 0.10625 0.065625
1 0.854688 0.801562 0.109375 0.0625
1 0.884375 0.84375 0.109375 0.053125
1 0.940625 0.871875 0.1 0.071875
1 0.675 0.4375 0.071875 0.153125
1 0.734375 0.4625 0.0875 0.1125
1 0.7875 0.509375 0.0875 0.109375
1 0.829688 0.528125 0.096875 0.09375
1 0.884375 0.564063 0.06875 0.090625
1 0.929688 0.5875 0.071875 0.090625
1 0.3125 0.695312 0.121875 0.121875
