0 0.270313 0.110937 0.321875 0.109375
0 0.34375 0.195312 0.378125 0.103125
0 0.453125 0.284375 0.3875 0.109375
0 0.267188 0.38125 0.340625 0.340625
0 0.61875 0.439063 0.378125 0.10625
0 0.69375 0.520312 0.43125 0.096875
0 0.764062 0.5875 0.390625 0.090625
0 0.765625 0.828125 0.35625 0.303125
1 0.1375 0.496875 0.10625 0.08125
1 0.154688 0.554688 0.14375 0.053125
1 0.26875 0.65 0.125 0.078125
1 0.085938 0.614062 0.125 0.103125
1 0.126562 0.678125 0.121875 0.1
1 0.165625 0.729688 0.115625 0.09375
1 0.3 0.695312 0.15 0.078125
1 0.378125 0.751563 0.134375 0.059375
1 0.442188 0.798438 0.128125 0.078125
1 0.285938 0.814063 0.1375 0.075
1 0.335938 0.867188 0.115625 0.10625
