1 0.448437 0.403125 0.14375 0.06875
1 0.4625 0.473438 0.103125 0.06875
1 0.357812 0.63125 0.115625 0.053125
1 0.401562 0.6875 0.10625 0.0625
1 0.425 0.740625 0.09375 0.06875
1 0.45 0.817187 0.115625 0.059375
1 0.504687 0.88125 0.096875 0.0625
1 0.534375 0.921875 0.090625 0.05625
1 0.195312 0.826562 0.065625 0.084375
1 0.235937 0.878125 0.0875 0.115625
1 0.284375 0.93125 0.103125 0.128125
1 0.723437 0.460938 0.071875 0.115625
1 0.779687 0.529687 0.103125 0.10625
1 0.865625 0.679688 0.065625 0.109375
1 0.715625 0.854688 0.165625 0.06875
1 0.617188 0.685937 0.13125 0.065625
1 0.679688 0.778125 0.1625 0.078125
