1 0.942187 0.778125 0.084375 0.10625
1 0.823438 0.639062 0.09375 0.115625
1 0.740625 0.459375 0.103125 0.090625
1 0.453125 0.398438 0.109375 0.06875
1 0.376563 0.632812 0.115625 0.0625
1 0.407813 0.678125 0.146875 0.053125
1 0.435937 0.739062 0.121875 0.06875
1 0.464062 0.79375 0.146875 0.084375
1 0.501563 0.864062 0.165625 0.071875
1 0.535937 0.925 0.115625 0.06875
1 0.159375 0.773438 0.071875 0.1125
1 0.221875 0.804688 0.103125 0.1125
1 0.25 0.871875 0.115625 0.075
1 0.289062 0.929688 0.13125 0.103125
