1 0.132812 0.320312 0.13125 0.13125
1 0.225 0.328125 0.16875 0.16875
1 0.307812 0.339062 0.203125 0.159375
1 0.373437 0.385937 0.190625 0.165625
1 0.490625 0.353125 0.18125 0.175
1 0.692187 0.395313 0.153125 0.18125
1 0.785937 0.395313 0.165625 0.159375
1 0.889062 0.384375 0.159375 0.146875
1 0.226562 0.66875 0.175 0.165625
1 0.321875 0.675 0.175 0.153125
1 0.4625 0.676562 0.146875 0.190625
1 0.595313 0.696875 0.1375 0.196875
1 0.728125 0.726562 0.190625 0.190625
1 0.796875 0.71875 0.11875 0.175
1 0.878125 0.71875 0.125 0.196875
