0 0.626563 0.8875 0.575 0.11875
1 0.157812 0.623437 0.16875 0.146875
1 0.24375 0.607812 0.165625 0.146875
1 0.31875 0.601562 0.16875 0.159375
1 0.454688 0.610938 0.165625 0.153125
1 0.825 0.615625 0.175 0.153125
1 0.446875 0.08125 0.16875 0.153125
1 0.332813 0.203125 0.209375 0.153125
1 0.695312 0.214062 0.2375 0.0875
1 0.10625 0.346875 0.14375 0.13125
1 0.182812 0.360938 0.175 0.115625
1 0.285938 0.354687 0.125 0.125
1 0.470313 0.3875 0.14375 0.159375
1 0.5875 0.335938 0.165625 0.153125
1 0.676562 0.332813 0.11875 0.16875
1 0.759375 0.365625 0.153125 0.1375
1 0.842187 0.354687 0.153125 0.159375
