1 0.334375 0.19375 0.14375 0.196875
1 0.439063 0.2125 0.109375 0.18125
1 0.53125 0.76875 0.103125 0.1875
1 0.439063 0.779687 0.109375 0.165625
1 0.3375 0.757812 0.159375 0.1875
1 0.221875 0.773438 0.115625 0.165625
1 0.114062 0.757812 0.14375 0.13125
0 0.832812 0.48125 0.309375 0.165625
0 0.564063 0.496875 0.203125 0.196875
1 0.48125 0.460938 0.190625 0.1375
0 0.671875 0.226562 0.21875 0.209375
1 0.323437 0.425 0.1875 0.1875
1 0.215625 0.409375 0.190625 0.13125
1 0.121875 0.414062 0.18125 0.175
