1 0.404687 0.21875 0.21875 0.103125
1 0.864062 0.614062 0.1875 0.13125
1 0.75 0.60625 0.159375 0.159375
1 0.645312 0.596875 0.159375 0.175
1 0.551562 0.592187 0.190625 0.175
1 0.454688 0.592187 0.153125 0.165625
1 0.36875 0.589063 0.190625 0.190625
1 0.240625 0.60625 0.159375 0.16875
1 0.160938 0.359375 0.175 0.14375
1 0.282813 0.35625 0.153125 0.1375
1 0.360938 0.367188 0.13125 0.125
1 0.448437 0.359375 0.153125 0.13125
1 0.670312 0.342187 0.165625 0.175
1 0.846875 0.340625 0.175 0.146875
0 0.382812 0.876563 0.553125 0.165625
