1 0.140625 0.071875 0.159375 0.13125
1 0.246875 0.09375 0.159375 0.14375
1 0.34375 0.109375 0.165625 0.14375
1 0.835938 0.173437 0.175 0.125
1 0.925 0.165625 0.14375 0.13125
0 0.50625 0.353125 0.48125 0.153125
1 0.614062 0.445312 0.21875 0.103125
1 0.390625 0.423438 0.215625 0.115625
1 0.885938 0.732812 0.14375 0.16875
1 0.775 0.710938 0.096875 0.146875
1 0.684375 0.725 0.125 0.14375
1 0.564063 0.69375 0.109375 0.146875
1 0.476562 0.690625 0.109375 0.165625
1 0.3875 0.654687 0.14375 0.18125
1 0.279687 0.653125 0.146875 0.175
1 0.178125 0.671875 0.175 0.190625
1 0.91875 0.417187 0.153125 0.18125
1 0.81875 0.385937 0.14375 0.175
1 0.178125 0.303125 0.165625 0.165625
