1 0.539062 0.160938 0.140625 0.103125
1 0.526563 0.221875 0.14375 0.1125
1 0.514062 0.28125 0.146875 0.109375
1 0.496875 0.339062 0.134375 0.096875
1 0.721875 0.064062 0.13125 0.1125
1 0.685937 0.117188 0.1125 0.084375
1 0.673438 0.185938 0.1375 0.09375
1 0.6625 0.25 0.134375 0.10625
1 0.632812 0.30625 0.125 0.10625
1 0.595313 0.49375 0.134375 0.090625
1 0.573438 0.548438 0.13125 0.078125
1 0.5625 0.603125 0.153125 0.08125
1 0.535937 0.665625 0.146875 0.084375
1 0.514062 0.740625 0.14375 0.09375
1 0.485938 0.840625 0.14375 0.103125
1 0.882812 0.389062 0.11875 0.10625
1 0.871875 0.442188 0.10625 0.10625
1 0.8625 0.503125 0.140625 0.121875
1 0.807813 0.657813 0.13125 0.109375
1 0.79375 0.74375 0.13125 0.10625
1 0.771875 0.814063 0.14375 0.096875
1 0.885938 0.840625 0.134375 0.103125
1 0.892188 0.901563 0.146875 0.103125
1 0.495312 0.389062 0.14375 0.1125
1 0.454688 0.514062 0.134375 0.084375
1 0.434375 0.585938 0.175 0.071875
1 0.396875 0.648438 0.175 0.08125
1 0.375 0.757812 0.125 0.08125
1 0.339062 0.810937 0.140625 0.090625
