1 0.585938 0.107813 0.10625 0.090625
1 0.570312 0.16875 0.14375 0.1125
1 0.521875 0.276562 0.153125 0.115625
1 0.525 0.342187 0.14375 0.096875
1 0.514062 0.398438 0.14375 0.1
1 0.478125 0.51875 0.11875 0.10625
1 0.446875 0.610938 0.128125 0.125
1 0.432812 0.682813 0.134375 0.10625
1 0.404687 0.746875 0.125 0.128125
1 0.701562 0.10625 0.134375 0.125
1 0.69375 0.19375 0.134375 0.13125
1 0.596875 0.482812 0.121875 0.103125
1 0.578125 0.632812 0.146875 0.103125
1 0.5125 0.859375 0.14375 0.128125
1 0.903125 0.382812 0.13125 0.109375
1 0.870313 0.5 0.134375 0.10625
1 0.828125 0.739062 0.14375 0.103125
1 0.784375 0.809375 0.165625 0.1
1 0.759375 0.896875 0.146875 0.1
