1 0.870313 0.884375 0.13125 0.071875
0 0.253125 0.715625 0.303125 0.31875
0 0.396875 0.535937 0.16875 0.115625
0 0.457813 0.632812 0.1375 0.153125
0 0.560937 0.75625 0.196875 0.115625
0 0.659375 0.598437 0.196875 0.13125
0 0.590625 0.51875 0.190625 0.103125
0 0.551562 0.453125 0.190625 0.125
0 0.496875 0.385937 0.225 0.115625
0 0.45 0.317188 0.175 0.096875
0 0.385937 0.25625 0.159375 0.096875
0 0.310937 0.173437 0.209375 0.096875
0 0.2 0.321875 0.240625 0.309375
1 0.270313 0.109375 0.146875 0.09375
1 0.615625 0.153125 0.0875 0.190625
1 0.701562 0.239063 0.103125 0.153125
1 0.792188 0.35625 0.065625 0.196875
1 0.917188 0.515625 0.071875 0.165625
1 0.845313 0.428125 0.125 0.1875
