1 0.460938 0.18125 0.175 0.153125
1 0.89375 0.1125 0.090625 0.1375
1 0.873437 0.359375 0.153125 0.125
1 0.7625 0.109375 0.04375 0.115625
1 0.7125 0.159375 0.0875 0.125
1 0.671875 0.223438 0.134375 0.15
1 0.5375 0.410938 0.096875 0.11875
1 0.49375 0.470313 0.146875 0.14375
1 0.826562 0.482812 0.115625 0.09375
1 0.776563 0.564063 0.14375 0.096875
1 0.73125 0.6125 0.165625 0.115625
1 0.526563 0.875 0.121875 0.078125
1 0.339062 0.735938 0.08125 0.1375
1 0.4625 0.964063 0.146875 0.065625
1 0.270313 0.78125 0.090625 0.1375
1 0.239063 0.857812 0.10625 0.159375
1 0.19375 0.91875 0.08125 0.15
