0 0.175 0.18125 0.04375 0.022917
0 0.221875 0.19375 0.0375 0.025
0 0.278125 0.207292 0.047917 0.027083
0 0.348958 0.225 0.039583 0.027083
0 0.397917 0.2375 0.05625 0.029167
0 0.459375 0.252083 0.052083 0.029167
0 0.464583 0.130208 0.01875 0.054167
0 0.545833 0.120833 0.045833 0.020833
0 0.511458 0.146875 0.035417 0.01875
0 0.130208 0.209375 0.047917 0.029167
0 0.128125 0.609375 0.020833 0.041667
0 0.272917 0.61875 0.052083 0.03125
0 0.259375 0.501042 0.03125 0.04375
0 0.278125 0.5 0.025 0.04375
0 0.295833 0.503125 0.029167 0.04375
0 0.316667 0.509375 0.029167 0.05
0 0.347917 0.523958 0.027083 0.041667
0 0.357292 0.523958 0.025 0.04375
0 0.379167 0.532292 0.022917 0.041667
0 0.41875 0.547917 0.025 0.039583
0 0.4375 0.551042 0.025 0.041667
0 0.484375 0.5625 0.029167 0.045833
0 0.555208 0.584375 0.025 0.041667
0 0.313542 0.60625 0.027083 0.041667
0 0.329167 0.611458 0.020833 0.039583
0 0.3375 0.6125 0.022917 0.039583
0 0.347917 0.616667 0.020833 0.0375
0 0.361458 0.622917 0.022917 0.035417
0 0.377083 0.623958 0.022917 0.041667
0 0.3875 0.626042 0.025 0.039583
0 0.405208 0.632292 0.029167 0.041667
0 0.469792 0.647917 0.027083 0.04375
0 0.49375 0.660417 0.029167 0.04375
0 0.602083 0.710417 0.04375 0.029167
0 0.583333 0.592708 0.029167 0.045833
0 0.614583 0.603125 0.03125 0.04375
0 0.615625 0.547917 0.029167 0.039583
0 0.438542 0.498958 0.029167 0.039583
0 0.366667 0.473958 0.027083 0.039583
0 0.323958 0.459375 0.027083 0.041667
0 0.335417 0.465625 0.020833 0.035417
0 0.35 0.46875 0.027083 0.035417
0 0.473958 0.455208 0.022917 0.0375
0 0.654167 0.511458 0.022917 0.033333
0 0.673958 0.567708 0.029167 0.045833
0 0.661458 0.615625 0.025 0.041667
0 0.7 0.628125 0.027083 0.04375
0 0.66875 0.7125 0.035417 0.05
0 0.515625 0.773958 0.027083 0.041667
0 0.53125 0.779167 0.025 0.0375
0 0.613542 0.801042 0.027083 0.04375
0 0.691667 0.829167 0.029167 0.045833
0 0.710417 0.830208 0.029167 0.04375
0 0.597917 0.848958 0.054167 0.03125
0 0.690625 0.877083 0.052083 0.027083
0 0.627083 0.105208 0.039583 0.047917
0 0.509375 0.307292 0.058333 0.0375
0 0.785417 0.544792 0.033333 0.047917
0 0.788542 0.604167 0.027083 0.041667
0 0.810417 0.613542 0.027083 0.047917
0 0.770833 0.655208 0.025 0.05
0 0.714583 0.726042 0.027083 0.052083
0 0.764583 0.74375 0.029167 0.04375
0 0.821875 0.757292 0.029167 0.054167
0 0.805208 0.808333 0.054167 0.025
0 0.777083 0.907292 0.05625 0.029167
0 0.930208 0.49375 0.060417 0.041667
0 0.819792 0.454167 0.0625 0.039583
0 0.775 0.284375 0.035417 0.054167
0 0.863542 0.327083 0.047917 0.039583
1 0.064583 0.246875 0.0375 0.03125
1 0.219792 0.283333 0.047917 0.033333
1 0.488542 0.347917 0.033333 0.029167
1 0.615625 0.392708 0.060417 0.035417
