0 0.286458 0.391667 0.033333 0.047917
0 0.311458 0.402083 0.03125 0.041667
0 0.361458 0.416667 0.027083 0.04375
0 0.380208 0.421875 0.027083 0.045833
0 0.45 0.447917 0.03125 0.04375
0 0.538542 0.472917 0.03125 0.045833
0 0.627083 0.497917 0.029167 0.047917
0 0.275 0.446875 0.029167 0.039583
0 0.211458 0.411458 0.047917 0.027083
0 0.313542 0.455208 0.025 0.04375
0 0.334375 0.461458 0.027083 0.041667
0 0.361458 0.471875 0.03125 0.04375
0 0.432292 0.492708 0.027083 0.04375
0 0.453125 0.498958 0.025 0.041667
0 0.522917 0.522917 0.027083 0.041667
0 0.630208 0.553125 0.029167 0.047917
0 0.698958 0.575 0.033333 0.04375
0 0.785417 0.601042 0.029167 0.041667
0 0.805208 0.553125 0.029167 0.039583
0 0.252083 0.49375 0.029167 0.047917
0 0.276042 0.5 0.025 0.041667
0 0.289583 0.50625 0.027083 0.039583
0 0.314583 0.509375 0.025 0.041667
0 0.326042 0.513542 0.022917 0.0375
0 0.344792 0.517708 0.022917 0.039583
0 0.35625 0.523958 0.022917 0.039583
0 0.366667 0.526042 0.022917 0.039583
0 0.386458 0.532292 0.025 0.0375
0 0.416667 0.54375 0.022917 0.039583
0 0.434375 0.545833 0.022917 0.0375
0 0.44375 0.544792 0.025 0.039583
0 0.492708 0.564583 0.027083 0.04375
0 0.592708 0.594792 0.029167 0.045833
0 0.678125 0.622917 0.029167 0.045833
0 0.696875 0.626042 0.027083 0.04375
0 0.764583 0.65 0.027083 0.041667
0 0.783333 0.652083 0.027083 0.045833
0 0.497917 0.154167 0.039583 0.016667
0 0.539583 0.120833 0.039583 0.010417
0 0.527083 0.134375 0.035417 0.01875
0 0.5125 0.09375 0.014583 0.04375
0 0.504167 0.101042 0.0125 0.041667
0 0.494792 0.107292 0.010417 0.039583
0 0.485417 0.114583 0.0125 0.041667
0 0.479167 0.11875 0.014583 0.039583
0 0.458333 0.135417 0.016667 0.041667
0 0.260417 0.2 0.079167 0.035417
0 0.398958 0.2375 0.047917 0.027083
0 0.461458 0.253125 0.047917 0.03125
0 0.094792 0.201042 0.052083 0.027083
0 0.154167 0.215625 0.045833 0.020833
0 0.20625 0.228125 0.045833 0.025
0 0.266667 0.24375 0.047917 0.029167
0 0.3625 0.270833 0.052083 0.027083
0 0.347917 0.31875 0.047917 0.027083
0 0.497917 0.307292 0.047917 0.027083
0 0.557292 0.326042 0.041667 0.025
0 0.7125 0.367708 0.05625 0.033333
0 0.778125 0.2875 0.035417 0.05
0 0.585417 0.384375 0.052083 0.035417
0 0.666667 0.407292 0.054167 0.03125
0 0.764583 0.436458 0.060417 0.035417
0 0.310417 0.602083 0.033333 0.052083
0 0.325 0.607292 0.029167 0.0375
0 0.336458 0.608333 0.027083 0.0375
0 0.355208 0.617708 0.022917 0.041667
0 0.364583 0.61875 0.025 0.041667
0 0.383333 0.623958 0.027083 0.041667
0 0.405208 0.633333 0.027083 0.045833
0 0.416667 0.635417 0.025 0.039583
0 0.4625 0.65 0.027083 0.041667
0 0.475 0.655208 0.022917 0.041667
0 0.491667 0.658333 0.027083 0.039583
0 0.560417 0.679167 0.025 0.04375
0 0.577083 0.683333 0.022917 0.039583
0 0.646875 0.708333 0.027083 0.04375
0 0.664583 0.7125 0.027083 0.041667
0 0.675 0.715625 0.022917 0.041667
0 0.684375 0.71875 0.025 0.04375
0 0.69375 0.722917 0.025 0.039583
0 0.711458 0.727083 0.027083 0.04375
0 0.732292 0.734375 0.029167 0.045833
0 0.760417 0.741667 0.029167 0.045833
0 0.814583 0.761458 0.03125 0.047917
0 0.533333 0.719792 0.052083 0.027083
0 0.626042 0.753125 0.05 0.029167
0 0.704167 0.779167 0.054167 0.03125
0 0.726042 0.785417 0.047917 0.029167
0 0.509375 0.772917 0.029167 0.047917
0 0.528125 0.776042 0.029167 0.04375
0 0.588542 0.796875 0.027083 0.05
0 0.613542 0.801042 0.035417 0.05
0 0.707292 0.832292 0.03125 0.047917
0 0.785417 0.85 0.035417 0.05
0 0.589583 0.851042 0.054167 0.03125
0 0.878125 0.425 0.04375 0.033333
0 0.965625 0.507292 0.054167 0.041667
0 0.854167 0.672917 0.03125 0.052083
0 0.877083 0.628125 0.033333 0.04375
0 0.875 0.573958 0.027083 0.045833
0 0.896875 0.578125 0.029167 0.041667
