0 0.109375 0.163542 0.039583 0.025
0 0.145833 0.172917 0.04375 0.022917
0 0.226042 0.19375 0.045833 0.027083
0 0.267708 0.205208 0.04375 0.022917
0 0.308333 0.2125 0.04375 0.025
0 0.392708 0.235417 0.04375 0.027083
0 0.701042 0.285417 0.045833 0.0375
0 0.735417 0.327083 0.04375 0.03125
0 0.7125 0.364583 0.064583 0.039583
0 0.458333 0.134375 0.01875 0.045833
0 0.470833 0.127083 0.0125 0.04375
0 0.479167 0.117708 0.0125 0.041667
0 0.488542 0.109375 0.014583 0.047917
0 0.496875 0.103125 0.0125 0.04375
0 0.507292 0.095833 0.014583 0.045833
0 0.516667 0.088542 0.014583 0.047917
0 0.5 0.154167 0.039583 0.010417
0 0.513542 0.148958 0.0375 0.0125
0 0.514583 0.139583 0.0375 0.0125
0 0.528125 0.134375 0.0375 0.014583
0 0.533333 0.127083 0.039583 0.0125
0 0.54375 0.120833 0.041667 0.016667
0 0.126042 0.602083 0.025 0.047917
0 0.169792 0.465625 0.022917 0.045833
0 0.3 0.377083 0.0375 0.022917
0 0.34375 0.391667 0.041667 0.022917
0 0.291667 0.398958 0.025 0.039583
0 0.302083 0.401042 0.022917 0.0375
0 0.311458 0.404167 0.025 0.0375
0 0.320833 0.40625 0.022917 0.039583
0 0.332292 0.411458 0.020833 0.039583
0 0.342708 0.413542 0.025 0.039583
0 0.353125 0.417708 0.027083 0.0375
0 0.363542 0.417708 0.025 0.0375
0 0.377083 0.423958 0.022917 0.035417
0 0.389583 0.427083 0.025 0.041667
0 0.401042 0.432292 0.022917 0.041667
0 0.410417 0.432292 0.022917 0.041667
0 0.421875 0.438542 0.020833 0.0375
0 0.430208 0.438542 0.022917 0.039583
0 0.441667 0.442708 0.025 0.04375
0 0.451042 0.445833 0.025 0.0375
0 0.453125 0.421875 0.041667 0.03125
0 0.471875 0.454167 0.027083 0.041667
0 0.491667 0.460417 0.022917 0.039583
0 0.5 0.461458 0.025 0.041667
0 0.511458 0.465625 0.027083 0.041667
0 0.529167 0.445833 0.047917 0.027083
0 0.529167 0.470833 0.027083 0.041667
0 0.541667 0.475 0.025 0.039583
0 0.55625 0.476042 0.022917 0.039583
0 0.56875 0.480208 0.025 0.039583
0 0.576042 0.480208 0.022917 0.0375
0 0.589583 0.490625 0.027083 0.04375
0 0.602083 0.495833 0.022917 0.041667
0 0.610417 0.497917 0.027083 0.041667
0 0.620833 0.5 0.022917 0.04375
0 0.632292 0.504167 0.022917 0.041667
0 0.659375 0.5125 0.022917 0.041667
0 0.670833 0.516667 0.027083 0.041667
0 0.688542 0.51875 0.022917 0.041667
0 0.698958 0.520833 0.025 0.041667
0 0.716667 0.526042 0.027083 0.04375
0 0.7375 0.534375 0.025 0.04375
0 0.748958 0.539583 0.029167 0.045833
0 0.273958 0.447917 0.025 0.041667
0 0.2875 0.455208 0.020833 0.039583
0 0.29375 0.446875 0.025 0.035417
0 0.305208 0.45625 0.022917 0.041667
0 0.319792 0.466667 0.016667 0.03125
0 0.325 0.4625 0.022917 0.039583
0 0.334375 0.463542 0.022917 0.035417
0 0.34375 0.465625 0.027083 0.0375
0 0.3625 0.472917 0.022917 0.041667
0 0.375 0.476042 0.022917 0.039583
0 0.385417 0.48125 0.020833 0.039583
0 0.39375 0.48125 0.020833 0.041667
0 0.404167 0.482292 0.022917 0.039583
0 0.413542 0.486458 0.020833 0.041667
0 0.425 0.492708 0.022917 0.041667
0 0.434375 0.494792 0.027083 0.041667
0 0.451042 0.5 0.020833 0.0375
0 0.463542 0.504167 0.022917 0.041667
0 0.472917 0.504167 0.025 0.041667
0 0.483333 0.508333 0.022917 0.04375
0 0.494792 0.513542 0.022917 0.039583
0 0.503125 0.517708 0.022917 0.039583
0 0.513542 0.51875 0.022917 0.04375
0 0.522917 0.522917 0.020833 0.039583
0 0.540625 0.527083 0.027083 0.05
0 0.552083 0.530208 0.022917 0.039583
0 0.5625 0.533333 0.029167 0.047917
0 0.571875 0.535417 0.025 0.041667
0 0.582292 0.536458 0.027083 0.04375
0 0.591667 0.542708 0.027083 0.047917
0 0.604167 0.547917 0.025 0.039583
0 0.630208 0.555208 0.025 0.045833
0 0.639583 0.557292 0.027083 0.041667
0 0.651042 0.558333 0.025 0.039583
0 0.66875 0.565625 0.022917 0.041667
0 0.682292 0.571875 0.022917 0.0375
0 0.701042 0.578125 0.022917 0.041667
0 0.719792 0.586458 0.025 0.04375
0 0.729167 0.5875 0.022917 0.041667
0 0.739583 0.5875 0.022917 0.041667
0 0.259375 0.5 0.022917 0.039583
0 0.270833 0.504167 0.025 0.041667
0 0.280208 0.504167 0.025 0.039583
0 0.288542 0.502083 0.027083 0.039583
0 0.297917 0.504167 0.025 0.0375
0 0.308333 0.510417 0.022917 0.039583
0 0.316667 0.5125 0.022917 0.035417
0 0.327083 0.513542 0.027083 0.04375
0 0.355208 0.525 0.025 0.041667
0 0.364583 0.525 0.022917 0.04375
0 0.378125 0.533333 0.022917 0.0375
0 0.386458 0.533333 0.025 0.041667
0 0.395833 0.536458 0.025 0.039583
0 0.40625 0.538542 0.022917 0.041667
0 0.44375 0.55 0.022917 0.041667
0 0.464583 0.560417 0.022917 0.039583
0 0.476042 0.561458 0.025 0.039583
0 0.486458 0.566667 0.025 0.041667
0 0.49375 0.566667 0.025 0.039583
0 0.505208 0.570833 0.022917 0.041667
0 0.520833 0.571875 0.025 0.045833
0 0.530208 0.573958 0.020833 0.041667
0 0.541667 0.578125 0.020833 0.04375
0 0.551042 0.58125 0.022917 0.039583
0 0.561458 0.584375 0.020833 0.041667
0 0.571875 0.590625 0.022917 0.041667
0 0.582292 0.59375 0.022917 0.039583
0 0.59375 0.6 0.022917 0.041667
0 0.609375 0.601042 0.025 0.04375
0 0.629167 0.609375 0.022917 0.041667
0 0.642708 0.6125 0.022917 0.041667
0 0.652083 0.615625 0.022917 0.041667
0 0.660417 0.614583 0.027083 0.045833
0 0.669792 0.616667 0.027083 0.045833
0 0.682292 0.620833 0.025 0.041667
0 0.695833 0.623958 0.025 0.041667
0 0.709375 0.630208 0.020833 0.041667
0 0.71875 0.634375 0.020833 0.041667
0 0.729167 0.640625 0.020833 0.039583
0 0.739583 0.640625 0.020833 0.04375
0 0.310417 0.602083 0.022917 0.04375
0 0.322917 0.605208 0.022917 0.039583
0 0.332292 0.60625 0.022917 0.039583
0 0.341667 0.611458 0.025 0.041667
0 0.353125 0.616667 0.01875 0.0375
0 0.363542 0.61875 0.022917 0.041667
0 0.371875 0.61875 0.022917 0.04375
0 0.386458 0.626042 0.025 0.04375
0 0.364583 0.641667 0.041667 0.03125
0 0.401042 0.630208 0.025 0.041667
0 0.411458 0.632292 0.025 0.041667
0 0.421875 0.635417 0.022917 0.04375
0 0.432292 0.638542 0.027083 0.04375
0 0.451042 0.644792 0.025 0.041667
0 0.470833 0.65 0.027083 0.045833
0 0.488542 0.65625 0.027083 0.04375
0 0.498958 0.658333 0.027083 0.041667
0 0.516667 0.661458 0.027083 0.04375
0 0.539583 0.671875 0.022917 0.041667
0 0.55 0.676042 0.025 0.041667
0 0.558333 0.679167 0.022917 0.041667
0 0.577083 0.684375 0.022917 0.041667
0 0.588542 0.690625 0.022917 0.041667
0 0.596875 0.692708 0.020833 0.041667
0 0.610417 0.694792 0.022917 0.04375
0 0.646875 0.703125 0.020833 0.039583
0 0.666667 0.710417 0.029167 0.047917
0 0.676042 0.713542 0.025 0.041667
0 0.688542 0.71875 0.025 0.04375
0 0.697917 0.721875 0.027083 0.041667
0 0.714583 0.725 0.025 0.04375
0 0.725 0.728125 0.025 0.04375
0 0.736458 0.734375 0.022917 0.039583
0 0.752083 0.735417 0.022917 0.04375
0 0.670833 0.73125 0.05 0.016667
0 0.711458 0.746875 0.0375 0.027083
0 0.534375 0.722917 0.04375 0.025
0 0.563542 0.733333 0.039583 0.03125
0 0.58125 0.741667 0.0375 0.035417
0 0.595833 0.738542 0.041667 0.029167
0 0.616667 0.74375 0.04375 0.027083
0 0.633333 0.751042 0.054167 0.033333
0 0.644792 0.757292 0.045833 0.029167
0 0.5125 0.770833 0.025 0.039583
0 0.526042 0.773958 0.022917 0.041667
0 0.536458 0.778125 0.025 0.041667
0 0.585417 0.79375 0.022917 0.04375
0 0.597917 0.798958 0.022917 0.039583
0 0.582292 0.810417 0.047917 0.029167
0 0.6 0.85 0.041667 0.029167
0 0.610417 0.854167 0.047917 0.029167
0 0.632292 0.859375 0.045833 0.025
0 0.715625 0.776042 0.04375 0.022917
0 0.728125 0.784375 0.039583 0.03125
0 0.740625 0.786458 0.04375 0.029167
0 0.689583 0.822917 0.029167 0.04375
0 0.7125 0.83125 0.022917 0.041667
0 0.725 0.8375 0.025 0.039583
0 0.733333 0.840625 0.025 0.045833
0 0.745833 0.842708 0.025 0.045833
0 0.660417 0.867708 0.047917 0.027083
0 0.680208 0.875 0.05 0.029167
0 0.697917 0.882292 0.04375 0.03125
0 0.730208 0.889583 0.04375 0.0375
0 0.835417 0.061458 0.045833 0.035417
0 0.758333 0.541667 0.027083 0.0375
0 0.796875 0.55 0.027083 0.041667
0 0.823958 0.558333 0.029167 0.04375
0 0.864583 0.570833 0.03125 0.04375
0 0.894792 0.58125 0.033333 0.04375
0 0.789583 0.605208 0.027083 0.039583
0 0.807292 0.60625 0.027083 0.045833
0 0.826042 0.613542 0.029167 0.039583
0 0.836458 0.613542 0.029167 0.035417
0 0.858333 0.625 0.029167 0.041667
0 0.877083 0.627083 0.03125 0.04375
0 0.760417 0.647917 0.033333 0.047917
0 0.771875 0.651042 0.033333 0.04375
0 0.7875 0.65625 0.029167 0.041667
0 0.803125 0.6625 0.027083 0.035417
0 0.809375 0.659375 0.029167 0.03125
0 0.830208 0.670833 0.029167 0.041667
0 0.848958 0.675 0.025 0.04375
0 0.858333 0.677083 0.025 0.04375
0 0.7625 0.742708 0.025 0.041667
0 0.773958 0.744792 0.027083 0.039583
0 0.784375 0.748958 0.020833 0.0375
0 0.795833 0.754167 0.025 0.041667
0 0.805208 0.75625 0.027083 0.041667
0 0.8125 0.758333 0.025 0.035417
0 0.822917 0.755208 0.027083 0.035417
0 0.766667 0.795833 0.0375 0.027083
0 0.791667 0.8 0.04375 0.03125
0 0.801042 0.805208 0.041667 0.029167
0 0.808333 0.811458 0.045833 0.022917
0 0.782292 0.855208 0.027083 0.04375
0 0.794792 0.857292 0.027083 0.045833
0 0.761458 0.898958 0.045833 0.0375
0 0.776042 0.905208 0.0375 0.033333
