0 0.294792 0.96875 0.022917 0.041667
0 0.286458 0.96875 0.025 0.039583
0 0.280208 0.954167 0.029167 0.045833
0 0.298958 0.9125 0.027083 0.047917
0 0.320833 0.864583 0.027083 0.041667
0 0.342708 0.816667 0.029167 0.05
0 0.364583 0.902083 0.027083 0.045833
0 0.375 0.907292 0.027083 0.041667
0 0.382292 0.909375 0.029167 0.04375
0 0.389583 0.911458 0.029167 0.041667
0 0.397917 0.916667 0.03125 0.041667
0 0.434375 0.965625 0.025 0.047917
0 0.448958 0.927083 0.035417 0.05625
0 0.473958 0.88125 0.029167 0.05
0 0.495833 0.838542 0.025 0.045833
0 0.517708 0.794792 0.027083 0.04375
0 0.490625 0.765625 0.035417 0.03125
0 0.402083 0.840625 0.025 0.041667
0 0.413542 0.842708 0.025 0.041667
0 0.425 0.839583 0.020833 0.039583
0 0.435417 0.838542 0.022917 0.041667
0 0.441667 0.840625 0.025 0.0375
0 0.44375 0.854167 0.033333 0.04375
0 0.466667 0.807292 0.01875 0.0375
0 0.410417 0.78125 0.022917 0.041667
0 0.41875 0.789583 0.025 0.041667
0 0.428125 0.79375 0.025 0.041667
0 0.434375 0.797917 0.029167 0.04375
0 0.441667 0.801042 0.029167 0.039583
0 0.394792 0.70625 0.027083 0.05
0 0.532292 0.723958 0.022917 0.039583
0 0.438542 0.678125 0.027083 0.045833
0 0.442708 0.688542 0.025 0.047917
0 0.45 0.695833 0.022917 0.05
0 0.458333 0.7 0.020833 0.045833
0 0.475 0.698958 0.027083 0.041667
0 0.483333 0.707292 0.025 0.04375
0 0.492708 0.709375 0.025 0.041667
0 0.498958 0.710417 0.029167 0.047917
0 0.508333 0.713542 0.025 0.04375
0 0.516667 0.716667 0.022917 0.04375
