0 0.273958 0.95625 0.025 0.047917
0 0.286458 0.961458 0.025 0.052083
0 0.292708 0.966667 0.027083 0.045833
0 0.301042 0.965625 0.027083 0.045833
0 0.307292 0.972917 0.027083 0.045833
0 0.314583 0.973958 0.027083 0.041667
0 0.423958 0.953125 0.022917 0.041667
0 0.413542 0.957292 0.022917 0.041667
0 0.407292 0.951042 0.03125 0.041667
0 0.3875 0.9375 0.020833 0.0375
0 0.377083 0.936458 0.022917 0.041667
0 0.36875 0.933333 0.022917 0.041667
0 0.358333 0.93125 0.022917 0.041667
0 0.346875 0.921875 0.022917 0.039583
0 0.342708 0.909375 0.022917 0.0375
0 0.334375 0.913542 0.022917 0.039583
0 0.323958 0.907292 0.022917 0.035417
0 0.322917 0.85625 0.027083 0.039583
0 0.454167 0.920833 0.027083 0.045833
0 0.338542 0.871875 0.025 0.0375
0 0.348958 0.871875 0.020833 0.041667
0 0.357292 0.875 0.025 0.041667
0 0.370833 0.8875 0.025 0.039583
0 0.380208 0.888542 0.025 0.047917
0 0.388542 0.895833 0.025 0.041667
0 0.395833 0.897917 0.025 0.0375
0 0.409375 0.90625 0.020833 0.039583
0 0.419792 0.90625 0.022917 0.041667
0 0.411458 0.844792 0.035417 0.029167
0 0.417708 0.8375 0.029167 0.029167
0 0.444792 0.854167 0.0375 0.027083
0 0.441667 0.863542 0.0375 0.025
0 0.489583 0.848958 0.029167 0.039583
0 0.479167 0.841667 0.022917 0.041667
0 0.466667 0.834375 0.022917 0.039583
0 0.457292 0.83125 0.022917 0.0375
0 0.409375 0.802083 0.025 0.0375
0 0.420833 0.807292 0.025 0.04375
0 0.530208 0.767708 0.029167 0.045833
0 0.557292 0.713542 0.025 0.045833
0 0.494792 0.782292 0.022917 0.045833
0 0.490625 0.772917 0.025 0.039583
0 0.482292 0.770833 0.027083 0.041667
0 0.470833 0.767708 0.025 0.047917
0 0.453125 0.75625 0.022917 0.039583
0 0.44375 0.755208 0.020833 0.041667
0 0.438542 0.748958 0.022917 0.041667
0 0.430208 0.745833 0.022917 0.041667
0 0.414583 0.7375 0.025 0.041667
0 0.394792 0.710417 0.027083 0.045833
0 0.414583 0.669792 0.027083 0.047917
0 0.439583 0.677083 0.025 0.0375
0 0.447917 0.68125 0.022917 0.035417
0 0.458333 0.684375 0.022917 0.041667
0 0.464583 0.688542 0.025 0.0375
0 0.471875 0.691667 0.025 0.035417
0 0.478125 0.69375 0.027083 0.039583
0 0.4875 0.696875 0.027083 0.0375
0 0.495833 0.701042 0.022917 0.033333
0 0.504167 0.703125 0.025 0.039583
0 0.511458 0.709375 0.027083 0.04375
0 0.48125 0.722917 0.033333 0.033333
