0 0.020833 0.892708 0.039583 0.020833
0 0.069792 0.904167 0.04375 0.020833
0 0.197917 0.932292 0.039583 0.025
0 0.235417 0.941667 0.04375 0.025
0 0.304167 0.95 0.041667 0.022917
0 0.363542 0.958333 0.039583 0.020833
0 0.403125 0.960417 0.045833 0.016667
0 0.505208 0.832292 0.029167 0.047917
0 0.472917 0.739583 0.025 0.045833
0 0.428125 0.605208 0.022917 0.047917
0 0.441667 0.652083 0.020833 0.035417
0 0.017708 0.448958 0.022917 0.045833
0 0.035417 0.388542 0.022917 0.047917
0 0.340625 0.028125 0.022917 0.039583
0 0.358333 0.034375 0.025 0.0375
0 0.377083 0.036458 0.022917 0.035417
0 0.3875 0.041667 0.025 0.039583
0 0.398958 0.04375 0.022917 0.039583
0 0.44375 0.059375 0.025 0.045833
0 0.45625 0.063542 0.029167 0.04375
0 0.46875 0.065625 0.022917 0.039583
0 0.48125 0.071875 0.025 0.039583
0 0.494792 0.075 0.025 0.039583
0 0.516667 0.080208 0.027083 0.041667
0 0.530208 0.084375 0.025 0.041667
