0 0.604167 0.069792 0.029167 0.035417
0 0.63125 0.102083 0.0375 0.035417
0 0.517708 0.090625 0.01875 0.05
0 0.497917 0.103125 0.020833 0.05
0 0.49375 0.158333 0.047917 0.025
0 0.132292 0.166667 0.041667 0.025
0 0.175 0.179167 0.047917 0.025
0 0.239583 0.19375 0.039583 0.029167
0 0.296875 0.209375 0.04375 0.03125
0 0.35625 0.222917 0.045833 0.03125
0 0.405208 0.236458 0.047917 0.020833
0 0.45 0.251042 0.04375 0.029167
0 0.707292 0.291667 0.041667 0.035417
0 0.291667 0.396875 0.029167 0.05
0 0.326042 0.411458 0.03125 0.04375
0 0.355208 0.414583 0.03125 0.041667
0 0.278125 0.445833 0.03125 0.045833
0 0.346875 0.46875 0.027083 0.047917
0 0.364583 0.469792 0.029167 0.04375
0 0.542708 0.472917 0.029167 0.04375
0 0.633333 0.496875 0.035417 0.047917
0 0.43125 0.490625 0.029167 0.047917
0 0.478125 0.49375 0.029167 0.05
0 0.514583 0.517708 0.027083 0.045833
0 0.542708 0.527083 0.029167 0.04375
0 0.635417 0.558333 0.03125 0.045833
0 0.719792 0.58125 0.029167 0.041667
0 0.25625 0.494792 0.025 0.041667
0 0.272917 0.507292 0.027083 0.039583
0 0.280208 0.501042 0.027083 0.035417
0 0.296875 0.50625 0.022917 0.039583
0 0.308333 0.508333 0.025 0.039583
0 0.31875 0.514583 0.025 0.04375
0 0.330208 0.517708 0.027083 0.041667
0 0.347917 0.520833 0.025 0.039583
0 0.357292 0.523958 0.025 0.041667
0 0.367708 0.528125 0.025 0.041667
0 0.398958 0.538542 0.025 0.039583
0 0.416667 0.542708 0.027083 0.041667
0 0.503125 0.565625 0.03125 0.045833
0 0.591667 0.595833 0.029167 0.047917
0 0.654167 0.615625 0.027083 0.041667
0 0.683333 0.627083 0.025 0.0375
0 0.702083 0.63125 0.029167 0.045833
0 0.739583 0.641667 0.027083 0.04375
0 0.751042 0.644792 0.022917 0.039583
0 0.311458 0.601042 0.025 0.041667
0 0.327083 0.610417 0.022917 0.04375
0 0.338542 0.613542 0.022917 0.041667
0 0.358333 0.620833 0.027083 0.041667
0 0.357292 0.59375 0.0375 0.039583
0 0.367708 0.621875 0.025 0.039583
0 0.385417 0.626042 0.029167 0.045833
0 0.404167 0.632292 0.027083 0.041667
0 0.415625 0.6375 0.025 0.045833
0 0.461458 0.651042 0.029167 0.05
0 0.476042 0.655208 0.022917 0.041667
0 0.491667 0.659375 0.027083 0.041667
0 0.510417 0.659375 0.027083 0.0375
0 0.532292 0.670833 0.029167 0.045833
0 0.551042 0.679167 0.025 0.041667
0 0.561458 0.679167 0.025 0.04375
0 0.580208 0.6875 0.029167 0.04375
0 0.608333 0.691667 0.029167 0.045833
0 0.647917 0.707292 0.03125 0.047917
0 0.66875 0.710417 0.027083 0.041667
0 0.713542 0.725 0.029167 0.047917
0 0.727083 0.73125 0.022917 0.04375
0 0.738542 0.7375 0.025 0.04375
0 0.529167 0.727083 0.047917 0.029167
0 0.614583 0.744792 0.054167 0.029167
0 0.726042 0.784375 0.052083 0.027083
0 0.557292 0.782292 0.029167 0.054167
0 0.595833 0.794792 0.033333 0.054167
0 0.614583 0.8 0.029167 0.05
0 0.711458 0.830208 0.029167 0.045833
0 0.598958 0.848958 0.047917 0.027083
0 0.682292 0.872917 0.054167 0.035417
0 0.701042 0.879167 0.045833 0.03125
0 0.777083 0.284375 0.035417 0.045833
0 0.751042 0.433333 0.066667 0.03125
0 0.810417 0.555208 0.0375 0.047917
0 0.88125 0.63125 0.0375 0.054167
0 0.958333 0.494792 0.066667 0.0375
0 0.770833 0.648958 0.029167 0.04375
0 0.789583 0.655208 0.025 0.041667
0 0.797917 0.655208 0.027083 0.041667
0 0.810417 0.660417 0.025 0.041667
0 0.757292 0.742708 0.027083 0.045833
0 0.765625 0.735417 0.029167 0.035417
0 0.823958 0.755208 0.033333 0.041667
0 0.80625 0.801042 0.052083 0.029167
0 0.796875 0.855208 0.035417 0.041667
