0 0.121875 0.163542 0.039583 0.027083
0 0.290625 0.209375 0.05 0.03125
0 0.045833 0.3 0.0375 0.054167
0 0.102083 0.28125 0.05 0.03125
0 0.298958 0.392708 0.029167 0.041667
0 0.3625 0.420833 0.027083 0.045833
0 0.382292 0.423958 0.025 0.041667
0 0.451042 0.446875 0.029167 0.035417
0 0.46875 0.45 0.029167 0.045833
0 0.541667 0.476042 0.029167 0.04375
0 0.557292 0.478125 0.025 0.039583
0 0.651042 0.509375 0.025 0.041667
0 0.628125 0.5 0.029167 0.054167
0 0.273958 0.446875 0.027083 0.039583
0 0.284375 0.448958 0.025 0.039583
0 0.305208 0.455208 0.027083 0.039583
0 0.335417 0.465625 0.025 0.039583
0 0.344792 0.46875 0.025 0.039583
0 0.366667 0.478125 0.025 0.039583
0 0.433333 0.49375 0.03125 0.045833
0 0.45 0.497917 0.027083 0.041667
0 0.484375 0.511458 0.027083 0.041667
0 0.513542 0.519792 0.01875 0.035417
0 0.571875 0.508333 0.04375 0.027083
0 0.6125 0.552083 0.027083 0.04375
0 0.632292 0.557292 0.025 0.041667
0 0.716667 0.530208 0.027083 0.039583
0 0.697917 0.576042 0.027083 0.041667
0 0.71875 0.584375 0.022917 0.0375
0 0.269792 0.505208 0.01875 0.029167
0 0.277083 0.504167 0.022917 0.0375
0 0.2875 0.50625 0.025 0.041667
0 0.305208 0.509375 0.027083 0.039583
0 0.327083 0.51875 0.027083 0.04375
0 0.344792 0.520833 0.025 0.039583
0 0.375 0.532292 0.025 0.039583
0 0.395833 0.5375 0.027083 0.041667
0 0.416667 0.544792 0.025 0.039583
0 0.433333 0.547917 0.025 0.041667
0 0.445833 0.553125 0.022917 0.0375
0 0.522917 0.577083 0.027083 0.041667
0 0.589583 0.594792 0.03125 0.047917
0 0.696875 0.623958 0.029167 0.041667
0 0.3125 0.609375 0.027083 0.04375
0 0.323958 0.6125 0.022917 0.041667
0 0.335417 0.615625 0.025 0.039583
0 0.346875 0.620833 0.022917 0.039583
0 0.35625 0.627083 0.020833 0.035417
0 0.363542 0.622917 0.027083 0.041667
0 0.375 0.630208 0.025 0.041667
0 0.3875 0.633333 0.022917 0.035417
0 0.403125 0.634375 0.022917 0.0375
0 0.414583 0.640625 0.020833 0.0375
0 0.426042 0.646875 0.025 0.039583
0 0.441667 0.647917 0.025 0.041667
0 0.452083 0.653125 0.022917 0.039583
0 0.463542 0.65625 0.022917 0.0375
0 0.473958 0.658333 0.025 0.04375
0 0.489583 0.660417 0.027083 0.041667
0 0.5 0.661458 0.022917 0.0375
0 0.5125 0.667708 0.025 0.039583
0 0.530208 0.670833 0.027083 0.039583
0 0.539583 0.677083 0.022917 0.0375
0 0.552083 0.682292 0.022917 0.0375
0 0.561458 0.683333 0.027083 0.045833
0 0.577083 0.686458 0.025 0.041667
0 0.588542 0.691667 0.022917 0.035417
0 0.607292 0.695833 0.025 0.041667
0 0.61875 0.701042 0.022917 0.039583
0 0.629167 0.705208 0.025 0.041667
0 0.647917 0.707292 0.025 0.041667
0 0.664583 0.711458 0.027083 0.041667
0 0.673958 0.709375 0.027083 0.0375
0 0.684375 0.717708 0.025 0.039583
0 0.69375 0.71875 0.027083 0.041667
0 0.704167 0.722917 0.025 0.039583
0 0.714583 0.729167 0.025 0.041667
0 0.723958 0.729167 0.025 0.0375
0 0.533333 0.723958 0.047917 0.025
0 0.588542 0.741667 0.0375 0.022917
0 0.6125 0.748958 0.04375 0.029167
0 0.633333 0.753125 0.041667 0.025
0 0.69375 0.81875 0.039583 0.05
0 0.614583 0.803125 0.027083 0.041667
0 0.59375 0.794792 0.029167 0.04375
0 0.522917 0.772917 0.029167 0.041667
0 0.539583 0.78125 0.025 0.0375
0 0.602083 0.84375 0.039583 0.027083
0 0.611458 0.852083 0.045833 0.029167
0 0.679167 0.86875 0.05 0.027083
0 0.691667 0.879167 0.033333 0.020833
0 0.625 0.097917 0.035417 0.047917
0 0.692708 0.210417 0.047917 0.0375
0 0.807292 0.065625 0.04375 0.0375
0 0.838542 0.059375 0.035417 0.035417
0 0.766667 0.177083 0.04375 0.035417
0 0.796875 0.204167 0.033333 0.035417
0 0.809375 0.558333 0.03125 0.045833
0 0.785417 0.602083 0.03125 0.041667
0 0.80625 0.60625 0.029167 0.041667
0 0.878125 0.630208 0.033333 0.045833
0 0.753125 0.613542 0.054167 0.029167
0 0.765625 0.645833 0.029167 0.047917
0 0.786458 0.654167 0.022917 0.041667
0 0.857292 0.673958 0.03125 0.05
0 0.753125 0.739583 0.025 0.0375
0 0.764583 0.741667 0.022917 0.039583
0 0.773958 0.74375 0.027083 0.04375
0 0.782292 0.746875 0.027083 0.041667
0 0.791667 0.748958 0.029167 0.047917
0 0.805208 0.755208 0.027083 0.041667
0 0.822917 0.75625 0.03125 0.045833
0 0.726042 0.784375 0.039583 0.027083
0 0.810417 0.80625 0.052083 0.027083
0 0.796875 0.855208 0.047917 0.041667
0 0.771875 0.907292 0.060417 0.035417
