0 0.117708 0.169792 0.054167 0.027083
0 0.210417 0.192708 0.039583 0.025
0 0.267708 0.204167 0.039583 0.022917
0 0.313542 0.215625 0.039583 0.01875
0 0.361458 0.228125 0.04375 0.022917
0 0.419792 0.242708 0.039583 0.025
0 0.464583 0.254167 0.04375 0.022917
0 0.55625 0.233333 0.035417 0.047917
0 0.458333 0.129167 0.014583 0.052083
0 0.469792 0.129167 0.010417 0.041667
0 0.478125 0.11875 0.010417 0.047917
0 0.486458 0.111458 0.014583 0.047917
0 0.497917 0.104167 0.0125 0.04375
0 0.50625 0.096875 0.010417 0.041667
0 0.516667 0.089583 0.0125 0.045833
0 0.086458 0.273958 0.047917 0.022917
0 0.121875 0.309375 0.04375 0.029167
0 0.498958 0.163542 0.045833 0.0125
0 0.5 0.153125 0.04375 0.010417
0 0.547917 0.119792 0.045833 0.0125
0 0.288542 0.4 0.025 0.047917
0 0.301042 0.404167 0.022917 0.039583
0 0.3125 0.402083 0.025 0.04375
0 0.321875 0.407292 0.027083 0.047917
0 0.341667 0.411458 0.025 0.041667
0 0.353125 0.416667 0.022917 0.04375
0 0.364583 0.422917 0.025 0.033333
0 0.379167 0.421875 0.025 0.041667
0 0.390625 0.423958 0.022917 0.04375
0 0.401042 0.432292 0.027083 0.039583
0 0.410417 0.435417 0.025 0.039583
0 0.421875 0.4375 0.022917 0.041667
0 0.43125 0.440625 0.025 0.04375
0 0.440625 0.440625 0.027083 0.04375
0 0.451042 0.44375 0.027083 0.04375
0 0.46875 0.452083 0.022917 0.0375
0 0.480208 0.45625 0.022917 0.041667
0 0.491667 0.461458 0.025 0.041667
0 0.501042 0.463542 0.022917 0.039583
0 0.508333 0.461458 0.027083 0.041667
0 0.521875 0.46875 0.025 0.041667
0 0.53125 0.473958 0.022917 0.041667
0 0.541667 0.473958 0.027083 0.041667
0 0.565625 0.479167 0.027083 0.04375
0 0.582292 0.489583 0.022917 0.039583
0 0.591667 0.490625 0.022917 0.0375
0 0.601042 0.492708 0.020833 0.039583
0 0.611458 0.494792 0.025 0.039583
0 0.620833 0.497917 0.025 0.041667
0 0.630208 0.501042 0.025 0.039583
0 0.648958 0.505208 0.025 0.04375
0 0.66875 0.510417 0.025 0.039583
0 0.680208 0.514583 0.025 0.041667
0 0.7 0.525 0.027083 0.041667
0 0.710417 0.523958 0.035417 0.047917
0 0.733333 0.53125 0.027083 0.04375
0 0.745833 0.536458 0.022917 0.04375
0 0.276042 0.447917 0.025 0.041667
0 0.286458 0.448958 0.022917 0.04375
0 0.295833 0.451042 0.025 0.04375
0 0.307292 0.455208 0.025 0.041667
0 0.325 0.461458 0.022917 0.04375
0 0.336458 0.464583 0.022917 0.041667
0 0.346875 0.46875 0.022917 0.041667
0 0.361458 0.470833 0.022917 0.041667
0 0.372917 0.472917 0.025 0.04375
0 0.3875 0.480208 0.025 0.041667
0 0.395833 0.480208 0.022917 0.041667
0 0.404167 0.483333 0.022917 0.039583
0 0.413542 0.4875 0.022917 0.041667
0 0.425 0.491667 0.022917 0.041667
0 0.435417 0.49375 0.027083 0.047917
0 0.453125 0.498958 0.022917 0.041667
0 0.463542 0.501042 0.020833 0.041667
0 0.473958 0.504167 0.020833 0.041667
0 0.484375 0.510417 0.022917 0.041667
0 0.492708 0.5125 0.025 0.041667
0 0.502083 0.516667 0.027083 0.041667
0 0.513542 0.517708 0.022917 0.04375
0 0.525 0.520833 0.022917 0.04375
0 0.552083 0.533333 0.025 0.041667
0 0.563542 0.533333 0.020833 0.041667
0 0.572917 0.535417 0.020833 0.04375
0 0.583333 0.541667 0.022917 0.041667
0 0.591667 0.542708 0.025 0.041667
0 0.603125 0.547917 0.022917 0.04375
0 0.6125 0.548958 0.022917 0.041667
0 0.630208 0.554167 0.022917 0.04375
0 0.641667 0.557292 0.022917 0.041667
0 0.652083 0.561458 0.025 0.04375
0 0.660417 0.561458 0.025 0.04375
0 0.670833 0.566667 0.025 0.04375
0 0.682292 0.569792 0.022917 0.04375
0 0.691667 0.573958 0.020833 0.04375
0 0.702083 0.579167 0.020833 0.04375
0 0.717708 0.580208 0.020833 0.047917
0 0.729167 0.584375 0.020833 0.047917
0 0.738542 0.586458 0.022917 0.047917
0 0.751042 0.594792 0.020833 0.04375
0 0.25625 0.489583 0.025 0.041667
0 0.266667 0.495833 0.025 0.039583
0 0.279167 0.501042 0.020833 0.039583
0 0.2875 0.50625 0.022917 0.041667
0 0.297917 0.509375 0.025 0.041667
0 0.308333 0.510417 0.022917 0.041667
0 0.317708 0.511458 0.025 0.041667
0 0.329167 0.515625 0.025 0.039583
0 0.354167 0.520833 0.022917 0.04375
0 0.364583 0.523958 0.022917 0.039583
0 0.377083 0.529167 0.020833 0.04375
0 0.3875 0.533333 0.01875 0.04375
0 0.397917 0.538542 0.025 0.047917
0 0.409375 0.540625 0.022917 0.04375
0 0.419792 0.54375 0.022917 0.041667
0 0.435417 0.546875 0.020833 0.041667
0 0.448958 0.554167 0.022917 0.045833
0 0.472917 0.558333 0.022917 0.041667
0 0.49375 0.567708 0.022917 0.041667
0 0.505208 0.567708 0.022917 0.041667
0 0.529167 0.573958 0.020833 0.045833
0 0.542708 0.577083 0.022917 0.045833
0 0.561458 0.585417 0.029167 0.047917
0 0.575 0.590625 0.025 0.045833
0 0.583333 0.592708 0.022917 0.041667
0 0.594792 0.596875 0.022917 0.041667
0 0.609375 0.598958 0.01875 0.045833
0 0.623958 0.605208 0.022917 0.045833
0 0.635417 0.609375 0.022917 0.041667
0 0.651042 0.615625 0.022917 0.041667
0 0.663542 0.61875 0.020833 0.0375
0 0.671875 0.619792 0.020833 0.04375
0 0.683333 0.625 0.022917 0.045833
0 0.707292 0.632292 0.022917 0.045833
0 0.725 0.6375 0.022917 0.04375
0 0.739583 0.64375 0.022917 0.04375
0 0.752083 0.651042 0.01875 0.041667
0 0.322917 0.605208 0.027083 0.041667
0 0.335417 0.610417 0.022917 0.0375
0 0.346875 0.613542 0.020833 0.0375
0 0.353125 0.614583 0.022917 0.039583
0 0.366667 0.619792 0.022917 0.039583
0 0.378125 0.625 0.022917 0.041667
0 0.389583 0.629167 0.022917 0.0375
0 0.405208 0.629167 0.022917 0.041667
0 0.415625 0.634375 0.022917 0.04375
0 0.426042 0.6375 0.020833 0.0375
0 0.435417 0.641667 0.01875 0.039583
0 0.445833 0.642708 0.022917 0.0375
0 0.454167 0.644792 0.022917 0.039583
0 0.463542 0.648958 0.022917 0.041667
0 0.475 0.653125 0.020833 0.039583
0 0.491667 0.657292 0.01875 0.039583
0 0.503125 0.661458 0.025 0.04375
0 0.511458 0.6625 0.022917 0.039583
0 0.522917 0.666667 0.022917 0.041667
0 0.53125 0.666667 0.022917 0.035417
0 0.542708 0.670833 0.01875 0.039583
0 0.553125 0.679167 0.022917 0.04375
0 0.5625 0.680208 0.022917 0.041667
0 0.579167 0.684375 0.01875 0.045833
0 0.589583 0.690625 0.01875 0.041667
0 0.608333 0.69375 0.020833 0.04375
0 0.617708 0.696875 0.022917 0.041667
0 0.636458 0.704167 0.020833 0.047917
0 0.665625 0.711458 0.022917 0.04375
0 0.675 0.719792 0.022917 0.047917
0 0.6875 0.720833 0.020833 0.041667
0 0.696875 0.723958 0.020833 0.045833
0 0.70625 0.725 0.025 0.041667
0 0.715625 0.728125 0.022917 0.045833
0 0.725 0.729167 0.025 0.041667
0 0.738542 0.736458 0.027083 0.045833
0 0.753125 0.738542 0.020833 0.04375
0 0.536458 0.723958 0.039583 0.025
0 0.544792 0.727083 0.041667 0.025
0 0.554167 0.73125 0.041667 0.022917
0 0.566667 0.732292 0.04375 0.025
0 0.572917 0.7375 0.041667 0.022917
0 0.582292 0.742708 0.045833 0.027083
0 0.628125 0.755208 0.045833 0.027083
0 0.728125 0.786458 0.041667 0.027083
0 0.708333 0.780208 0.039583 0.020833
0 0.698958 0.778125 0.041667 0.022917
0 0.690625 0.775 0.041667 0.022917
0 0.682292 0.770833 0.045833 0.020833
0 0.673958 0.766667 0.04375 0.020833
0 0.664583 0.764583 0.041667 0.025
0 0.651042 0.761458 0.04375 0.027083
0 0.514583 0.771875 0.025 0.045833
0 0.527083 0.778125 0.020833 0.041667
0 0.5375 0.78125 0.020833 0.041667
0 0.548958 0.783333 0.022917 0.041667
0 0.565625 0.789583 0.025 0.041667
0 0.577083 0.792708 0.022917 0.041667
0 0.585417 0.795833 0.022917 0.045833
0 0.594792 0.797917 0.022917 0.041667
0 0.613542 0.801042 0.022917 0.04375
0 0.623958 0.805208 0.025 0.045833
0 0.632292 0.807292 0.025 0.045833
0 0.661458 0.81875 0.027083 0.047917
0 0.68125 0.825 0.029167 0.05
0 0.69375 0.83125 0.022917 0.045833
0 0.7125 0.834375 0.022917 0.045833
0 0.733333 0.84375 0.022917 0.04375
0 0.742708 0.845833 0.022917 0.045833
0 0.604167 0.855208 0.05625 0.029167
0 0.741667 0.9 0.041667 0.027083
0 0.726042 0.89375 0.045833 0.022917
0 0.694792 0.885417 0.045833 0.027083
0 0.683333 0.877083 0.041667 0.027083
0 0.673958 0.871875 0.05 0.022917
0 0.628125 0.864583 0.04375 0.027083
0 0.617708 0.863542 0.05 0.029167
0 0.765625 0.541667 0.022917 0.041667
0 0.776042 0.54375 0.01875 0.039583
0 0.785417 0.55 0.01875 0.039583
0 0.794792 0.55 0.022917 0.04375
0 0.808333 0.553125 0.025 0.04375
0 0.825 0.558333 0.025 0.045833
0 0.857292 0.56875 0.022917 0.041667
0 0.865625 0.571875 0.025 0.041667
0 0.876042 0.576042 0.022917 0.041667
0 0.884375 0.576042 0.025 0.047917
0 0.895833 0.572917 0.027083 0.047917
0 0.760417 0.59375 0.022917 0.04375
0 0.770833 0.596875 0.022917 0.041667
0 0.780208 0.601042 0.027083 0.041667
0 0.790625 0.604167 0.022917 0.041667
0 0.808333 0.613542 0.022917 0.041667
0 0.816667 0.6125 0.022917 0.041667
0 0.826042 0.6125 0.025 0.041667
0 0.846875 0.620833 0.022917 0.041667
0 0.864583 0.623958 0.025 0.045833
0 0.878125 0.629167 0.025 0.04375
0 0.759375 0.648958 0.020833 0.047917
0 0.76875 0.651042 0.022917 0.041667
0 0.7875 0.658333 0.025 0.041667
0 0.797917 0.658333 0.027083 0.041667
0 0.809375 0.666667 0.027083 0.04375
0 0.819792 0.669792 0.022917 0.039583
0 0.830208 0.672917 0.022917 0.041667
0 0.840625 0.675 0.020833 0.041667
0 0.847917 0.676042 0.022917 0.04375
0 0.860417 0.679167 0.03125 0.04375
0 0.764583 0.746875 0.025 0.0375
0 0.775 0.748958 0.020833 0.0375
0 0.791667 0.753125 0.022917 0.04375
0 0.748958 0.791667 0.04375 0.027083
0 0.757292 0.794792 0.04375 0.025
0 0.779167 0.8 0.052083 0.03125
0 0.80625 0.8125 0.045833 0.025
0 0.820833 0.797917 0.041667 0.022917
0 0.834375 0.789583 0.041667 0.022917
0 0.888542 0.828125 0.03125 0.052083
0 0.752083 0.848958 0.027083 0.0375
0 0.7625 0.848958 0.027083 0.035417
0 0.794792 0.863542 0.029167 0.045833
0 0.771875 0.905208 0.033333 0.025
0 0.755208 0.901042 0.035417 0.035417
