0 0.4 0.782407 0.303704 0.111111
0 0.687037 0.839815 0.3 0.146296
0 0.149074 0.172222 0.248148 0.12963
0 0.482407 0.266667 0.272222 0.12963
0 0.772222 0.334259 0.227778 0.153704
0 0.593519 0.116667 0.238889 0.142593
0 0.908333 0.181481 0.159259 0.085185
1 0.203704 0.036111 0.081481 0.057407
1 0.763889 0.161111 0.068519 0.098148
1 0.918519 0.353704 0.107407 0.057407
0 0.839815 0.756481 0.17963 0.248148
0 0.752778 0.72037 0.175926 0.222222
0 0.684259 0.685185 0.227778 0.222222
0 0.541667 0.692593 0.146296 0.2
0 0.439815 0.662963 0.172222 0.218519
0 0.363889 0.655556 0.172222 0.227778
0 0.291667 0.613889 0.205556 0.231481
0 0.183333 0.573148 0.172222 0.235185
0 0.125926 0.581481 0.175926 0.212963
