1 0.909259 0.171296 0.12963 0.094444
0 0.643519 0.117593 0.285185 0.137037
0 0.102778 0.375 0.12963 0.2
0 0.186111 0.386111 0.146296 0.201852
0 0.286111 0.549074 0.268519 0.166667
0 0.224074 0.789815 0.281481 0.175926
0 0.312963 0.798148 0.274074 0.166667
0 0.396296 0.800926 0.285185 0.17963
0 0.489815 0.822222 0.294444 0.188889
0 0.594444 0.825926 0.274074 0.196296
0 0.665741 0.851852 0.277778 0.162963
0 0.724074 0.864815 0.303704 0.227778
0 0.734259 0.885185 0.316667 0.214815
0 0.84537 0.57037 0.212963 0.225926
0 0.687037 0.52963 0.201852 0.222222
0 0.598148 0.511111 0.201852 0.231481
0 0.515741 0.457407 0.209259 0.222222
0 0.443519 0.460185 0.196296 0.261111
0 0.363889 0.412963 0.17963 0.225926
0 0.283333 0.414815 0.162963 0.214815
