1 0.8 0.461111 0.112963 0.061111
1 0.619444 0.410185 0.107407 0.07037
1 0.523148 0.318519 0.057407 0.085185
1 0.460185 0.305556 0.077778 0.077778
1 0.40463 0.290741 0.085185 0.074074
1 0.263889 0.308333 0.103704 0.044444
1 0.207407 0.278704 0.098148 0.057407
1 0.394444 0.428704 0.12963 0.068519
0 0.332407 0.474074 0.255556 0.159259
0 0.231481 0.246296 0.268519 0.114815
1 0.056481 0.366667 0.1 0.044444
1 0.084259 0.392593 0.090741 0.07037
1 0.133333 0.399074 0.057407 0.07037
1 0.482407 0.475 0.068519 0.090741
1 0.54537 0.507407 0.068519 0.051852
1 0.592593 0.513889 0.111111 0.064815
1 0.666667 0.540741 0.094444 0.07037
1 0.726852 0.555556 0.116667 0.068519
1 0.77963 0.57037 0.12963 0.051852
1 0.825926 0.594444 0.085185 0.081481
1 0.877778 0.581481 0.142593 0.081481
0 0.312037 0.832407 0.251852 0.227778
0 0.237037 0.835185 0.185185 0.201852
0 0.158333 0.815741 0.2 0.235185
