0 0.436111 0.539815 0.290741 0.1
1 0.532407 0.599074 0.124074 0.048148
0 0.714815 0.637037 0.277778 0.142593
0 0.787963 0.121296 0.281481 0.112963
0 0.15 0.738889 0.285185 0.166667
0 0.347222 0.756481 0.303704 0.17037
0 0.427778 0.783333 0.268519 0.175926
0 0.489815 0.812963 0.3 0.162963
0 0.576852 0.821296 0.257407 0.159259
0 0.658333 0.84537 0.277778 0.162963
0 0.712963 0.851852 0.248148 0.188889
0 0.824074 0.868519 0.287037 0.157407
0 0.766667 0.502778 0.2 0.251852
0 0.675 0.468519 0.185185 0.248148
0 0.581481 0.437037 0.17037 0.251852
0 0.527778 0.437037 0.205556 0.244444
0 0.457407 0.412963 0.235185 0.242593
0 0.391667 0.399074 0.196296 0.214815
0 0.302778 0.375 0.201852 0.212963
0 0.249074 0.37963 0.218519 0.255556
