1 0.641667 0.925 0.081481 0.051852
1 0.568519 0.872222 0.12963 0.077778
1 0.4 0.638889 0.087037 0.085185
1 0.121296 0.555556 0.1 0.061111
1 0.19537 0.565741 0.098148 0.055556
1 0.275926 0.572222 0.087037 0.061111
1 0.290741 0.365741 0.085185 0.074074
1 0.333333 0.416667 0.085185 0.077778
1 0.391667 0.465741 0.07037 0.103704
1 0.439815 0.517593 0.087037 0.098148
0 0.125 0.425 0.205556 0.201852
0 0.198148 0.418519 0.196296 0.201852
0 0.297222 0.444444 0.235185 0.201852
0 0.444444 0.42963 0.214815 0.212963
0 0.503704 0.425 0.242593 0.242593
0 0.672222 0.418519 0.238889 0.196296
0 0.761111 0.414815 0.218519 0.222222
0 0.844444 0.423148 0.242593 0.218519
1 0.27037 0.107407 0.07037 0.094444
1 0.312037 0.113889 0.074074 0.068519
1 0.350926 0.102778 0.087037 0.077778
1 0.459259 0.118519 0.107407 0.077778
1 0.559259 0.124074 0.077778 0.074074
1 0.612037 0.125 0.098148 0.098148
1 0.667593 0.113889 0.111111 0.1
1 0.79537 0.118519 0.077778 0.085185
