0 0.606481 0.061111 0.162963 0.112963
0 0.763889 0.187963 0.242593 0.268519
0 0.474074 0.173148 0.12037 0.081481
0 0.226852 0.590741 0.307407 0.116667
1 0.346296 0.347222 0.140741 0.061111
1 0.344444 0.40463 0.137037 0.038889
1 0.461111 0.432407 0.112963 0.068519
1 0.610185 0.294444 0.103704 0.094444
1 0.810185 0.35463 0.111111 0.057407
0 0.833333 0.471296 0.287037 0.133333
0 0.6 0.494444 0.32037 0.094444
0 0.610185 0.587963 0.3 0.077778
0 0.614815 0.640741 0.311111 0.103704
1 0.301852 0.85 0.116667 0.085185
1 0.887037 0.922222 0.146296 0.064815
