1 0.730556 0.890741 0.098148 0.124074
1 0.700926 0.792593 0.124074 0.064815
1 0.635185 0.875926 0.111111 0.094444
1 0.486111 0.887037 0.12037 0.116667
1 0.361111 0.89537 0.087037 0.112963
1 0.310185 0.905556 0.077778 0.1
1 0.261111 0.884259 0.12963 0.142593
1 0.188889 0.901852 0.111111 0.133333
0 0.45 0.365741 0.166667 0.137037
0 0.630556 0.65463 0.251852 0.183333
0 0.764815 0.631481 0.133333 0.137037
0 0.699074 0.533333 0.231481 0.17037
1 0.72037 0.4 0.111111 0.1
0 0.575 0.37037 0.285185 0.290741
0 0.85463 0.642593 0.255556 0.264815
0 0.807407 0.349074 0.316667 0.227778
1 0.057407 0.682407 0.081481 0.1
0 0.611111 0.162037 0.385185 0.142593
0 0.281481 0.159259 0.357407 0.111111
