1 0.090741 0.073148 0.085185 0.098148
1 0.350926 0.958333 0.087037 0.077778
1 0.477778 0.823148 0.057407 0.090741
1 0.52963 0.826852 0.098148 0.090741
1 0.610185 0.818519 0.094444 0.107407
1 0.667593 0.818519 0.090741 0.081481
1 0.75463 0.826852 0.094444 0.085185
1 0.961111 0.739815 0.074074 0.094444
1 0.905556 0.743519 0.074074 0.112963
1 0.852778 0.737037 0.081481 0.094444
1 0.816667 0.731481 0.087037 0.098148
1 0.699074 0.737037 0.074074 0.107407
1 0.648148 0.744444 0.064815 0.085185
1 0.603704 0.728704 0.087037 0.098148
1 0.559259 0.716667 0.090741 0.112963
1 0.505556 0.739815 0.094444 0.094444
1 0.462963 0.733333 0.127778 0.081481
