0 0.209259 0.583333 0.112963 0.157407
1 0.237037 0.405556 0.07037 0.090741
1 0.094444 0.253704 0.061111 0.074074
1 0.181481 0.183333 0.090741 0.064815
1 0.251852 0.212963 0.1 0.057407
1 0.34537 0.235185 0.111111 0.064815
1 0.199074 0.130556 0.068519 0.085185
1 0.246296 0.147222 0.077778 0.07037
1 0.281481 0.156481 0.068519 0.064815
1 0.322222 0.171296 0.07037 0.055556
1 0.35463 0.189815 0.07037 0.064815
1 0.37963 0.198148 0.081481 0.068519
1 0.426852 0.202778 0.077778 0.051852
1 0.47963 0.200926 0.057407 0.055556
1 0.42037 0.126852 0.07037 0.098148
1 0.384259 0.111111 0.077778 0.077778
1 0.35 0.098148 0.068519 0.07037
1 0.318519 0.087963 0.064815 0.085185
1 0.54537 0.209259 0.098148 0.077778
1 0.609259 0.189815 0.074074 0.103704
1 0.633333 0.098148 0.077778 0.085185
1 0.641667 0.181481 0.087037 0.068519
1 0.697222 0.176852 0.087037 0.064815
1 0.713889 0.148148 0.112963 0.087037
1 0.753704 0.124074 0.127778 0.051852
1 0.768519 0.073148 0.085185 0.074074
1 0.925926 0.137037 0.07037 0.077778
