0 0.549074 0.098148 0.32037 0.111111
1 0.911111 0.37037 0.081481 0.094444
1 0.822222 0.372222 0.068519 0.103704
1 0.761111 0.359259 0.111111 0.116667
1 0.643519 0.735185 0.162963 0.061111
1 0.556481 0.837963 0.061111 0.116667
1 0.630556 0.856481 0.111111 0.12037
1 0.682407 0.844444 0.098148 0.116667
1 0.753704 0.842593 0.094444 0.107407
1 0.811111 0.844444 0.103704 0.103704
1 0.851852 0.857407 0.107407 0.111111
1 0.917593 0.850926 0.094444 0.103704
1 0.677778 0.656481 0.094444 0.133333
1 0.75 0.639815 0.081481 0.081481
1 0.787963 0.642593 0.085185 0.12037
1 0.847222 0.641667 0.085185 0.116667
1 0.909259 0.648148 0.103704 0.116667
