1 0.30463 0.833333 0.127778 0.12037
1 0.249074 0.85 0.107407 0.127778
1 0.149074 0.859259 0.098148 0.127778
1 0.083333 0.856481 0.090741 0.1
1 0.163889 0.648148 0.094444 0.103704
1 0.236111 0.669444 0.146296 0.17963
1 0.300926 0.662963 0.107407 0.12037
1 0.523148 0.656481 0.098148 0.112963
1 0.606481 0.675926 0.133333 0.1
1 0.681481 0.667593 0.107407 0.116667
1 0.719444 0.714815 0.116667 0.107407
0 0.293519 0.359259 0.098148 0.103704
0 0.419444 0.359259 0.172222 0.157407
0 0.614815 0.361111 0.124074 0.140741
0 0.765741 0.385185 0.188889 0.116667
0 0.491667 0.136111 0.316667 0.12963
