1 0.960185 0.85 0.074074 0.1
1 0.87963 0.850926 0.124074 0.124074
1 0.771296 0.842593 0.090741 0.12037
1 0.335185 0.656481 0.137037 0.12037
1 0.664815 0.657407 0.107407 0.137037
1 0.733333 0.650926 0.127778 0.124074
1 0.840741 0.648148 0.124074 0.124074
1 0.886111 0.642593 0.111111 0.107407
1 0.941667 0.642593 0.090741 0.112963
0 0.666667 0.355556 0.183333 0.15
0 0.813889 0.350926 0.137037 0.133333
0 0.632407 0.078704 0.212963 0.133333
1 0.667593 0.85 0.07037 0.087037
1 0.614815 0.856481 0.098148 0.112963
1 0.559259 0.85463 0.103704 0.137037
