0 0.825926 0.525 0.212963 0.124074
0 0.200926 0.572222 0.255556 0.081481
0 0.12963 0.810185 0.124074 0.111111
0 0.151852 0.939815 0.3 0.081481
0 0.524074 0.912037 0.32963 0.090741
0 0.142593 0.707407 0.137037 0.146296
0 0.209259 0.705556 0.172222 0.209259
0 0.278704 0.726852 0.166667 0.205556
0 0.401852 0.707407 0.214815 0.212963
0 0.480556 0.697222 0.196296 0.212963
0 0.560185 0.675926 0.17963 0.248148
0 0.64537 0.673148 0.159259 0.214815
0 0.742593 0.643519 0.142593 0.142593
0 0.791667 0.669444 0.242593 0.235185
