1 0.617593 0.859259 0.087037 0.090741
1 0.527778 0.877778 0.090741 0.107407
1 0.444444 0.873148 0.061111 0.077778
1 0.408333 0.873148 0.081481 0.103704
1 0.727778 0.52037 0.103704 0.1
1 0.896296 0.677778 0.1 0.081481
0 0.708333 0.659259 0.333333 0.124074
0 0.776852 0.437963 0.248148 0.142593
0 0.721296 0.417593 0.294444 0.157407
0 0.612963 0.401852 0.3 0.17037
0 0.530556 0.381481 0.3 0.162963
0 0.462037 0.365741 0.3 0.183333
0 0.373148 0.338889 0.307407 0.183333
0 0.287963 0.317593 0.333333 0.2
1 0.086111 0.323148 0.107407 0.085185
0 0.2 0.312963 0.255556 0.17037
