1 0.171296 0.388889 0.133333 0.12037
1 0.728704 0.369444 0.127778 0.112963
1 0.783333 0.376852 0.124074 0.116667
1 0.871296 0.391667 0.090741 0.094444
1 0.307407 0.852778 0.111111 0.1
1 0.237037 0.84537 0.074074 0.107407
1 0.082407 0.855556 0.107407 0.1
1 0.724074 0.687037 0.124074 0.103704
1 0.668519 0.680556 0.098148 0.111111
1 0.613889 0.649074 0.127778 0.087037
1 0.562963 0.666667 0.090741 0.116667
1 0.497222 0.659259 0.103704 0.112963
1 0.441667 0.650926 0.098148 0.090741
1 0.392593 0.649074 0.12963 0.1
1 0.328704 0.647222 0.112963 0.111111
1 0.284259 0.660185 0.111111 0.116667
1 0.22037 0.657407 0.107407 0.116667
1 0.17963 0.657407 0.124074 0.116667
1 0.090741 0.650926 0.103704 0.116667
