0 0.451852 0.576852 0.127778 0.12037
0 0.332407 0.578704 0.090741 0.098148
1 0.285185 0.596296 0.061111 0.055556
1 0.20463 0.559259 0.07037 0.07037
1 0.122222 0.572222 0.077778 0.077778
0 0.081481 0.710185 0.112963 0.098148
1 0.163889 0.657407 0.12037 0.07037
1 0.542593 0.652778 0.12963 0.061111
0 0.924074 0.719444 0.112963 0.103704
1 0.883333 0.719444 0.103704 0.051852
1 0.824074 0.727778 0.077778 0.081481
1 0.772222 0.721296 0.098148 0.061111
1 0.742593 0.719444 0.098148 0.077778
1 0.673148 0.72963 0.090741 0.057407
1 0.637037 0.727778 0.085185 0.081481
1 0.585185 0.723148 0.085185 0.077778
1 0.466667 0.723148 0.085185 0.085185
1 0.415741 0.725926 0.1 0.077778
1 0.37037 0.723148 0.1 0.07037
1 0.32963 0.711111 0.098148 0.068519
1 0.273148 0.725926 0.103704 0.07037
1 0.222222 0.725 0.094444 0.074074
1 0.157407 0.801852 0.094444 0.085185
1 0.275 0.80463 0.081481 0.077778
1 0.411111 0.814815 0.098148 0.098148
1 0.44537 0.811111 0.133333 0.064815
1 0.606481 0.816667 0.107407 0.094444
1 0.673148 0.8 0.12963 0.107407
1 0.830556 0.812963 0.103704 0.094444
1 0.924074 0.827778 0.074074 0.098148
