1 0.438889 0.10463 0.064815 0.055556
1 0.402778 0.109259 0.085185 0.057407
1 0.351852 0.096296 0.055556 0.077778
1 0.273148 0.090741 0.042593 0.048148
1 0.173148 0.119444 0.057407 0.044444
1 0.221296 0.14537 0.048148 0.064815
1 0.250926 0.156481 0.068519 0.068519
1 0.272222 0.169444 0.07037 0.061111
1 0.315741 0.17963 0.061111 0.068519
1 0.342593 0.190741 0.094444 0.064815
1 0.393519 0.192593 0.064815 0.087037
1 0.424074 0.200926 0.061111 0.064815
1 0.478704 0.213889 0.057407 0.085185
1 0.538889 0.205556 0.087037 0.087037
1 0.608333 0.196296 0.094444 0.055556
1 0.655556 0.192593 0.103704 0.061111
1 0.691667 0.143519 0.085185 0.055556
1 0.738889 0.12037 0.112963 0.035185
1 0.734259 0.109259 0.090741 0.085185
1 0.785185 0.089815 0.12037 0.031481
1 0.74537 0.032407 0.055556 0.035185
1 0.537963 0.37037 0.077778 0.094444
0 0.20463 0.57963 0.107407 0.146296
