1 0.426852 0.762037 0.107407 0.061111
0 0.205556 0.781481 0.162963 0.107407
1 0.323148 0.885185 0.057407 0.098148
1 0.363889 0.875 0.074074 0.077778
0 0.506481 0.711111 0.268519 0.103704
0 0.147222 0.298148 0.274074 0.172222
0 0.224074 0.310185 0.251852 0.15
0 0.306481 0.324074 0.272222 0.166667
0 0.396296 0.331481 0.248148 0.17963
0 0.555556 0.372222 0.303704 0.162963
0 0.6 0.387037 0.274074 0.2
0 0.702778 0.411111 0.290741 0.183333
0 0.783333 0.425926 0.261111 0.146296
0 0.880556 0.462037 0.231481 0.172222
