1 0.517593 0.752778 0.140741 0.090741
1 0.560185 0.841667 0.094444 0.103704
1 0.613889 0.848148 0.098148 0.098148
1 0.661111 0.842593 0.107407 0.107407
1 0.72037 0.85 0.1 0.087037
1 0.775926 0.856481 0.1 0.12037
1 0.835185 0.844444 0.087037 0.17037
1 0.905556 0.850926 0.098148 0.103704
1 0.366667 0.65463 0.127778 0.116667
1 0.674074 0.646296 0.090741 0.094444
1 0.72963 0.637963 0.07037 0.077778
1 0.763889 0.652778 0.112963 0.12037
1 0.844444 0.625 0.07037 0.085185
1 0.89537 0.637963 0.112963 0.098148
1 0.95 0.636111 0.098148 0.1
0 0.85463 0.378704 0.196296 0.085185
0 0.733333 0.369444 0.214815 0.124074
0 0.646296 0.342593 0.185185 0.137037
1 0.444444 0.341667 0.124074 0.12037
0 0.641667 0.09537 0.385185 0.12037
