1 0.427778 0.725926 0.090741 0.094444
1 0.505556 0.706481 0.107407 0.094444
1 0.533333 0.734259 0.077778 0.111111
1 0.584259 0.72963 0.087037 0.081481
1 0.627778 0.739815 0.098148 0.081481
1 0.680556 0.734259 0.124074 0.085185
1 0.803704 0.731481 0.081481 0.077778
1 0.89537 0.736111 0.107407 0.094444
1 0.946296 0.732407 0.090741 0.087037
1 0.116667 0.153704 0.098148 0.064815
1 0.221296 0.130556 0.111111 0.057407
1 0.118519 0.07037 0.061111 0.061111
1 0.165741 0.050926 0.077778 0.061111
1 0.210185 0.032407 0.094444 0.044444
