0 0.412037 0.866667 0.064815 0.124074
1 0.487037 0.843519 0.077778 0.098148
1 0.525 0.873148 0.068519 0.077778
1 0.565741 0.869444 0.07037 0.085185
1 0.597222 0.888889 0.081481 0.098148
1 0.65 0.884259 0.068519 0.087037
0 0.527778 0.712037 0.277778 0.085185
0 0.714815 0.652778 0.290741 0.111111
0 0.887037 0.528704 0.111111 0.07037
0 0.792593 0.435185 0.314815 0.146296
0 0.706481 0.416667 0.261111 0.137037
0 0.646296 0.390741 0.264815 0.15
0 0.549074 0.374074 0.261111 0.162963
0 0.448148 0.357407 0.268519 0.175926
0 0.382407 0.32963 0.314815 0.172222
0 0.290741 0.328704 0.32037 0.162963
0 0.208333 0.312037 0.274074 0.15
