0 0.792593 0.252778 0.346296 0.074074
1 0.262037 0.125 0.074074 0.1
1 0.312963 0.123148 0.07037 0.085185
1 0.372222 0.125 0.077778 0.094444
1 0.414815 0.121296 0.077778 0.1
1 0.465741 0.125 0.068519 0.081481
1 0.55463 0.118519 0.087037 0.087037
1 0.646296 0.110185 0.081481 0.085185
1 0.774074 0.12037 0.081481 0.090741
1 0.825 0.116667 0.090741 0.085185
1 0.718519 0.909259 0.153704 0.064815
0 0.212037 0.584259 0.314815 0.111111
0 0.856481 0.556481 0.231481 0.133333
0 0.837963 0.424074 0.227778 0.196296
0 0.759259 0.438889 0.227778 0.212963
0 0.678704 0.433333 0.244444 0.227778
0 0.52963 0.462037 0.214815 0.231481
0 0.437963 0.437037 0.242593 0.222222
0 0.365741 0.441667 0.227778 0.218519
0 0.293519 0.44537 0.235185 0.231481
0 0.203704 0.422222 0.218519 0.244444
0 0.114815 0.412037 0.185185 0.212963
