1 0.649074 0.765741 0.112963 0.064815
1 0.364815 0.757407 0.137037 0.081481
1 0.153704 0.75 0.112963 0.077778
1 0.081481 0.85463 0.107407 0.098148
1 0.14537 0.850926 0.085185 0.090741
1 0.209259 0.857407 0.1 0.103704
1 0.264815 0.85463 0.087037 0.098148
1 0.308333 0.846296 0.1 0.107407
1 0.148148 0.650926 0.087037 0.098148
0 0.092593 0.631481 0.133333 0.162963
1 0.213889 0.642593 0.127778 0.127778
1 0.267593 0.656481 0.111111 0.1
1 0.331481 0.650926 0.112963 0.111111
1 0.386111 0.642593 0.103704 0.1
1 0.441667 0.642593 0.103704 0.1
1 0.492593 0.659259 0.1 0.094444
1 0.562963 0.648148 0.064815 0.077778
1 0.625926 0.656481 0.111111 0.112963
1 0.675 0.661111 0.090741 0.090741
1 0.724074 0.682407 0.111111 0.12037
1 0.828704 0.378704 0.077778 0.103704
1 0.732407 0.380556 0.112963 0.094444
1 0.615741 0.382407 0.098148 0.111111
1 0.173148 0.349074 0.111111 0.085185
0 0.193519 0.110185 0.353704 0.142593
0 0.541667 0.133333 0.314815 0.137037
