0 0.465741 0.927778 0.133333 0.142593
1 0.076852 0.716667 0.103704 0.094444
1 0.091667 0.493519 0.12037 0.127778
1 0.207407 0.574074 0.085185 0.090741
1 0.27037 0.57037 0.085185 0.085185
1 0.266667 0.503704 0.077778 0.087037
1 0.357407 0.506481 0.074074 0.068519
1 0.364815 0.567593 0.103704 0.077778
1 0.306481 0.712963 0.103704 0.081481
1 0.398148 0.716667 0.103704 0.081481
1 0.465741 0.712963 0.133333 0.074074
1 0.458333 0.489815 0.107407 0.068519
1 0.593519 0.725926 0.1 0.107407
1 0.787963 0.646296 0.098148 0.077778
1 0.668519 0.727778 0.087037 0.098148
1 0.730556 0.727778 0.068519 0.07037
1 0.824074 0.711111 0.12963 0.098148
1 0.863889 0.739815 0.064815 0.107407
1 0.919444 0.719444 0.085185 0.087037
