1 0.277778 0.114815 0.112963 0.068519
1 0.087963 0.078704 0.068519 0.074074
1 0.137037 0.060185 0.087037 0.077778
1 0.199074 0.036111 0.087037 0.068519
0 0.733333 0.827778 0.124074 0.111111
1 0.403704 0.882407 0.1 0.074074
1 0.506481 0.823148 0.103704 0.081481
1 0.569444 0.811111 0.07037 0.064815
1 0.606481 0.821296 0.055556 0.077778
1 0.674074 0.816667 0.07037 0.087037
1 0.877778 0.812963 0.077778 0.074074
1 0.916667 0.819444 0.064815 0.081481
1 0.918519 0.736111 0.074074 0.07037
1 0.856481 0.742593 0.094444 0.07037
1 0.79537 0.739815 0.090741 0.064815
1 0.682407 0.740741 0.081481 0.074074
1 0.649074 0.727778 0.081481 0.074074
1 0.59537 0.727778 0.077778 0.081481
1 0.556481 0.719444 0.085185 0.077778
1 0.506481 0.725 0.077778 0.081481
1 0.452778 0.725 0.087037 0.074074
1 0.921296 0.665741 0.146296 0.048148
1 0.935185 0.603704 0.081481 0.087037
