0 0.290741 0.125926 0.32037 0.094444
1 0.564815 0.134259 0.087037 0.064815
1 0.787963 0.122222 0.107407 0.055556
0 0.675926 0.122222 0.107407 0.061111
1 0.917593 0.337963 0.107407 0.074074
1 0.914815 0.401852 0.087037 0.098148
1 0.84537 0.388889 0.107407 0.111111
1 0.762037 0.403704 0.116667 0.107407
1 0.689815 0.388889 0.137037 0.111111
0 0.594444 0.363889 0.188889 0.166667
0 0.381481 0.374074 0.157407 0.127778
0 0.098148 0.37037 0.140741 0.112963
1 0.272222 0.37037 0.081481 0.107407
1 0.07963 0.869444 0.085185 0.140741
1 0.151852 0.863889 0.098148 0.116667
1 0.194444 0.865741 0.124074 0.112963
1 0.249074 0.848148 0.112963 0.111111
1 0.30463 0.857407 0.1 0.12963
1 0.219444 0.761111 0.12037 0.074074
1 0.52963 0.782407 0.137037 0.098148
1 0.515741 0.646296 0.07037 0.12037
1 0.57037 0.665741 0.081481 0.094444
1 0.685185 0.657407 0.107407 0.111111
1 0.910185 0.775926 0.116667 0.085185
1 0.155556 0.652778 0.111111 0.133333
1 0.221296 0.639815 0.111111 0.127778
1 0.275 0.648148 0.112963 0.111111
1 0.332407 0.659259 0.111111 0.146296
