1 0.376852 0.877778 0.12037 0.057407
0 0.096296 0.931481 0.12963 0.133333
1 0.319444 0.797222 0.077778 0.098148
1 0.376852 0.799074 0.081481 0.074074
1 0.466667 0.805556 0.085185 0.087037
1 0.681481 0.823148 0.087037 0.116667
1 0.840741 0.799074 0.098148 0.074074
1 0.876852 0.807407 0.085185 0.090741
1 0.921296 0.812037 0.094444 0.068519
1 0.268519 0.580556 0.068519 0.085185
1 0.358333 0.580556 0.07037 0.07037
1 0.417593 0.59537 0.098148 0.074074
1 0.47037 0.590741 0.098148 0.090741
1 0.394444 0.507407 0.07037 0.087037
0 0.338889 0.490741 0.103704 0.087037
0 0.222222 0.499074 0.127778 0.103704
0 0.112963 0.713889 0.137037 0.094444
1 0.840741 0.646296 0.090741 0.064815
1 0.224074 0.705556 0.077778 0.085185
1 0.275 0.710185 0.087037 0.1
1 0.327778 0.712037 0.094444 0.085185
1 0.378704 0.707407 0.07037 0.068519
1 0.432407 0.712037 0.087037 0.07037
1 0.473148 0.722222 0.111111 0.077778
1 0.630556 0.713889 0.085185 0.081481
1 0.689815 0.715741 0.085185 0.077778
1 0.74537 0.701852 0.077778 0.090741
1 0.785185 0.725 0.090741 0.07037
1 0.840741 0.713889 0.085185 0.1
1 0.875 0.728704 0.081481 0.085185
1 0.912963 0.737037 0.111111 0.074074
