1 0.22037 0.600926 0.055556 0.085185
1 0.234259 0.534259 0.057407 0.094444
1 0.565741 0.381481 0.064815 0.077778
0 0.198148 0.824074 0.064815 0.137037
0 0.097222 0.602778 0.175926 0.17963
0 0.063889 0.807407 0.111111 0.111111
1 0.799074 0.043519 0.098148 0.057407
1 0.762963 0.071296 0.077778 0.048148
1 0.764815 0.113889 0.074074 0.087037
1 0.72963 0.125926 0.090741 0.077778
1 0.690741 0.141667 0.090741 0.051852
1 0.659259 0.162963 0.087037 0.1
1 0.621296 0.196296 0.090741 0.081481
1 0.542593 0.199074 0.057407 0.068519
1 0.467593 0.20463 0.07037 0.077778
1 0.435185 0.198148 0.090741 0.098148
1 0.4 0.198148 0.087037 0.085185
1 0.362963 0.183333 0.098148 0.068519
1 0.305556 0.166667 0.055556 0.094444
1 0.27037 0.153704 0.077778 0.068519
1 0.225 0.138889 0.085185 0.064815
