0 0.649074 0.048148 0.087037 0.074074
0 0.624074 0.090741 0.085185 0.094444
0 0.580556 0.148148 0.087037 0.057407
0 0.57037 0.181481 0.1 0.085185
0 0.527778 0.198148 0.1 0.090741
0 0.519444 0.241667 0.098148 0.12037
0 0.47963 0.262037 0.090741 0.081481
0 0.458333 0.309259 0.127778 0.116667
0 0.498148 0.535185 0.166667 0.183333
0 0.609259 0.558333 0.172222 0.209259
0 0.673148 0.599074 0.15 0.159259
0 0.742593 0.60463 0.137037 0.142593
0 0.793519 0.627778 0.166667 0.175926
0 0.819444 0.640741 0.17963 0.175926
0 0.872222 0.662037 0.166667 0.166667
