1 0.121296 0.812963 0.057407 0.085185
1 0.189815 0.846296 0.064815 0.111111
0 0.196296 0.689815 0.111111 0.166667
1 0.797222 0.033333 0.112963 0.064815
1 0.769444 0.107407 0.090741 0.068519
1 0.72037 0.140741 0.090741 0.087037
1 0.756481 0.130556 0.111111 0.094444
1 0.687037 0.166667 0.111111 0.087037
1 0.680556 0.181481 0.098148 0.085185
1 0.614815 0.183333 0.098148 0.094444
1 0.546296 0.212963 0.085185 0.081481
1 0.448148 0.156481 0.111111 0.074074
1 0.35463 0.107407 0.061111 0.074074
1 0.480556 0.211111 0.051852 0.085185
1 0.448148 0.20463 0.051852 0.07037
1 0.4 0.192593 0.061111 0.068519
1 0.365741 0.186111 0.057407 0.068519
1 0.334259 0.184259 0.055556 0.064815
1 0.293519 0.175 0.077778 0.07037
1 0.259259 0.155556 0.087037 0.085185
1 0.237963 0.137037 0.085185 0.081481
1 0.184259 0.124074 0.112963 0.074074
