0 0.47037 0.073148 0.146296 0.124074
0 0.103704 0.266667 0.153704 0.085185
0 0.886111 0.643519 0.188889 0.17037
0 0.823148 0.630556 0.175926 0.157407
0 0.775926 0.625926 0.192593 0.159259
0 0.737963 0.612963 0.201852 0.172222
0 0.678704 0.599074 0.183333 0.172222
0 0.659259 0.57963 0.222222 0.185185
0 0.584259 0.587963 0.201852 0.201852
0 0.550926 0.57037 0.242593 0.172222
0 0.433333 0.57963 0.090741 0.112963
0 0.508333 0.555556 0.188889 0.183333
1 0.059259 0.519444 0.098148 0.085185
0 0.503704 0.207407 0.159259 0.162963
0 0.550926 0.230556 0.162963 0.17037
