0 0.363889 0.153704 0.346296 0.090741
0 0.708333 0.162037 0.314815 0.12037
0 0.573148 0.288889 0.366667 0.087037
0 0.658333 0.39537 0.327778 0.142593
1 0.101852 0.778704 0.162963 0.085185
1 0.562963 0.905556 0.094444 0.140741
1 0.625 0.914815 0.1 0.127778
1 0.675926 0.910185 0.090741 0.116667
1 0.737963 0.907407 0.111111 0.098148
1 0.813889 0.908333 0.116667 0.127778
1 0.864815 0.905556 0.107407 0.12037
1 0.518519 0.682407 0.111111 0.12037
1 0.633333 0.684259 0.111111 0.111111
1 0.713889 0.641667 0.081481 0.12963
0 0.284259 0.877778 0.375926 0.090741
0 0.801852 0.610185 0.1 0.12037
0 0.874074 0.637963 0.140741 0.15
