1 0.562037 0.191667 0.133333 0.081481
1 0.357407 0.380556 0.157407 0.15
1 0.542593 0.403704 0.12037 0.103704
1 0.615741 0.388889 0.111111 0.1
1 0.837963 0.673148 0.107407 0.124074
1 0.760185 0.685185 0.098148 0.127778
0 0.593519 0.663889 0.183333 0.116667
1 0.472222 0.680556 0.098148 0.12963
1 0.406481 0.683333 0.090741 0.103704
1 0.355556 0.662037 0.12037 0.140741
1 0.273148 0.680556 0.107407 0.111111
1 0.232407 0.673148 0.090741 0.111111
1 0.157407 0.673148 0.07037 0.111111
1 0.10463 0.683333 0.111111 0.124074
