0 0.130556 0.097222 0.153704 0.12963
1 0.247222 0.1 0.090741 0.103704
0 0.468519 0.099074 0.133333 0.12037
0 0.608333 0.110185 0.103704 0.124074
0 0.906481 0.118519 0.15 0.107407
1 0.458333 0.768519 0.133333 0.090741
1 0.266667 0.626852 0.116667 0.064815
0 0.47037 0.548148 0.353704 0.103704
0 0.878704 0.417593 0.238889 0.248148
0 0.732407 0.399074 0.196296 0.238889
0 0.665741 0.422222 0.218519 0.212963
0 0.596296 0.45 0.212963 0.201852
0 0.47963 0.402778 0.214815 0.238889
0 0.414815 0.411111 0.222222 0.196296
0 0.327778 0.40463 0.205556 0.235185
0 0.232407 0.396296 0.231481 0.257407
0 0.164815 0.392593 0.242593 0.257407
