0 0.682407 0.856481 0.311111 0.140741
1 0.405556 0.877778 0.111111 0.116667
1 0.07037 0.775926 0.116667 0.085185
1 0.086111 0.674074 0.094444 0.090741
1 0.153704 0.667593 0.085185 0.103704
1 0.237037 0.672222 0.1 0.12037
1 0.37963 0.678704 0.098148 0.1
1 0.517593 0.677778 0.098148 0.124074
1 0.587037 0.684259 0.07037 0.085185
1 0.647222 0.662963 0.094444 0.112963
1 0.7 0.672222 0.107407 0.1
1 0.762037 0.680556 0.074074 0.090741
1 0.816667 0.674074 0.103704 0.124074
1 0.872222 0.680556 0.098148 0.124074
1 0.785185 0.393519 0.107407 0.127778
1 0.549074 0.398148 0.1 0.12963
1 0.393519 0.390741 0.124074 0.112963
0 0.196296 0.375926 0.15 0.111111
1 0.100926 0.375926 0.07037 0.051852
0 0.475 0.121296 0.35 0.133333
