0 0.455556 0.14537 0.418519 0.12037
1 0.780556 0.087963 0.07037 0.077778
0 0.575926 0.662963 0.327778 0.112963
0 0.786111 0.408333 0.17037 0.137037
0 0.665741 0.390741 0.166667 0.140741
0 0.578704 0.393519 0.15 0.140741
0 0.442593 0.390741 0.146296 0.146296
0 0.226852 0.4 0.185185 0.112963
1 0.344444 0.408333 0.094444 0.15
1 0.057407 0.405556 0.103704 0.116667
1 0.387963 0.874074 0.094444 0.124074
1 0.714815 0.772222 0.137037 0.090741
1 0.111111 0.688889 0.064815 0.12037
1 0.140741 0.684259 0.116667 0.124074
1 0.22963 0.665741 0.111111 0.112963
1 0.217593 0.765741 0.112963 0.103704
1 0.319444 0.680556 0.1 0.103704
1 0.387037 0.678704 0.098148 0.12037
