0 0.205556 0.692593 0.235185 0.133333
1 0.382407 0.712963 0.17037 0.112963
1 0.521296 0.685185 0.185185 0.077778
1 0.665741 0.668519 0.166667 0.116667
0 0.342593 0.917593 0.255556 0.111111
1 0.918519 0.387963 0.112963 0.094444
1 0.833333 0.392593 0.127778 0.098148
1 0.675926 0.394444 0.112963 0.074074
1 0.585185 0.402778 0.142593 0.090741
1 0.497222 0.411111 0.137037 0.112963
1 0.439815 0.398148 0.140741 0.133333
1 0.349074 0.407407 0.142593 0.1
1 0.282407 0.413889 0.166667 0.1
1 0.185185 0.419444 0.15 0.111111
1 0.101852 0.415741 0.127778 0.103704
1 0.137963 0.175 0.140741 0.087037
1 0.210185 0.194444 0.094444 0.094444
1 0.291667 0.192593 0.133333 0.116667
1 0.361111 0.194444 0.107407 0.127778
1 0.444444 0.162963 0.098148 0.098148
1 0.503704 0.268519 0.162963 0.098148
1 0.526852 0.186111 0.085185 0.103704
1 0.531481 0.183333 0.087037 0.124074
1 0.639815 0.187963 0.127778 0.1
1 0.69537 0.183333 0.140741 0.090741
1 0.835185 0.194444 0.142593 0.1
1 0.92037 0.183333 0.103704 0.111111
