0 0.240741 0.907407 0.242593 0.103704
0 0.481481 0.702778 0.218519 0.081481
0 0.168519 0.675 0.196296 0.098148
1 0.518519 0.377778 0.146296 0.12037
1 0.451852 0.373148 0.116667 0.137037
1 0.348148 0.37963 0.133333 0.124074
1 0.275926 0.371296 0.140741 0.140741
1 0.187963 0.371296 0.140741 0.12037
1 0.110185 0.392593 0.142593 0.103704
1 0.112037 0.160185 0.107407 0.103704
1 0.287963 0.175 0.103704 0.107407
1 0.205556 0.148148 0.098148 0.087037
1 0.366667 0.181481 0.153704 0.116667
1 0.427778 0.165741 0.116667 0.111111
1 0.5 0.159259 0.103704 0.124074
