1 0.437963 0.186111 0.116667 0.111111
1 0.250926 0.146296 0.137037 0.085185
1 0.42037 0.278704 0.087037 0.1
0 0.399074 0.388889 0.12963 0.124074
0 0.412037 0.493519 0.137037 0.111111
0 0.359259 0.643519 0.111111 0.074074
0 0.355556 0.730556 0.12963 0.124074
0 0.342593 0.815741 0.124074 0.111111
0 0.310185 0.890741 0.124074 0.137037
0 0.162037 0.613889 0.142593 0.133333
0 0.148148 0.697222 0.153704 0.098148
0 0.110185 0.884259 0.157407 0.142593
0 0.816667 0.682407 0.1 0.205556
0 0.943519 0.428704 0.090741 0.175926
