0 0.142593 0.739815 0.201852 0.3
0 0.248148 0.816667 0.188889 0.277778
0 0.331481 0.833333 0.205556 0.290741
0 0.397222 0.835185 0.231481 0.274074
0 0.288889 0.142593 0.166667 0.274074
0 0.425 0.15463 0.201852 0.298148
0 0.510185 0.169444 0.214815 0.314815
0 0.663889 0.25463 0.235185 0.340741
0 0.750926 0.267593 0.212963 0.346296
1 0.814815 0.372222 0.064815 0.07037
1 0.777778 0.303704 0.094444 0.085185
1 0.746296 0.231481 0.077778 0.077778
1 0.7 0.156481 0.07037 0.085185
0 0.816667 0.271296 0.290741 0.294444
