0 0.090741 0.383333 0.137037 0.116667
0 0.248148 0.493519 0.15 0.107407
1 0.284259 0.389815 0.103704 0.057407
1 0.302778 0.302778 0.107407 0.061111
1 0.484259 0.846296 0.103704 0.098148
1 0.492593 0.77037 0.074074 0.077778
1 0.52037 0.740741 0.085185 0.098148
1 0.539815 0.678704 0.090741 0.116667
1 0.568519 0.637963 0.081481 0.094444
1 0.590741 0.583333 0.087037 0.103704
1 0.62037 0.547222 0.094444 0.124074
1 0.639815 0.472222 0.074074 0.098148
1 0.756481 0.719444 0.12963 0.068519
1 0.794444 0.655556 0.107407 0.064815
1 0.811111 0.625 0.133333 0.074074
1 0.84537 0.552778 0.137037 0.087037
1 0.473148 0.427778 0.112963 0.133333
