1 0.043519 0.605556 0.077778 0.098148
1 0.187963 0.913889 0.077778 0.111111
1 0.07963 0.916667 0.07037 0.12963
1 0.099074 0.851852 0.085185 0.103704
1 0.117593 0.809259 0.081481 0.098148
1 0.143519 0.746296 0.081481 0.090741
1 0.158333 0.690741 0.07037 0.098148
1 0.175926 0.651852 0.081481 0.111111
1 0.196296 0.601852 0.074074 0.103704
1 0.403704 0.674074 0.142593 0.064815
1 0.377778 0.771296 0.111111 0.068519
1 0.358333 0.826852 0.116667 0.055556
1 0.32037 0.87963 0.107407 0.074074
1 0.919444 0.15 0.127778 0.077778
