0 0.109259 0.731481 0.166667 0.12037
1 0.166667 0.537963 0.116667 0.1
0 0.275 0.348148 0.124074 0.133333
0 0.417593 0.386111 0.140741 0.085185
0 0.389815 0.452778 0.142593 0.081481
0 0.339815 0.59537 0.17037 0.142593
1 0.926852 0.59537 0.085185 0.116667
1 0.898148 0.705556 0.098148 0.112963
1 0.798148 0.648148 0.074074 0.12963
1 0.658333 0.800926 0.103704 0.127778
1 0.666667 0.662963 0.087037 0.112963
1 0.707407 0.587037 0.07037 0.107407
0 0.77963 0.428704 0.098148 0.188889
0 0.612037 0.464815 0.090741 0.157407
0 0.566667 0.577778 0.077778 0.112963
