0 0.725 0.164815 0.238889 0.216667
0 0.251852 0.041667 0.231481 0.059259
0 0.318519 0.085185 0.231481 0.062963
0 0.342593 0.137037 0.233333 0.07037
0 0.222222 0.187963 0.201852 0.216667
0 0.489815 0.238889 0.238889 0.059259
0 0.512963 0.287037 0.264815 0.042593
0 0.572222 0.336111 0.237037 0.044444
0 0.619444 0.382407 0.237037 0.05
0 0.659259 0.430556 0.235185 0.061111
0 0.744444 0.485185 0.268519 0.064815
0 0.85 0.583333 0.244444 0.07037
0 0.205556 0.392593 0.248148 0.240741
0 0.635185 0.556481 0.251852 0.246296
0 0.427778 0.358333 0.17963 0.211111
0 0.507407 0.690741 0.227778 0.227778
0 0.6 0.668519 0.207407 0.216667
1 0.691667 0.839815 0.094444 0.057407
1 0.634259 0.803704 0.07963 0.055556
1 0.407407 0.721296 0.085185 0.088889
1 0.357407 0.742593 0.074074 0.135185
1 0.299074 0.681481 0.075926 0.133333
1 0.311111 0.430556 0.068519 0.053704
1 0.635185 0.932407 0.074074 0.07037
1 0.708333 0.97037 0.083333 0.051852
1 0.373148 0.5 0.081481 0.048148
1 0.244444 0.372222 0.074074 0.051852
1 0.215741 0.337037 0.083333 0.061111
1 0.14537 0.284259 0.077778 0.059259
1 0.122222 0.243519 0.075926 0.055556
1 0.050926 0.246296 0.062963 0.037037
1 0.068519 0.287037 0.061111 0.051852
1 0.094444 0.511111 0.07037 0.133333
1 0.143519 0.55 0.062963 0.131481
1 0.203704 0.585185 0.051852 0.124074
