1 0.484259 0.05 0.051852 0.074074
1 0.449074 0.083333 0.044444 0.072222
1 0.25463 0.057407 0.07037 0.048148
1 0.223148 0.100926 0.087037 0.051852
1 0.3 0.080556 0.074074 0.046296
1 0.325 0.108333 0.074074 0.038889
1 0.278704 0.141667 0.062963 0.053704
1 0.348148 0.139815 0.074074 0.051852
1 0.344444 0.190741 0.068519 0.053704
1 0.413889 0.177778 0.059259 0.053704
1 0.457407 0.199074 0.062963 0.037037
1 0.431481 0.231481 0.074074 0.057407
1 0.860185 0.460185 0.062963 0.085185
1 0.637963 0.505556 0.05 0.096296
0 0.088889 0.169444 0.166667 0.062963
0 0.253704 0.334259 0.222222 0.1
0 0.284259 0.372222 0.198148 0.092593
0 0.366667 0.455556 0.275926 0.122222
0 0.312037 0.416667 0.22037 0.081481
