0 0.194444 0.338889 0.255556 0.105556
0 0.260185 0.372222 0.266667 0.096296
1 0.625 0.140741 0.05 0.077778
1 0.602778 0.259259 0.062963 0.064815
1 0.625 0.365741 0.05 0.066667
1 0.272222 0.464815 0.066667 0.066667
1 0.661111 0.517593 0.075926 0.077778
1 0.675926 0.622222 0.064815 0.074074
1 0.691667 0.733333 0.081481 0.07963
1 0.786111 0.934259 0.081481 0.075926
1 0.068519 0.14537 0.083333 0.037037
1 0.152778 0.046296 0.066667 0.057407
1 0.236111 0.040741 0.074074 0.042593
1 0.193519 0.07963 0.062963 0.053704
1 0.215741 0.110185 0.051852 0.061111
1 0.303704 0.083333 0.075926 0.042593
1 0.480556 0.055556 0.038889 0.062963
1 0.438889 0.105556 0.072222 0.059259
1 0.811111 0.436111 0.038889 0.068519
1 0.94537 0.47963 0.035185 0.066667
1 0.910185 0.474074 0.057407 0.074074
1 0.886111 0.462963 0.057407 0.062963
1 0.843519 0.452778 0.048148 0.072222
1 0.974074 0.500926 0.046296 0.085185
