1 0.073148 0.798148 0.116667 0.053704
1 0.042593 0.601852 0.040741 0.068519
1 0.088889 0.644444 0.044444 0.094444
1 0.137037 0.664815 0.042593 0.087037
1 0.239815 0.740741 0.059259 0.096296
1 0.287963 0.765741 0.044444 0.064815
1 0.319444 0.838889 0.033333 0.083333
1 0.152778 0.901852 0.066667 0.057407
1 0.236111 0.896296 0.074074 0.042593
1 0.193519 0.935185 0.062963 0.053704
1 0.215741 0.965741 0.051852 0.061111
1 0.303704 0.938889 0.075926 0.042593
1 0.377778 0.837037 0.044444 0.087037
1 0.409259 0.867593 0.051852 0.07963
1 0.447222 0.882407 0.048148 0.068519
1 0.480556 0.911111 0.038889 0.062963
1 0.438889 0.961111 0.072222 0.059259
1 0.141667 0.758333 0.062963 0.066667
