1 0.042593 0.609259 0.055556 0.059259
1 0.10463 0.644444 0.040741 0.064815
1 0.263889 0.759259 0.042593 0.072222
1 0.299074 0.784259 0.038889 0.072222
1 0.335185 0.800926 0.05 0.066667
1 0.387963 0.85 0.038889 0.07037
1 0.417593 0.87037 0.051852 0.066667
1 0.484259 0.905556 0.051852 0.074074
1 0.449074 0.938889 0.044444 0.072222
1 0.100926 0.801852 0.074074 0.051852
1 0.25463 0.912963 0.07037 0.048148
1 0.223148 0.956481 0.087037 0.051852
1 0.3 0.936111 0.074074 0.046296
1 0.325 0.963889 0.074074 0.038889
