0 0.774074 0.202778 0.225926 0.227778
0 0.415741 0.186111 0.233333 0.061111
0 0.269444 0.215741 0.227778 0.205556
0 0.474074 0.235185 0.190741 0.064815
0 0.517593 0.285185 0.224074 0.061111
0 0.582407 0.337963 0.22963 0.064815
0 0.472222 0.39537 0.201852 0.201852
0 0.680556 0.42963 0.224074 0.062963
0 0.725 0.477778 0.255556 0.057407
0 0.766667 0.517593 0.231481 0.053704
0 0.801852 0.561111 0.22963 0.051852
0 0.867593 0.609259 0.227778 0.061111
0 0.767593 0.660185 0.211111 0.17963
1 0.051852 0.212963 0.068519 0.096296
1 0.143519 0.348148 0.074074 0.098148
1 0.276852 0.439815 0.088889 0.044444
1 0.300926 0.475 0.062963 0.051852
1 0.39537 0.463889 0.062963 0.048148
1 0.405556 0.498148 0.085185 0.031481
1 0.337037 0.503704 0.07037 0.046296
1 0.803704 0.949074 0.068519 0.042593
1 0.77037 0.916667 0.077778 0.044444
1 0.755556 0.881481 0.07037 0.046296
1 0.712963 0.856481 0.066667 0.053704
1 0.736111 0.799074 0.085185 0.033333
1 0.703704 0.768519 0.062963 0.044444
1 0.62037 0.763889 0.077778 0.031481
1 0.663889 0.80463 0.061111 0.057407
1 0.687963 0.833333 0.059259 0.053704
1 0.473148 0.55463 0.074074 0.046296
1 0.364815 0.533333 0.074074 0.061111
1 0.388889 0.571296 0.072222 0.059259
1 0.412037 0.601852 0.068519 0.055556
1 0.491667 0.581481 0.088889 0.046296
1 0.537963 0.614815 0.07963 0.035185
1 0.575926 0.642593 0.075926 0.046296
1 0.483333 0.651852 0.081481 0.044444
1 0.512963 0.683333 0.068519 0.062963
1 0.3 0.688889 0.042593 0.087037
1 0.336111 0.712963 0.062963 0.07963
1 0.369444 0.757407 0.055556 0.074074
1 0.400926 0.788889 0.055556 0.075926
1 0.435185 0.816667 0.042593 0.087037
1 0.467593 0.844444 0.05 0.087037
1 0.49537 0.862037 0.051852 0.064815
