0 0.759259 0.47963 0.198148 0.074074
1 0.736111 0.889815 0.098148 0.048148
1 0.676852 0.827778 0.07963 0.042593
1 0.621296 0.773148 0.083333 0.044444
1 0.496296 0.872222 0.033333 0.081481
1 0.460185 0.836111 0.033333 0.081481
1 0.430556 0.813889 0.031481 0.081481
1 0.400926 0.784259 0.033333 0.074074
1 0.363889 0.755556 0.031481 0.074074
1 0.585185 0.676852 0.090741 0.038889
1 0.578704 0.640741 0.081481 0.042593
1 0.485185 0.650926 0.064815 0.027778
1 0.447222 0.617593 0.07037 0.051852
1 0.37037 0.542593 0.075926 0.038889
1 0.300926 0.688889 0.038889 0.066667
1 0.272222 0.465741 0.088889 0.042593
1 0.315741 0.501852 0.077778 0.051852
1 0.500926 0.491667 0.077778 0.085185
1 0.4 0.193519 0.105556 0.053704
