0 0.138889 0.463889 0.212963 0.072222
0 0.196296 0.494444 0.218519 0.074074
0 0.237037 0.523148 0.224074 0.075926
0 0.282407 0.553704 0.192593 0.062963
0 0.368519 0.623148 0.212963 0.074074
0 0.475 0.694444 0.242593 0.077778
0 0.530556 0.730556 0.224074 0.077778
0 0.635185 0.831481 0.227778 0.083333
0 0.696296 0.866667 0.225926 0.074074
0 0.117593 0.688889 0.2 0.168519
0 0.322222 0.816667 0.211111 0.174074
0 0.811111 0.94537 0.225926 0.085185
1 0.649074 0.367593 0.046296 0.081481
1 0.7 0.403704 0.038889 0.062963
