0 0.482407 0.234259 0.237037 0.061111
0 0.500926 0.289815 0.2 0.044444
0 0.587037 0.325926 0.248148 0.061111
0 0.669444 0.433333 0.235185 0.062963
0 0.811111 0.562037 0.251852 0.072222
1 0.313889 0.469444 0.074074 0.055556
1 0.35 0.524074 0.075926 0.051852
1 0.309259 0.698148 0.055556 0.094444
1 0.428704 0.587037 0.075926 0.05
1 0.49537 0.643519 0.087037 0.048148
1 0.650926 0.796296 0.077778 0.055556
1 0.832407 0.922222 0.105556 0.062963
1 0.390741 0.762037 0.051852 0.098148
1 0.42963 0.816667 0.040741 0.081481
1 0.465741 0.835185 0.05 0.087037
1 0.558333 0.92963 0.051852 0.088889
