0 0.3 0.407407 0.255556 0.098148
0 0.17963 0.334259 0.201852 0.094444
0 0.112963 0.246296 0.201852 0.107407
1 0.048148 0.061111 0.062963 0.062963
1 0.238889 0.193519 0.064815 0.062963
1 0.475926 0.049074 0.057407 0.077778
1 0.294444 0.07963 0.07037 0.051852
1 0.335185 0.105556 0.074074 0.040741
1 0.280556 0.135185 0.07963 0.048148
1 0.331481 0.188889 0.085185 0.057407
1 0.389815 0.147222 0.074074 0.05
1 0.478704 0.219444 0.085185 0.046296
1 0.44537 0.191667 0.068519 0.048148
1 0.966667 0.489815 0.046296 0.085185
1 0.885185 0.461111 0.042593 0.081481
1 0.835185 0.442593 0.040741 0.07963
1 0.163889 0.837037 0.085185 0.103704
