0 0.807407 0.938889 0.201852 0.094444
0 0.7 0.871296 0.211111 0.087037
0 0.638889 0.822222 0.244444 0.101852
0 0.467593 0.694444 0.227778 0.101852
0 0.376852 0.617593 0.224074 0.111111
0 0.161111 0.496296 0.201852 0.088889
0 0.214815 0.761111 0.17037 0.155556
1 0.152778 0.218519 0.090741 0.066667
1 0.49537 0.247222 0.033333 0.066667
1 0.526852 0.273148 0.042593 0.072222
1 0.608333 0.339815 0.038889 0.068519
1 0.697222 0.387963 0.044444 0.077778
1 0.869444 0.513889 0.042593 0.074074
1 0.899074 0.548148 0.042593 0.075926
1 0.938889 0.567593 0.037037 0.074074
1 0.858333 0.672222 0.074074 0.051852
1 0.92037 0.714815 0.077778 0.05
