0 0.157407 0.237963 0.192593 0.166667
0 0.15463 0.456481 0.225926 0.094444
0 0.35 0.624074 0.212963 0.092593
0 0.466667 0.698148 0.231481 0.092593
0 0.696296 0.876852 0.216667 0.116667
0 0.800926 0.94537 0.237037 0.1
1 0.468519 0.780556 0.1 0.061111
1 0.110185 0.112037 0.072222 0.059259
1 0.17037 0.185185 0.074074 0.038889
1 0.203704 0.221296 0.074074 0.042593
1 0.25463 0.248148 0.075926 0.042593
1 0.287963 0.280556 0.07963 0.038889
1 0.269444 0.325926 0.066667 0.053704
1 0.339815 0.302778 0.077778 0.046296
1 0.303704 0.347222 0.07037 0.051852
1 0.383333 0.339815 0.068519 0.055556
1 0.45463 0.312963 0.068519 0.066667
1 0.413889 0.425 0.074074 0.042593
1 0.494444 0.408333 0.072222 0.048148
1 0.473148 0.472222 0.062963 0.05
1 0.537963 0.431481 0.061111 0.044444
1 0.55463 0.372222 0.074074 0.074074
1 0.509259 0.493519 0.066667 0.044444
1 0.549074 0.512963 0.051852 0.046296
1 0.571296 0.533333 0.062963 0.051852
1 0.599074 0.559259 0.061111 0.051852
1 0.059259 0.644444 0.105556 0.07963
1 0.640741 0.599074 0.062963 0.051852
1 0.566667 0.457407 0.062963 0.038889
1 0.596296 0.475 0.064815 0.037037
1 0.613889 0.5 0.064815 0.031481
1 0.647222 0.516667 0.059259 0.042593
1 0.662963 0.541667 0.081481 0.040741
1 0.692593 0.561111 0.077778 0.031481
1 0.719444 0.585185 0.07037 0.038889
1 0.755556 0.515741 0.075926 0.066667
1 0.489815 0.259259 0.042593 0.090741
1 0.525 0.274074 0.051852 0.066667
1 0.556481 0.301852 0.051852 0.064815
1 0.581481 0.312963 0.057407 0.055556
1 0.613889 0.334259 0.040741 0.053704
1 0.640741 0.348148 0.042593 0.053704
1 0.67037 0.373148 0.042593 0.053704
1 0.696296 0.400926 0.05 0.064815
1 0.730556 0.414815 0.053704 0.057407
1 0.836111 0.501852 0.053704 0.072222
1 0.762037 0.658333 0.062963 0.042593
1 0.844444 0.650926 0.062963 0.044444
1 0.778704 0.692593 0.057407 0.048148
1 0.824074 0.706481 0.081481 0.042593
1 0.934259 0.65463 0.059259 0.066667
1 0.873148 0.750926 0.087037 0.042593
1 0.937963 0.719444 0.068519 0.033333
1 0.947222 0.744444 0.077778 0.02963
1 0.275 0.412037 0.072222 0.072222
