1 0.292593 0.475 0.075926 0.042593
1 0.410185 0.556481 0.072222 0.051852
1 0.469444 0.615741 0.07037 0.046296
1 0.301852 0.696296 0.059259 0.087037
1 0.498148 0.651852 0.07963 0.048148
1 0.533333 0.680556 0.07963 0.046296
1 0.340741 0.727778 0.042593 0.077778
1 0.625926 0.768519 0.085185 0.048148
1 0.64537 0.802778 0.096296 0.044444
1 0.683333 0.841667 0.07037 0.062963
1 0.752778 0.890741 0.07963 0.05
1 0.776852 0.930556 0.077778 0.042593
1 0.372222 0.75 0.044444 0.085185
1 0.4 0.785185 0.048148 0.07963
1 0.442593 0.812963 0.035185 0.077778
1 0.487037 0.87037 0.042593 0.068519
1 0.528704 0.902778 0.042593 0.074074
1 0.559259 0.933333 0.055556 0.072222
0 0.498148 0.231481 0.238889 0.075926
0 0.681481 0.438889 0.25 0.090741
0 0.812963 0.765741 0.183333 0.251852
