1 0.155556 0.112037 0.153704 0.116667
1 0.275 0.100926 0.111111 0.074074
1 0.324074 0.212037 0.103704 0.107407
1 0.425926 0.212037 0.111111 0.081481
1 0.4 0.097222 0.111111 0.1
1 0.524074 0.161111 0.111111 0.103704
1 0.562037 0.275926 0.1 0.090741
1 0.709259 0.367593 0.081481 0.098148
1 0.717593 0.25 0.111111 0.090741
1 0.823148 0.335185 0.098148 0.090741
1 0.937963 0.484259 0.103704 0.087037
1 0.916667 0.387963 0.112963 0.085185
1 0.742593 0.948148 0.137037 0.098148
0 0.503704 0.805556 0.188889 0.127778
0 0.223148 0.630556 0.375926 0.248148
