1 0.135185 0.114815 0.103704 0.098148
1 0.062963 0.168519 0.103704 0.107407
1 0.551852 0.121296 0.137037 0.15
1 0.300926 0.222222 0.12037 0.085185
1 0.210185 0.266667 0.111111 0.133333
1 0.175 0.357407 0.103704 0.098148
1 0.322222 0.414815 0.111111 0.112963
1 0.409259 0.378704 0.1 0.094444
1 0.486111 0.322222 0.137037 0.1
1 0.453704 0.50463 0.140741 0.111111
1 0.537963 0.478704 0.103704 0.098148
1 0.640741 0.423148 0.12037 0.090741
1 0.824074 0.623148 0.140741 0.124074
1 0.7 0.551852 0.133333 0.127778
1 0.678704 0.655556 0.098148 0.111111
1 0.912963 0.585185 0.127778 0.112963
