1 0.140741 0.82963 0.094444 0.133333
1 0.319444 0.773148 0.162963 0.133333
1 0.114815 0.612963 0.133333 0.094444
1 0.487963 0.347222 0.15 0.127778
0 0.725926 0.283333 0.159259 0.196296
0 0.85 0.360185 0.192593 0.218519
1 0.962963 0.427778 0.064815 0.12963
1 0.717593 0.643519 0.15 0.07037
1 0.871296 0.930556 0.17037 0.081481
1 0.737037 0.866667 0.137037 0.103704
1 0.681481 0.811111 0.142593 0.098148
1 0.54537 0.706481 0.133333 0.111111
1 0.430556 0.593519 0.185185 0.094444
1 0.528704 0.498148 0.12037 0.087037
1 0.290741 0.515741 0.15 0.1
1 0.209259 0.473148 0.15 0.1
1 0.133333 0.426852 0.137037 0.087037
1 0.288889 0.341667 0.127778 0.074074
1 0.664815 0.587963 0.124074 0.094444
1 0.226852 0.284259 0.12037 0.085185
1 0.103704 0.207407 0.142593 0.068519
