1 0.257407 0.165741 0.085185 0.137037
1 0.52037 0.393519 0.103704 0.2
1 0.637963 0.425 0.111111 0.157407
1 0.714815 0.471296 0.107407 0.17037
1 0.818519 0.728704 0.15 0.12037
1 0.959259 0.658333 0.051852 0.15
1 0.75463 0.889815 0.166667 0.074074
1 0.582407 0.931481 0.137037 0.085185
0 0.582407 0.747222 0.242593 0.098148
0 0.376852 0.592593 0.231481 0.077778
1 0.233333 0.516667 0.133333 0.077778
1 0.203704 0.675926 0.12037 0.094444
1 0.249074 0.712037 0.1 0.112963
1 0.310185 0.730556 0.12963 0.103704
1 0.349074 0.809259 0.142593 0.098148
1 0.423148 0.837963 0.112963 0.103704
