0 0.536111 0.846296 0.235185 0.137037
0 0.37037 0.8 0.1 0.214815
1 0.282407 0.712037 0.061111 0.116667
1 0.162037 0.613889 0.064815 0.157407
1 0.087037 0.592593 0.085185 0.153704
0 0.572222 0.52037 0.261111 0.12037
0 0.623148 0.312037 0.235185 0.103704
1 0.476852 0.259259 0.127778 0.090741
0 0.37037 0.112963 0.209259 0.074074
1 0.238889 0.063889 0.12963 0.081481
1 0.412963 0.39537 0.15 0.094444
1 0.336111 0.316667 0.12037 0.074074
1 0.27037 0.284259 0.159259 0.1
1 0.20463 0.239815 0.140741 0.103704
1 0.125926 0.197222 0.159259 0.098148
1 0.075 0.140741 0.137037 0.090741
