0 0.753704 0.111111 0.068519 0.17963
0 0.780556 0.186111 0.068519 0.188889
0 0.853704 0.250926 0.07037 0.175926
0 0.891667 0.291667 0.074074 0.164815
0 0.918519 0.34537 0.07963 0.181481
0 0.949074 0.378704 0.068519 0.172222
0 0.801852 0.347222 0.138889 0.159259
1 0.925 0.512037 0.061111 0.081481
0 0.556481 0.272222 0.201852 0.07037
0 0.578704 0.317593 0.190741 0.062963
0 0.6 0.360185 0.188889 0.072222
0 0.634259 0.397222 0.187037 0.062963
0 0.673148 0.448148 0.211111 0.07963
0 0.719444 0.496296 0.231481 0.075926
0 0.747222 0.540741 0.224074 0.075926
0 0.77963 0.594444 0.192593 0.07037
0 0.739815 0.394444 0.161111 0.187037
1 0.022222 0.088889 0.031481 0.042593
