1 0.098148 0.05463 0.05 0.046296
1 0.069444 0.071296 0.040741 0.059259
1 0.041667 0.068519 0.033333 0.053704
1 0.355556 0.716667 0.085185 0.040741
1 0.363889 0.758333 0.061111 0.040741
1 0.301852 0.851852 0.068519 0.031481
1 0.327778 0.885185 0.062963 0.037037
1 0.341667 0.916667 0.055556 0.040741
1 0.356481 0.962037 0.068519 0.035185
1 0.205556 0.967593 0.038889 0.05
1 0.518519 0.750926 0.042593 0.068519
1 0.551852 0.791667 0.061111 0.062963
1 0.602778 0.880556 0.038889 0.064815
1 0.455556 0.884259 0.077778 0.038889
1 0.492593 0.938889 0.096296 0.046296
