0 0.105556 0.919444 0.196296 0.094444
0 0.233333 0.20463 0.1 0.198148
0 0.292593 0.319444 0.098148 0.201852
0 0.322222 0.366667 0.098148 0.194444
0 0.352778 0.391667 0.1 0.201852
0 0.375926 0.449074 0.085185 0.190741
0 0.414815 0.478704 0.103704 0.2
0 0.433333 0.564815 0.101852 0.209259
0 0.480556 0.672222 0.098148 0.2
0 0.508333 0.712037 0.098148 0.192593
0 0.583333 0.690741 0.068519 0.212963
0 0.587037 0.866667 0.096296 0.209259
0 0.732407 0.864815 0.133333 0.205556
0 0.47037 0.300926 0.137037 0.2
0 0.698148 0.258333 0.201852 0.083333
0 0.730556 0.311111 0.2 0.07963
0 0.762037 0.37037 0.216667 0.088889
0 0.889815 0.590741 0.194444 0.083333
