0 0.546296 0.848148 0.085185 0.124074
0 0.37963 0.242593 0.140741 0.175926
0 0.485185 0.447222 0.122222 0.183333
0 0.413889 0.565741 0.083333 0.222222
0 0.488889 0.169444 0.137037 0.07963
0 0.646296 0.198148 0.101852 0.059259
0 0.743519 0.214815 0.094444 0.064815
0 0.728704 0.265741 0.159259 0.077778
0 0.730556 0.312037 0.187037 0.085185
0 0.77037 0.373148 0.2 0.101852
0 0.832407 0.485185 0.187037 0.085185
0 0.862963 0.541667 0.205556 0.083333
0 0.888889 0.592593 0.216667 0.1
0 0.605556 0.37037 0.131481 0.181481
0 0.705556 0.561111 0.12963 0.166667
0 0.833333 0.77037 0.122222 0.198148
