0 0.046296 0.683333 0.074074 0.155556
0 0.075 0.725 0.068519 0.153704
0 0.110185 0.75 0.07963 0.159259
0 0.147222 0.8 0.087037 0.164815
0 0.200926 0.887037 0.077778 0.175926
0 0.088889 0.887037 0.138889 0.164815
0 0.113889 0.17963 0.168519 0.066667
0 0.149074 0.218519 0.172222 0.066667
0 0.159259 0.25 0.166667 0.066667
0 0.182407 0.286111 0.181481 0.068519
0 0.210185 0.323148 0.175926 0.07037
0 0.271296 0.398148 0.175926 0.068519
0 0.293519 0.441667 0.196296 0.068519
0 0.324074 0.475926 0.17963 0.068519
0 0.347222 0.513889 0.190741 0.066667
0 0.393519 0.559259 0.174074 0.062963
0 0.409259 0.596296 0.188889 0.068519
0 0.432407 0.633333 0.177778 0.068519
0 0.465741 0.666667 0.177778 0.068519
0 0.483333 0.708333 0.185185 0.07037
0 0.527778 0.747222 0.187037 0.068519
0 0.59537 0.826852 0.244444 0.072222
0 0.621296 0.875 0.183333 0.064815
0 0.642593 0.913889 0.175926 0.074074
0 0.700926 0.957407 0.183333 0.072222
