0 0.118519 0.041667 0.174074 0.081481
0 0.151852 0.080556 0.181481 0.081481
0 0.176852 0.128704 0.183333 0.075926
0 0.194444 0.158333 0.181481 0.081481
0 0.202778 0.210185 0.190741 0.085185
0 0.284259 0.301852 0.101852 0.048148
0 0.292593 0.339815 0.224074 0.1
0 0.322222 0.388889 0.201852 0.072222
0 0.340741 0.430556 0.190741 0.083333
0 0.37037 0.522222 0.187037 0.085185
0 0.42037 0.580556 0.201852 0.090741
0 0.451852 0.660185 0.187037 0.07037
0 0.466667 0.708333 0.187037 0.085185
0 0.515741 0.801852 0.187037 0.083333
0 0.546296 0.840741 0.187037 0.090741
0 0.568519 0.889815 0.211111 0.083333
0 0.590741 0.940741 0.222222 0.092593
0 0.57037 0.673148 0.124074 0.177778
0 0.849074 0.938889 0.059259 0.061111
0 0.767593 0.800926 0.096296 0.122222
0 0.665741 0.599074 0.125926 0.181481
0 0.55463 0.419444 0.109259 0.155556
0 0.450926 0.225926 0.12037 0.17963
0 0.782407 0.180556 0.101852 0.222222
0 0.828704 0.267593 0.090741 0.187037
0 0.84537 0.319444 0.087037 0.181481
0 0.903704 0.403704 0.092593 0.194444
0 0.930556 0.44537 0.088889 0.190741
