0 0.169444 0.438889 0.087037 0.177778
0 0.219444 0.508333 0.085185 0.177778
0 0.277778 0.591667 0.094444 0.205556
0 0.132407 0.384259 0.048148 0.116667
0 0.92037 0.175 0.131481 0.118519
0 0.593519 0.674074 0.172222 0.051852
0 0.638889 0.736111 0.183333 0.062963
0 0.666667 0.774074 0.185185 0.057407
0 0.7 0.818519 0.164815 0.057407
0 0.731481 0.865741 0.181481 0.062963
0 0.746296 0.907407 0.174074 0.074074
0 0.787037 0.951852 0.174074 0.068519
0 0.769444 0.741667 0.12037 0.138889
0 0.891667 0.899074 0.131481 0.177778
0 0.876852 0.541667 0.083333 0.203704
0 0.910185 0.569444 0.075926 0.148148
0 0.935185 0.610185 0.074074 0.142593
0 0.924074 0.740741 0.137037 0.155556
1 0.137037 0.728704 0.035185 0.07037
1 0.055556 0.799074 0.090741 0.055556
1 0.239815 0.960185 0.046296 0.048148
1 0.162037 0.974074 0.061111 0.05
