0 0.251852 0.124074 0.077778 0.164815
0 0.27963 0.144444 0.072222 0.159259
0 0.310185 0.207407 0.074074 0.166667
0 0.339815 0.22037 0.07037 0.17037
0 0.371296 0.265741 0.074074 0.166667
0 0.403704 0.321296 0.077778 0.164815
0 0.562963 0.714815 0.053704 0.175926
0 0.590741 0.755556 0.087037 0.196296
0 0.630556 0.787037 0.07037 0.177778
0 0.666667 0.84537 0.087037 0.168519
0 0.684259 0.87037 0.107407 0.15
0 0.642593 0.058333 0.175926 0.074074
0 0.700926 0.101852 0.183333 0.072222
0 0.712037 0.137037 0.181481 0.064815
0 0.730556 0.175 0.194444 0.087037
0 0.763889 0.219444 0.175926 0.075926
0 0.788889 0.252778 0.174074 0.07963
0 0.834259 0.29537 0.17963 0.074074
0 0.888889 0.353704 0.124074 0.057407
0 0.561111 0.165741 0.122222 0.159259
0 0.688889 0.422222 0.12963 0.151852
0 0.815741 0.584259 0.12963 0.166667
