0 0.369444 0.085185 0.235185 0.096296
0 0.4 0.125 0.187037 0.07963
0 0.427778 0.172222 0.196296 0.087037
0 0.455556 0.208333 0.196296 0.07963
0 0.485185 0.251852 0.192593 0.075926
0 0.521296 0.29537 0.214815 0.090741
0 0.54537 0.344444 0.222222 0.083333
0 0.273148 0.275 0.161111 0.188889
0 0.335185 0.187963 0.185185 0.201852
0 0.559259 0.512037 0.153704 0.2
0 0.423148 0.475926 0.131481 0.188889
0 0.037963 0.436111 0.072222 0.185185
0 0.078704 0.471296 0.066667 0.205556
0 0.100926 0.542593 0.057407 0.177778
0 0.142593 0.562037 0.072222 0.17963
