0 0.241667 0.69537 0.081481 0.064815
0 0.214815 0.717593 0.07037 0.081481
0 0.189815 0.785185 0.107407 0.068519
0 0.727778 0.176852 0.181481 0.068519
0 0.750926 0.212037 0.181481 0.068519
0 0.786111 0.252778 0.188889 0.072222
0 0.85463 0.336111 0.22037 0.085185
0 0.207407 0.087037 0.040741 0.114815
0 0.311111 0.186111 0.062963 0.161111
0 0.341667 0.22963 0.074074 0.168519
0 0.368519 0.271296 0.061111 0.166667
0 0.405556 0.300926 0.081481 0.183333
0 0.569444 0.709259 0.068519 0.17037
0 0.600926 0.761111 0.075926 0.168519
0 0.65463 0.868519 0.081481 0.181481
0 0.687963 0.893519 0.064815 0.17037
0 0.812963 0.57963 0.135185 0.177778
