0 0.740741 0.042593 0.181481 0.061111
0 0.775 0.085185 0.175926 0.072222
0 0.85463 0.176852 0.172222 0.068519
0 0.900926 0.25 0.181481 0.083333
1 0.169444 0.1 0.068519 0.033333
1 0.103704 0.416667 0.044444 0.075926
1 0.4 0.45463 0.05 0.024074
1 0.540741 0.452778 0.055556 0.066667
1 0.573148 0.498148 0.031481 0.068519
1 0.965741 0.323148 0.055556 0.046296
1 0.889815 0.299074 0.07963 0.037037
1 0.969444 0.940741 0.048148 0.05
1 0.887037 0.875926 0.055556 0.061111
1 0.862037 0.890741 0.064815 0.068519
