0 0.751852 0.12037 0.07037 0.168519
0 0.791667 0.151852 0.066667 0.174074
0 0.84537 0.268519 0.068519 0.174074
0 0.881481 0.305556 0.077778 0.17963
0 0.913889 0.339815 0.092593 0.188889
0 0.95 0.340741 0.048148 0.096296
0 0.574074 0.271296 0.183333 0.068519
0 0.60463 0.317593 0.188889 0.074074
0 0.621296 0.360185 0.187037 0.07037
0 0.671296 0.408333 0.188889 0.068519
0 0.687037 0.452778 0.192593 0.07963
0 0.732407 0.497222 0.190741 0.074074
0 0.742593 0.531481 0.190741 0.083333
0 0.780556 0.585185 0.216667 0.088889
