0 0.649074 0.060185 0.175926 0.07037
0 0.669444 0.094444 0.231481 0.072222
0 0.703704 0.137037 0.188889 0.064815
0 0.738889 0.178704 0.183333 0.07963
0 0.778704 0.216667 0.175926 0.083333
0 0.840741 0.3 0.188889 0.074074
0 0.874074 0.35 0.192593 0.07037
0 0.69537 0.294444 0.151852 0.161111
0 0.698148 0.406481 0.166667 0.2
0 0.860185 0.491667 0.12037 0.159259
0 0.82963 0.6 0.140741 0.185185
0 0.068519 0.212037 0.135185 0.166667
0 0.261111 0.110185 0.074074 0.17963
0 0.289815 0.148148 0.07037 0.17037
0 0.32037 0.177778 0.066667 0.174074
0 0.35 0.225926 0.061111 0.175926
0 0.383333 0.268519 0.07963 0.162963
0 0.414815 0.313889 0.066667 0.157407
0 0.357407 0.398148 0.138889 0.166667
0 0.243519 0.24537 0.122222 0.124074
0 0.572222 0.717593 0.066667 0.17037
0 0.600926 0.767593 0.062963 0.188889
0 0.630556 0.8 0.075926 0.201852
0 0.663889 0.828704 0.074074 0.172222
0 0.584259 0.911111 0.148148 0.15
1 0.022222 0.944444 0.031481 0.042593
