0 0.110185 0.92037 0.194444 0.088889
0 0.237963 0.233333 0.092593 0.201852
0 0.260185 0.275926 0.072222 0.212963
0 0.288889 0.308333 0.087037 0.194444
0 0.293519 0.427778 0.046296 0.096296
0 0.332407 0.32963 0.055556 0.07037
0 0.336111 0.416667 0.087037 0.203704
0 0.388889 0.530556 0.090741 0.214815
0 0.424074 0.562963 0.083333 0.212963
0 0.486111 0.650926 0.094444 0.212963
0 0.515741 0.693519 0.098148 0.211111
0 0.435185 0.371296 0.133333 0.185185
0 0.562037 0.833333 0.1 0.196296
0 0.585185 0.883333 0.088889 0.209259
0 0.625 0.684259 0.12963 0.2
0 0.67037 0.196296 0.174074 0.085185
0 0.667593 0.244444 0.201852 0.083333
0 0.725926 0.314815 0.198148 0.083333
0 0.751852 0.365741 0.212963 0.103704
0 0.79537 0.42037 0.196296 0.083333
0 0.826852 0.482407 0.188889 0.085185
0 0.866667 0.533333 0.187037 0.087037
0 0.894444 0.587037 0.187037 0.103704
