0 0.066667 0.57037 0.090741 0.190741
0 0.086111 0.627778 0.101852 0.201852
0 0.12963 0.117593 0.17963 0.077778
0 0.168519 0.157407 0.2 0.083333
0 0.17963 0.213889 0.194444 0.092593
0 0.287963 0.576852 0.137037 0.146296
1 0.982407 0.068519 0.033333 0.053704
1 0.962037 0.07963 0.05 0.048148
1 0.777778 0.24537 0.044444 0.033333
1 0.788889 0.27963 0.05 0.035185
1 0.813889 0.3 0.05 0.033333
1 0.82963 0.334259 0.042593 0.038889
1 0.844444 0.357407 0.072222 0.051852
1 0.440741 0.566667 0.053704 0.044444
1 0.859259 0.406481 0.057407 0.048148
