0 0.746296 0.051852 0.174074 0.074074
0 0.787037 0.096296 0.174074 0.068519
0 0.814815 0.135185 0.181481 0.07037
0 0.85 0.178704 0.187037 0.074074
0 0.872222 0.226852 0.181481 0.074074
0 0.908333 0.275 0.17037 0.064815
1 0.069444 0.166667 0.085185 0.035185
1 0.119444 0.240741 0.083333 0.062963
1 0.101852 0.416667 0.042593 0.085185
1 0.239815 0.10463 0.046296 0.048148
1 0.162037 0.118519 0.061111 0.05
1 0.207407 0.17963 0.074074 0.062963
1 0.248148 0.233333 0.059259 0.025926
1 0.281481 0.287963 0.057407 0.035185
1 0.327778 0.342593 0.053704 0.042593
1 0.337963 0.377778 0.046296 0.033333
1 0.35463 0.402778 0.062963 0.037037
1 0.374074 0.430556 0.055556 0.031481
1 0.4 0.461111 0.061111 0.031481
1 0.422222 0.492593 0.048148 0.027778
1 0.438889 0.519444 0.055556 0.031481
1 0.468519 0.573148 0.062963 0.040741
1 0.517593 0.42037 0.02963 0.05
1 0.535185 0.453704 0.046296 0.053704
1 0.55463 0.49537 0.038889 0.088889
1 0.593519 0.871296 0.051852 0.033333
1 0.887963 0.87963 0.051852 0.055556
1 0.962963 0.944444 0.031481 0.042593
