0 0.239815 0.208333 0.096296 0.196296
0 0.262963 0.275 0.109259 0.209259
0 0.32037 0.360185 0.118519 0.205556
0 0.396296 0.522222 0.094444 0.211111
0 0.435185 0.574074 0.085185 0.164815
0 0.486111 0.662963 0.103704 0.2
0 0.515741 0.699074 0.088889 0.196296
0 0.6 0.847222 0.094444 0.211111
0 0.675926 0.196296 0.212963 0.083333
0 0.716667 0.318519 0.192593 0.07037
0 0.712037 0.257407 0.187037 0.075926
0 0.796296 0.424074 0.211111 0.07963
0 0.843519 0.481481 0.212963 0.088889
0 0.863889 0.528704 0.127778 0.064815
0 0.881481 0.580556 0.198148 0.090741
