0 0.097222 0.625926 0.105556 0.231481
0 0.09537 0.067593 0.185185 0.085185
0 0.114815 0.112963 0.190741 0.083333
0 0.137037 0.15 0.192593 0.077778
0 0.17037 0.200926 0.22037 0.092593
0 0.755556 0.402778 0.075926 0.07037
1 0.459259 0.580556 0.044444 0.05
1 0.432407 0.55463 0.053704 0.046296
1 0.547222 0.500926 0.059259 0.055556
1 0.531481 0.469444 0.062963 0.062963
1 0.846296 0.350926 0.044444 0.031481
1 0.82963 0.328704 0.051852 0.040741
1 0.773148 0.240741 0.037037 0.051852
1 0.801852 0.286111 0.077778 0.055556
1 0.962963 0.081481 0.059259 0.066667
