1 0.689815 0.918519 0.046296 0.057407
1 0.648148 0.837037 0.038889 0.055556
1 0.590741 0.477778 0.062963 0.042593
1 0.549074 0.412963 0.059259 0.031481
1 0.532407 0.381481 0.064815 0.031481
1 0.512037 0.343519 0.061111 0.035185
1 0.49537 0.308333 0.062963 0.027778
1 0.425926 0.205556 0.059259 0.040741
1 0.39537 0.141667 0.053704 0.031481
1 0.367593 0.109259 0.064815 0.033333
1 0.353704 0.068519 0.059259 0.035185
1 0.328704 0.039815 0.059259 0.033333
1 0.258333 0.182407 0.042593 0.066667
1 0.243519 0.15 0.046296 0.062963
1 0.217593 0.127778 0.042593 0.05
1 0.198148 0.086111 0.048148 0.07037
