1 0.812037 0.940741 0.042593 0.040741
1 0.831481 0.965741 0.059259 0.040741
1 0.741667 0.12037 0.068519 0.040741
1 0.298148 0.097222 0.037037 0.057407
1 0.344444 0.156481 0.048148 0.05
1 0.37963 0.209259 0.05 0.061111
1 0.42037 0.275 0.042593 0.062963
1 0.45463 0.323148 0.040741 0.053704
1 0.474074 0.369444 0.053704 0.064815
1 0.498148 0.394444 0.07037 0.051852
1 0.519444 0.418519 0.068519 0.040741
1 0.551852 0.466667 0.044444 0.072222
1 0.575 0.50463 0.053704 0.059259
1 0.481481 0.577778 0.07037 0.037037
1 0.453704 0.537037 0.061111 0.05
1 0.39537 0.462037 0.081481 0.037037
1 0.371296 0.423148 0.066667 0.038889
1 0.340741 0.365741 0.055556 0.038889
1 0.268519 0.656481 0.044444 0.083333
0 0.878704 0.257407 0.17037 0.064815
