0 0.753704 0.04537 0.174074 0.055556
0 0.784259 0.093519 0.198148 0.057407
0 0.813889 0.137037 0.177778 0.068519
0 0.841667 0.180556 0.196296 0.072222
0 0.873148 0.224074 0.138889 0.07037
0 0.903704 0.273148 0.125926 0.064815
0 0.909259 0.312963 0.155556 0.066667
1 0.15 0.10463 0.062963 0.042593
1 0.181481 0.143519 0.055556 0.027778
1 0.207407 0.176852 0.057407 0.031481
1 0.241667 0.228704 0.051852 0.040741
1 0.273148 0.277778 0.059259 0.033333
1 0.301852 0.315741 0.074074 0.040741
1 0.309259 0.34537 0.062963 0.038889
1 0.376852 0.436111 0.051852 0.033333
1 0.42037 0.481481 0.062963 0.027778
1 0.430556 0.514815 0.074074 0.033333
1 0.469444 0.55 0.072222 0.048148
1 0.472222 0.571296 0.059259 0.037037
1 0.283333 0.462963 0.074074 0.035185
1 0.35 0.563889 0.053704 0.033333
1 0.182407 0.540741 0.025926 0.053704
1 0.209259 0.575926 0.048148 0.062963
1 0.244444 0.626852 0.053704 0.051852
1 0.393519 0.238889 0.037037 0.064815
1 0.427778 0.285185 0.037037 0.053704
1 0.488889 0.380556 0.038889 0.05
1 0.511111 0.416667 0.042593 0.051852
1 0.52963 0.441667 0.044444 0.061111
1 0.553704 0.472222 0.044444 0.046296
1 0.578704 0.506481 0.035185 0.057407
1 0.960185 0.948148 0.042593 0.02963
1 0.833333 0.972222 0.059259 0.031481
