0 0.127778 0.037037 0.201852 0.068519
0 0.167593 0.125 0.17963 0.068519
0 0.203704 0.166667 0.212963 0.07037
0 0.212037 0.210185 0.183333 0.068519
0 0.250926 0.256481 0.17963 0.068519
0 0.294444 0.344444 0.175926 0.07037
0 0.34537 0.434259 0.187037 0.074074
0 0.372222 0.521296 0.218519 0.075926
0 0.463889 0.665741 0.17963 0.087037
0 0.614815 0.938889 0.205556 0.085185
0 0.380556 0.065741 0.057407 0.075926
0 0.442593 0.178704 0.105556 0.155556
0 0.563889 0.411111 0.109259 0.175926
0 0.657407 0.62963 0.161111 0.131481
0 0.797222 0.859259 0.12037 0.181481
0 0.758333 0.134259 0.090741 0.185185
0 0.786111 0.180556 0.087037 0.183333
0 0.827778 0.272222 0.081481 0.190741
0 0.862963 0.302778 0.085185 0.181481
0 0.906481 0.39537 0.092593 0.17963
0 0.926852 0.453704 0.098148 0.198148
