1 0.246296 0.225 0.055556 0.025926
1 0.399074 0.230556 0.037037 0.053704
1 0.285185 0.27963 0.061111 0.031481
1 0.316667 0.339815 0.046296 0.035185
1 0.287037 0.480556 0.061111 0.038889
1 0.257407 0.636111 0.051852 0.059259
1 0.355556 0.393519 0.068519 0.042593
1 0.458333 0.313889 0.042593 0.061111
1 0.47963 0.353704 0.040741 0.059259
1 0.501852 0.382407 0.037037 0.059259
1 0.519444 0.415741 0.051852 0.066667
1 0.553704 0.47037 0.035185 0.062963
1 0.57963 0.499074 0.040741 0.059259
1 0.484259 0.564815 0.066667 0.042593
1 0.447222 0.507407 0.075926 0.02963
1 0.419444 0.475926 0.061111 0.02963
1 0.393519 0.45 0.062963 0.040741
1 0.949074 0.913889 0.042593 0.038889
1 0.828704 0.949074 0.066667 0.040741
