1 0.616667 0.508333 0.075926 0.044444
1 0.648148 0.083333 0.05 0.062963
1 0.331481 0.024074 0.087037 0.031481
1 0.348148 0.060185 0.072222 0.040741
1 0.364815 0.092593 0.087037 0.05
1 0.387037 0.134259 0.098148 0.042593
1 0.407407 0.17037 0.068519 0.040741
1 0.431481 0.198148 0.07037 0.044444
1 0.446296 0.292593 0.081481 0.053704
1 0.507407 0.334259 0.066667 0.040741
1 0.550926 0.406481 0.081481 0.046296
1 0.184259 0.080556 0.042593 0.066667
1 0.221296 0.099074 0.061111 0.066667
1 0.237963 0.138889 0.068519 0.044444
1 0.261111 0.173148 0.077778 0.061111
1 0.27963 0.205556 0.085185 0.066667
1 0.302778 0.243519 0.074074 0.062963
1 0.323148 0.267593 0.088889 0.051852
1 0.334259 0.311111 0.040741 0.083333
1 0.373148 0.362037 0.055556 0.07963
