0 0.110185 0.064815 0.194444 0.088889
0 0.158333 0.164815 0.2 0.092593
0 0.190741 0.216667 0.196296 0.077778
0 0.207407 0.262037 0.2 0.098148
0 0.227778 0.312037 0.162963 0.083333
0 0.280556 0.415741 0.201852 0.077778
0 0.334259 0.477778 0.209259 0.096296
0 0.351852 0.523148 0.222222 0.096296
0 0.373148 0.583333 0.266667 0.103704
0 0.42963 0.67963 0.205556 0.083333
0 0.500926 0.784259 0.212963 0.090741
0 0.537963 0.888889 0.196296 0.07963
0 0.564815 0.946296 0.203704 0.103704
0 0.642593 0.112037 0.094444 0.207407
0 0.703704 0.199074 0.094444 0.211111
0 0.741667 0.238889 0.096296 0.203704
0 0.457407 0.366667 0.142593 0.22037
0 0.891667 0.291667 0.085185 0.103704
