0 0.130556 0.82963 0.137037 0.087037
1 0.673148 0.873148 0.053704 0.072222
1 0.371296 0.376852 0.05 0.061111
1 0.491667 0.305556 0.066667 0.037037
1 0.406481 0.168519 0.055556 0.042593
1 0.368519 0.107407 0.062963 0.037037
1 0.343519 0.064815 0.059259 0.031481
1 0.325926 0.032407 0.062963 0.025926
1 0.187963 0.078704 0.025926 0.075926
1 0.209259 0.097222 0.033333 0.07037
1 0.249074 0.166667 0.042593 0.066667
1 0.268519 0.211111 0.051852 0.077778
1 0.30463 0.27037 0.031481 0.062963
1 0.335185 0.323148 0.07037 0.053704
1 0.334259 0.196296 0.075926 0.07963
