0 0.725926 0.088889 0.083333 0.174074
0 0.756481 0.124074 0.081481 0.168519
0 0.789815 0.175926 0.083333 0.159259
0 0.852778 0.247222 0.090741 0.174074
0 0.887037 0.284259 0.07037 0.17963
0 0.910185 0.351852 0.077778 0.174074
0 0.947222 0.385185 0.074074 0.17963
0 0.60463 0.083333 0.146296 0.164815
0 0.559259 0.274074 0.227778 0.074074
0 0.615741 0.323148 0.2 0.077778
0 0.637037 0.367593 0.198148 0.074074
0 0.659259 0.408333 0.2 0.07963
0 0.673148 0.444444 0.2 0.081481
0 0.725 0.491667 0.225926 0.103704
0 0.769444 0.540741 0.190741 0.090741
0 0.77037 0.587037 0.207407 0.07037
0 0.862963 0.437963 0.142593 0.174074
1 0.039815 0.128704 0.055556 0.053704
1 0.026852 0.313889 0.040741 0.051852
