0 0.753704 0.113889 0.066667 0.183333
0 0.788889 0.160185 0.074074 0.192593
0 0.866667 0.225 0.083333 0.185185
0 0.914815 0.340741 0.074074 0.175926
0 0.952778 0.374074 0.064815 0.174074
0 0.566667 0.263889 0.196296 0.07037
0 0.625926 0.353704 0.2 0.068519
0 0.648148 0.394444 0.155556 0.064815
0 0.67963 0.441667 0.194444 0.075926
0 0.726852 0.489815 0.194444 0.090741
0 0.750926 0.536111 0.192593 0.087037
0 0.755556 0.578704 0.188889 0.081481
1 0.028704 0.085185 0.048148 0.05
1 0.192593 0.912037 0.068519 0.068519
