0 0.593519 0.683333 0.094444 0.042593
0 0.640741 0.731481 0.183333 0.062963
0 0.65463 0.773148 0.17963 0.061111
0 0.680556 0.817593 0.194444 0.075926
0 0.65463 0.85 0.103704 0.048148
0 0.753704 0.900926 0.174074 0.055556
0 0.784259 0.949074 0.198148 0.057407
0 0.873148 0.531481 0.068519 0.168519
0 0.908333 0.565741 0.066667 0.144444
0 0.935185 0.602778 0.075926 0.155556
0 0.889815 0.699074 0.138889 0.144444
1 0.062037 0.615741 0.035185 0.062963
1 0.119444 0.697222 0.035185 0.057407
1 0.040741 0.790741 0.057407 0.025926
1 0.061111 0.813889 0.072222 0.042593
1 0.080556 0.853704 0.068519 0.042593
1 0.15 0.960185 0.062963 0.042593
