0 0.372222 0.076852 0.07963 0.114815
0 0.44537 0.20463 0.12963 0.151852
0 0.531481 0.363889 0.127778 0.164815
0 0.397222 0.517593 0.198148 0.077778
0 0.509259 0.746296 0.187037 0.096296
0 0.584259 0.890741 0.181481 0.077778
0 0.689815 0.080556 0.07037 0.142593
0 0.761111 0.128704 0.090741 0.192593
0 0.786111 0.176852 0.092593 0.172222
0 0.837963 0.261111 0.090741 0.188889
0 0.841667 0.355556 0.072222 0.112963
0 0.884259 0.348148 0.090741 0.185185
0 0.902778 0.406481 0.096296 0.188889
0 0.92963 0.443519 0.094444 0.185185
