0 0.090741 0.173148 0.172222 0.07037
0 0.130556 0.212037 0.175926 0.061111
0 0.150926 0.246296 0.17963 0.062963
0 0.175 0.281481 0.187037 0.068519
0 0.211111 0.314815 0.181481 0.075926
0 0.262963 0.406481 0.198148 0.075926
0 0.29537 0.438889 0.17963 0.066667
0 0.328704 0.476852 0.185185 0.077778
0 0.34537 0.519444 0.17963 0.064815
0 0.380556 0.556481 0.205556 0.077778
0 0.425 0.6 0.231481 0.077778
0 0.444444 0.637037 0.211111 0.088889
0 0.482407 0.675926 0.17963 0.068519
0 0.501852 0.712963 0.192593 0.083333
0 0.531481 0.752778 0.177778 0.074074
0 0.587037 0.817593 0.209259 0.085185
0 0.619444 0.872222 0.203704 0.07037
0 0.649074 0.915741 0.175926 0.07037
0 0.669444 0.95 0.231481 0.072222
0 0.087037 0.312963 0.131481 0.164815
0 0.248148 0.543519 0.140741 0.148148
0 0.394444 0.749074 0.161111 0.15
0 0.057407 0.665741 0.074074 0.151852
0 0.087037 0.716667 0.072222 0.148148
0 0.111111 0.764815 0.068519 0.155556
0 0.141667 0.805556 0.074074 0.166667
