1 0.327778 0.02963 0.062963 0.037037
1 0.341667 0.061111 0.055556 0.040741
1 0.356481 0.106481 0.068519 0.035185
1 0.388889 0.144444 0.057407 0.037037
1 0.406481 0.168519 0.053704 0.033333
1 0.47037 0.278704 0.051852 0.035185
1 0.44537 0.22963 0.062963 0.042593
1 0.427778 0.194444 0.068519 0.05
1 0.5 0.335185 0.068519 0.042593
1 0.549074 0.411111 0.066667 0.037037
1 0.574074 0.44537 0.059259 0.033333
1 0.588889 0.47963 0.057407 0.046296
1 0.601852 0.517593 0.062963 0.042593
1 0.715741 0.684259 0.053704 0.027778
1 0.690741 0.637037 0.068519 0.044444
1 0.675926 0.585185 0.059259 0.05
1 0.747222 0.743519 0.068519 0.046296
1 0.798148 0.812037 0.057407 0.038889
1 0.842593 0.884259 0.064815 0.053704
1 0.205556 0.112037 0.038889 0.05
1 0.22963 0.142593 0.051852 0.068519
1 0.258333 0.174074 0.061111 0.075926
1 0.27037 0.212963 0.068519 0.066667
1 0.298148 0.234259 0.055556 0.038889
1 0.319444 0.271296 0.059259 0.07037
1 0.332407 0.321296 0.07037 0.068519
1 0.358333 0.34537 0.053704 0.07037
1 0.643519 0.84537 0.038889 0.061111
1 0.674074 0.857407 0.048148 0.077778
1 0.513889 0.128704 0.098148 0.040741
1 0.455556 0.028704 0.077778 0.038889
1 0.492593 0.083333 0.096296 0.046296
