0 0.848148 0.413889 0.235185 0.098148
0 0.843519 0.643519 0.238889 0.248148
0 0.697222 0.613889 0.287037 0.255556
0 0.60463 0.603704 0.303704 0.261111
0 0.497222 0.626852 0.255556 0.222222
1 0.407407 0.597222 0.107407 0.090741
1 0.335185 0.67963 0.107407 0.098148
0 0.496296 0.472222 0.298148 0.116667
0 0.205556 0.490741 0.327778 0.1
0 0.225 0.626852 0.255556 0.242593
0 0.130556 0.626852 0.255556 0.248148
0 0.35 0.280556 0.157407 0.068519
1 0.448148 0.284259 0.090741 0.068519
0 0.62037 0.29537 0.140741 0.12963
0 0.851852 0.282407 0.124074 0.142593
0 0.930556 0.280556 0.137037 0.112963
0 0.194444 0.150926 0.146296 0.087037
1 0.381481 0.07037 0.107407 0.057407
1 0.309259 0.147222 0.107407 0.074074
1 0.443519 0.147222 0.094444 0.074074
0 0.883333 0.132407 0.133333 0.137037
