0 0.401852 0.806481 0.127778 0.133333
1 0.823148 0.651852 0.077778 0.081481
1 0.69537 0.640741 0.12963 0.098148
1 0.461111 0.612963 0.081481 0.1
1 0.375926 0.478704 0.1 0.107407
1 0.244444 0.44537 0.12037 0.12037
1 0.288889 0.602778 0.103704 0.112963
1 0.22963 0.591667 0.116667 0.077778
1 0.165741 0.581481 0.12037 0.103704
1 0.114815 0.576852 0.124074 0.087037
1 0.29537 0.266667 0.116667 0.137037
1 0.441667 0.149074 0.133333 0.111111
1 0.534259 0.060185 0.111111 0.103704
1 0.672222 0.10463 0.1 0.087037
0 0.730556 0.142593 0.257407 0.268519
