0 0.473148 0.286111 0.32037 0.124074
0 0.281481 0.112963 0.264815 0.214815
0 0.376852 0.121296 0.257407 0.231481
0 0.455556 0.134259 0.264815 0.212963
0 0.62963 0.138889 0.303704 0.235185
0 0.72963 0.151852 0.268519 0.222222
0 0.808333 0.178704 0.268519 0.222222
0 0.819444 0.321296 0.316667 0.112963
0 0.624074 0.468519 0.314815 0.127778
1 0.085185 0.594444 0.055556 0.085185
1 0.137037 0.591667 0.087037 0.077778
1 0.187963 0.594444 0.090741 0.111111
1 0.242593 0.601852 0.1 0.098148
1 0.302778 0.598148 0.077778 0.077778
1 0.357407 0.602778 0.1 0.1
1 0.406481 0.609259 0.12037 0.094444
1 0.44537 0.637037 0.112963 0.098148
1 0.514815 0.617593 0.107407 0.103704
1 0.634259 0.642593 0.090741 0.107407
1 0.689815 0.642593 0.098148 0.094444
1 0.750926 0.636111 0.094444 0.087037
1 0.808333 0.659259 0.111111 0.081481
1 0.358333 0.80463 0.103704 0.098148
1 0.414815 0.808333 0.103704 0.090741
1 0.498148 0.809259 0.087037 0.112963
1 0.576852 0.821296 0.081481 0.116667
1 0.655556 0.838889 0.112963 0.112963
1 0.696296 0.834259 0.07037 0.103704
1 0.744444 0.834259 0.074074 0.116667
