1 0.215741 0.056481 0.124074 0.061111
1 0.717593 0.046296 0.12963 0.068519
1 0.47963 0.14537 0.107407 0.081481
1 0.592593 0.14537 0.090741 0.081481
1 0.924074 0.151852 0.077778 0.087037
1 0.848148 0.292593 0.090741 0.087037
1 0.747222 0.402778 0.124074 0.077778
1 0.743519 0.296296 0.098148 0.094444
1 0.517593 0.294444 0.098148 0.098148
1 0.399074 0.290741 0.142593 0.111111
0 0.847222 0.628704 0.251852 0.212963
0 0.638889 0.646296 0.196296 0.162963
0 0.537037 0.650926 0.268519 0.231481
0 0.397222 0.608333 0.231481 0.205556
