0 0.550926 0.456481 0.340741 0.07037
0 0.912963 0.688889 0.146296 0.124074
0 0.802778 0.659259 0.255556 0.235185
0 0.863889 0.505556 0.172222 0.07037
0 0.674074 0.633333 0.251852 0.268519
0 0.551852 0.65 0.166667 0.175926
0 0.498148 0.610185 0.3 0.248148
0 0.378704 0.623148 0.264815 0.242593
0 0.222222 0.614815 0.3 0.231481
0 0.137037 0.292593 0.142593 0.137037
1 0.273148 0.3 0.1 0.087037
1 0.324074 0.290741 0.098148 0.087037
1 0.368519 0.287037 0.1 0.094444
1 0.449074 0.292593 0.098148 0.090741
1 0.668519 0.29537 0.103704 0.090741
1 0.793519 0.290741 0.142593 0.094444
1 0.84537 0.275926 0.124074 0.111111
1 0.898148 0.274074 0.111111 0.081481
1 0.376852 0.050926 0.124074 0.090741
1 0.591667 0.057407 0.140741 0.051852
1 0.17963 0.158333 0.064815 0.085185
1 0.242593 0.136111 0.085185 0.077778
1 0.287963 0.144444 0.103704 0.068519
1 0.349074 0.140741 0.074074 0.074074
1 0.458333 0.160185 0.085185 0.094444
1 0.527778 0.12963 0.098148 0.090741
1 0.580556 0.127778 0.07037 0.1
1 0.62963 0.147222 0.090741 0.081481
1 0.678704 0.140741 0.090741 0.094444
1 0.749074 0.155556 0.061111 0.077778
1 0.806481 0.137037 0.077778 0.081481
1 0.862037 0.114815 0.085185 0.094444
1 0.914815 0.137037 0.098148 0.081481
