0 0.144444 0.193519 0.285185 0.212963
0 0.242593 0.198148 0.316667 0.227778
0 0.341667 0.193519 0.277778 0.212963
0 0.42963 0.227778 0.264815 0.214815
0 0.203704 0.362037 0.298148 0.116667
0 0.633333 0.217593 0.298148 0.242593
0 0.548148 0.389815 0.311111 0.1
0 0.746296 0.207407 0.255556 0.222222
0 0.82037 0.237037 0.298148 0.248148
0 0.848148 0.587963 0.142593 0.124074
0 0.603704 0.575 0.298148 0.090741
0 0.391667 0.555556 0.12963 0.124074
1 0.274074 0.54537 0.085185 0.090741
0 0.437963 0.709259 0.175926 0.090741
0 0.521296 0.719444 0.172222 0.111111
0 0.62963 0.724074 0.172222 0.094444
0 0.750926 0.730556 0.153704 0.081481
0 0.872222 0.732407 0.153704 0.085185
0 0.536111 0.906481 0.137037 0.12963
0 0.408333 0.896296 0.162963 0.137037
