1 0.455556 0.1 0.133333 0.07037
1 0.572222 0.572222 0.098148 0.103704
1 0.646296 0.563889 0.1 0.107407
1 0.812037 0.57037 0.098148 0.087037
1 0.899074 0.738889 0.087037 0.085185
1 0.790741 0.725926 0.087037 0.098148
1 0.716667 0.732407 0.103704 0.085185
1 0.59537 0.702778 0.07037 0.124074
1 0.552778 0.706481 0.103704 0.103704
1 0.063889 0.523148 0.085185 0.116667
1 0.125926 0.534259 0.064815 0.107407
1 0.180556 0.863889 0.061111 0.111111
1 0.125926 0.87037 0.064815 0.098148
1 0.065741 0.857407 0.094444 0.111111
0 0.446296 0.683333 0.094444 0.116667
0 0.359259 0.693519 0.183333 0.098148
0 0.2 0.702778 0.12037 0.116667
1 0.150926 0.681481 0.112963 0.081481
0 0.263889 0.542593 0.12963 0.124074
0 0.457407 0.538889 0.15 0.142593
1 0.92963 0.601852 0.085185 0.085185
0 0.75463 0.937963 0.357407 0.12037
0 0.349074 0.896296 0.287037 0.124074
1 0.057407 0.660185 0.111111 0.111111
0 0.261111 0.178704 0.255556 0.235185
0 0.431481 0.221296 0.32037 0.307407
0 0.626852 0.219444 0.285185 0.238889
0 0.837963 0.219444 0.274074 0.238889
