1 0.877778 0.121296 0.098148 0.098148
1 0.808333 0.135185 0.103704 0.103704
1 0.703704 0.127778 0.103704 0.098148
1 0.526852 0.135185 0.111111 0.090741
1 0.339815 0.150926 0.07037 0.116667
1 0.174074 0.127778 0.081481 0.098148
1 0.067593 0.137963 0.090741 0.098148
1 0.737963 0.278704 0.081481 0.090741
1 0.616667 0.287037 0.087037 0.1
1 0.550926 0.278704 0.087037 0.098148
1 0.490741 0.288889 0.098148 0.090741
1 0.4 0.290741 0.094444 0.087037
1 0.1 0.331481 0.142593 0.057407
0 0.175926 0.65 0.268519 0.235185
0 0.201852 0.484259 0.294444 0.087037
0 0.478704 0.5 0.244444 0.12037
0 0.346296 0.636111 0.268519 0.255556
0 0.427778 0.652778 0.209259 0.227778
0 0.523148 0.65 0.261111 0.248148
0 0.648148 0.62963 0.255556 0.235185
0 0.805556 0.633333 0.222222 0.255556
0 0.878704 0.643519 0.231481 0.261111
