0 0.140741 0.455556 0.112963 0.133333
0 0.662037 0.506481 0.324074 0.12963
1 0.909259 0.859259 0.103704 0.094444
1 0.838889 0.853704 0.094444 0.090741
1 0.489815 0.830556 0.090741 0.103704
1 0.363889 0.816667 0.081481 0.081481
1 0.27963 0.802778 0.085185 0.094444
1 0.842593 0.650926 0.112963 0.090741
1 0.591667 0.636111 0.085185 0.1
1 0.547222 0.634259 0.087037 0.077778
1 0.489815 0.630556 0.098148 0.090741
1 0.425926 0.621296 0.1 0.07037
1 0.360185 0.614815 0.12037 0.116667
1 0.275 0.611111 0.087037 0.085185
1 0.214815 0.594444 0.103704 0.12963
1 0.058333 0.589815 0.081481 0.081481
0 0.350926 0.125926 0.264815 0.209259
0 0.468519 0.137037 0.257407 0.218519
0 0.364815 0.268519 0.314815 0.112963
0 0.624074 0.143519 0.268519 0.225926
0 0.708333 0.157407 0.311111 0.257407
0 0.824074 0.168519 0.248148 0.214815
0 0.702778 0.312963 0.32037 0.124074
