1 0.062037 0.143519 0.098148 0.07037
1 0.419444 0.060185 0.12963 0.061111
1 0.931481 0.375 0.12963 0.061111
1 0.798148 0.27963 0.081481 0.081481
1 0.946296 0.484259 0.081481 0.085185
1 0.740741 0.286111 0.090741 0.094444
1 0.691667 0.294444 0.111111 0.077778
1 0.624074 0.289815 0.094444 0.094444
1 0.562037 0.284259 0.094444 0.103704
1 0.506481 0.281481 0.112963 0.103704
1 0.449074 0.281481 0.090741 0.098148
1 0.398148 0.27963 0.112963 0.112963
1 0.322222 0.289815 0.094444 0.1
1 0.202778 0.284259 0.142593 0.090741
1 0.362037 0.728704 0.12037 0.087037
1 0.222222 0.137037 0.090741 0.098148
1 0.275 0.143519 0.103704 0.085185
1 0.347222 0.141667 0.090741 0.081481
1 0.393519 0.148148 0.077778 0.074074
1 0.44537 0.143519 0.090741 0.077778
1 0.576852 0.133333 0.098148 0.103704
1 0.681481 0.132407 0.103704 0.087037
1 0.740741 0.132407 0.090741 0.081481
1 0.868519 0.130556 0.085185 0.085185
1 0.924074 0.135185 0.090741 0.068519
0 0.838889 0.618519 0.261111 0.212963
0 0.587963 0.693519 0.087037 0.087037
0 0.583333 0.59537 0.222222 0.2
0 0.383333 0.600926 0.307407 0.227778
0 0.406481 0.45 0.327778 0.098148
