0 0.257407 0.7 0.3 0.111111
0 0.627778 0.716667 0.307407 0.085185
0 0.448148 0.565741 0.157407 0.090741
0 0.659259 0.565741 0.298148 0.137037
1 0.398148 0.885185 0.116667 0.055556
1 0.239815 0.868519 0.081481 0.094444
0 0.159259 0.351852 0.314815 0.124074
0 0.22963 0.202778 0.272222 0.231481
0 0.318519 0.236111 0.298148 0.244444
0 0.436111 0.215741 0.257407 0.212963
0 0.585185 0.260185 0.274074 0.227778
0 0.726852 0.225926 0.294444 0.225926
0 0.805556 0.242593 0.281481 0.238889
0 0.782407 0.4 0.124074 0.074074
