1 0.937963 0.821296 0.103704 0.103704
1 0.888889 0.813889 0.116667 0.103704
1 0.825926 0.815741 0.098148 0.087037
1 0.780556 0.827778 0.116667 0.103704
1 0.724074 0.809259 0.098148 0.1
1 0.683333 0.813889 0.112963 0.090741
1 0.630556 0.812963 0.087037 0.081481
1 0.585185 0.821296 0.1 0.090741
1 0.536111 0.817593 0.081481 0.085185
1 0.498148 0.822222 0.111111 0.094444
1 0.444444 0.834259 0.1 0.090741
1 0.360185 0.817593 0.103704 0.085185
1 0.217593 0.825926 0.133333 0.12037
1 0.376852 0.906481 0.124074 0.090741
1 0.591667 0.912963 0.140741 0.051852
