1 0.291667 0.338889 0.146296 0.07037
1 0.887037 0.37963 0.098148 0.094444
1 0.696296 0.424074 0.124074 0.085185
1 0.07963 0.438889 0.098148 0.087037
1 0.178704 0.442593 0.098148 0.068519
1 0.307407 0.450926 0.094444 0.077778
1 0.37037 0.463889 0.094444 0.085185
1 0.427778 0.473148 0.098148 0.085185
1 0.558333 0.040741 0.12963 0.077778
1 0.719444 0.511111 0.103704 0.074074
1 0.772222 0.506481 0.085185 0.077778
1 0.937963 0.866667 0.068519 0.098148
1 0.874074 0.857407 0.085185 0.077778
1 0.824074 0.853704 0.090741 0.116667
0 0.524074 0.617593 0.285185 0.090741
1 0.587963 0.672222 0.12963 0.061111
1 0.455556 0.659259 0.127778 0.068519
1 0.749074 0.842593 0.085185 0.1
1 0.683333 0.82963 0.057407 0.087037
1 0.62963 0.837963 0.074074 0.085185
1 0.558333 0.819444 0.064815 0.087037
1 0.506481 0.817593 0.064815 0.098148
1 0.453704 0.796296 0.085185 0.107407
1 0.389815 0.79537 0.087037 0.103704
1 0.32963 0.806481 0.103704 0.112963
1 0.934259 0.650926 0.112963 0.077778
1 0.878704 0.653704 0.107407 0.103704
1 0.824074 0.647222 0.090741 0.111111
1 0.768519 0.655556 0.090741 0.107407
1 0.709259 0.637037 0.085185 0.103704
1 0.153704 0.591667 0.087037 0.090741
1 0.207407 0.612963 0.111111 0.107407
1 0.273148 0.601852 0.103704 0.085185
1 0.32963 0.587963 0.098148 0.098148
0 0.5 0.283333 0.242593 0.103704
0 0.62963 0.149074 0.290741 0.242593
0 0.711111 0.153704 0.272222 0.218519
0 0.819444 0.155556 0.272222 0.214815
