1 0.187037 0.038889 0.105556 0.044444
1 0.448148 0.063889 0.074074 0.044444
1 0.699074 0.07963 0.090741 0.044444
1 0.705556 0.128704 0.1 0.038889
1 0.690741 0.24537 0.085185 0.046296
1 0.702778 0.27963 0.090741 0.037037
1 0.424074 0.236111 0.07963 0.044444
1 0.44537 0.094444 0.074074 0.042593
1 0.447222 0.134259 0.085185 0.046296
1 0.438889 0.162963 0.077778 0.051852
1 0.436111 0.200926 0.090741 0.051852
1 0.19537 0.159259 0.074074 0.046296
1 0.20463 0.07037 0.083333 0.038889
1 0.652778 0.761111 0.096296 0.051852
1 0.669444 0.688889 0.1 0.048148
1 0.571296 0.887037 0.064815 0.127778
