0 0.853704 0.537037 0.242593 0.074074
0 0.798148 0.590741 0.233333 0.068519
0 0.721296 0.515741 0.181481 0.142593
0 0.630556 0.449074 0.196296 0.164815
0 0.727778 0.656481 0.244444 0.072222
0 0.648148 0.7 0.22963 0.062963
0 0.590741 0.75 0.266667 0.074074
0 0.537037 0.798148 0.266667 0.083333
0 0.47963 0.851852 0.244444 0.07963
0 0.448148 0.912963 0.244444 0.077778
0 0.462963 0.605556 0.187037 0.174074
0 0.259259 0.788889 0.209259 0.190741
0 0.437037 0.755556 0.192593 0.159259
0 0.765741 0.900926 0.203704 0.164815
1 0.852778 0.303704 0.066667 0.044444
1 0.767593 0.355556 0.114815 0.072222
