0 0.448148 0.057407 0.244444 0.077778
0 0.408333 0.105556 0.235185 0.07963
0 0.326852 0.157407 0.25 0.07963
0 0.246296 0.212037 0.255556 0.083333
0 0.203704 0.260185 0.246296 0.085185
0 0.157407 0.328704 0.244444 0.090741
0 0.236111 0.105556 0.198148 0.181481
0 0.617593 0.296296 0.205556 0.177778
0 0.534259 0.260185 0.214815 0.168519
0 0.344444 0.436111 0.205556 0.181481
0 0.518519 0.580556 0.212963 0.2
0 0.385185 0.521296 0.203704 0.188889
0 0.176852 0.716667 0.194444 0.188889
0 0.317593 0.640741 0.212963 0.211111
0 0.310185 0.77963 0.205556 0.203704
1 0.20463 0.569444 0.116667 0.114815
