0 0.323148 0.812037 0.201852 0.231481
1 0.190741 0.030556 0.085185 0.055556
1 0.190741 0.098148 0.094444 0.046296
1 0.177778 0.132407 0.092593 0.031481
1 0.440741 0.088889 0.081481 0.040741
1 0.437037 0.126852 0.085185 0.048148
1 0.437037 0.188889 0.074074 0.044444
1 0.433333 0.228704 0.085185 0.044444
1 0.688889 0.061111 0.07963 0.044444
1 0.688889 0.096296 0.074074 0.037037
1 0.692593 0.135185 0.092593 0.048148
1 0.680556 0.287963 0.077778 0.046296
1 0.677778 0.24537 0.07963 0.040741
1 0.691667 0.201852 0.085185 0.05
1 0.391667 0.603704 0.051852 0.085185
1 0.460185 0.576852 0.061111 0.105556
1 0.662037 0.712037 0.07963 0.051852
1 0.47037 0.485185 0.051852 0.077778
1 0.478704 0.409259 0.040741 0.077778
1 0.47963 0.331481 0.037037 0.072222
