1 0.178704 0.15463 0.125926 0.07037
1 0.102778 0.187963 0.077778 0.055556
1 0.086111 0.262037 0.085185 0.053704
1 0.183333 0.249074 0.087037 0.048148
1 0.375926 0.117593 0.085185 0.059259
1 0.465741 0.134259 0.087037 0.068519
1 0.37037 0.189815 0.085185 0.055556
1 0.382407 0.240741 0.094444 0.066667
1 0.266667 0.587037 0.094444 0.057407
1 0.281481 0.531481 0.096296 0.062963
1 0.297222 0.446296 0.085185 0.057407
1 0.32963 0.386111 0.087037 0.062963
1 0.159259 0.341667 0.085185 0.064815
1 0.149074 0.387963 0.085185 0.066667
1 0.060185 0.369444 0.1 0.062963
0 0.216667 0.837963 0.181481 0.190741
0 0.358333 0.496296 0.131481 0.296296
0 0.50463 0.527778 0.133333 0.288889
