1 0.300926 0.632407 0.101852 0.098148
1 0.441667 0.918519 0.081481 0.087037
0 0.774074 0.05 0.25 0.096296
0 0.802778 0.107407 0.262963 0.1
0 0.871296 0.209259 0.251852 0.098148
0 0.425 0.119444 0.107407 0.231481
0 0.464815 0.202778 0.12037 0.244444
0 0.513889 0.287037 0.111111 0.246296
0 0.556481 0.336111 0.114815 0.27963
0 0.587963 0.409259 0.114815 0.233333
0 0.622222 0.472222 0.103704 0.224074
0 0.659259 0.523148 0.107407 0.246296
0 0.721296 0.624074 0.112963 0.244444
0 0.752778 0.682407 0.109259 0.255556
0 0.680556 0.319444 0.159259 0.205556
0 0.785185 0.738889 0.098148 0.244444
0 0.832407 0.778704 0.111111 0.242593
0 0.863889 0.839815 0.107407 0.244444
0 0.907407 0.67963 0.15 0.201852
