1 0.114815 0.418519 0.07037 0.062963
1 0.087963 0.494444 0.074074 0.072222
1 0.200926 0.685185 0.107407 0.077778
1 0.240741 0.832407 0.092593 0.077778
1 0.158333 0.862037 0.066667 0.055556
0 0.559259 0.136111 0.105556 0.264815
0 0.619444 0.258333 0.133333 0.32963
0 0.659259 0.325926 0.105556 0.272222
0 0.689815 0.412963 0.105556 0.275926
0 0.735185 0.465741 0.118519 0.261111
0 0.763889 0.550926 0.105556 0.266667
0 0.837963 0.662037 0.118519 0.235185
0 0.87963 0.713889 0.112963 0.266667
0 0.92037 0.74537 0.112963 0.27037
0 0.782407 0.29537 0.177778 0.251852
