1 0.399074 0.398148 0.072222 0.087037
1 0.311111 0.418519 0.068519 0.1
1 0.227778 0.424074 0.061111 0.07963
1 0.188889 0.440741 0.044444 0.103704
1 0.808333 0.111111 0.090741 0.07037
1 0.793519 0.158333 0.085185 0.068519
1 0.780556 0.188889 0.074074 0.066667
1 0.767593 0.264815 0.083333 0.061111
1 0.760185 0.300926 0.085185 0.066667
1 0.752778 0.336111 0.087037 0.064815
1 0.742593 0.37037 0.07963 0.057407
1 0.875926 0.207407 0.077778 0.066667
1 0.85463 0.238889 0.066667 0.05
1 0.847222 0.27963 0.081481 0.055556
1 0.840741 0.317593 0.07963 0.062963
1 0.823148 0.350926 0.074074 0.062963
1 0.800926 0.462037 0.07963 0.053704
1 0.787963 0.494444 0.077778 0.046296
1 0.781481 0.526852 0.090741 0.048148
1 0.765741 0.563889 0.087037 0.05
1 0.752778 0.608333 0.085185 0.055556
1 0.736111 0.667593 0.085185 0.061111
1 0.964815 0.431481 0.062963 0.062963
1 0.926852 0.559259 0.077778 0.064815
1 0.918519 0.610185 0.077778 0.062963
1 0.905556 0.651852 0.085185 0.057407
1 0.943519 0.768519 0.081481 0.057407
1 0.872222 0.738889 0.074074 0.055556
1 0.855556 0.789815 0.072222 0.055556
1 0.850926 0.825926 0.074074 0.068519
1 0.85 0.869444 0.083333 0.061111
1 0.84537 0.908333 0.085185 0.062963
1 0.922222 0.855556 0.075926 0.062963
1 0.915741 0.964815 0.081481 0.059259
1 0.741667 0.4 0.085185 0.066667
1 0.717593 0.474074 0.07963 0.05
1 0.705556 0.516667 0.103704 0.042593
1 0.683333 0.553704 0.103704 0.048148
1 0.67037 0.618519 0.074074 0.048148
1 0.649074 0.65 0.083333 0.053704
