0 0.380556 0.060185 0.274074 0.109259
0 0.401852 0.122222 0.281481 0.116667
0 0.464815 0.182407 0.205556 0.092593
0 0.467593 0.234259 0.253704 0.107407
0 0.57963 0.340741 0.22037 0.1
0 0.607407 0.403704 0.285185 0.124074
0 0.649074 0.460185 0.274074 0.111111
0 0.660185 0.52037 0.275926 0.114815
0 0.706481 0.575926 0.281481 0.125926
0 0.763889 0.682407 0.277778 0.125926
0 0.793519 0.747222 0.268519 0.105556
0 0.824074 0.80463 0.305556 0.114815
0 0.07037 0.201852 0.124074 0.27037
0 0.10463 0.271296 0.114815 0.257407
0 0.134259 0.335185 0.109259 0.25
0 0.19537 0.437037 0.111111 0.266667
0 0.293519 0.346296 0.185185 0.237037
0 0.231481 0.499074 0.116667 0.257407
0 0.263889 0.575926 0.116667 0.261111
0 0.301852 0.635185 0.105556 0.244444
0 0.343519 0.710185 0.114815 0.255556
0 0.414815 0.753704 0.116667 0.268519
0 0.443519 0.831481 0.116667 0.281481
0 0.569444 0.672222 0.207407 0.233333
