1 0.311111 0.417593 0.062963 0.088889
1 0.386111 0.405556 0.051852 0.083333
1 0.3 0.608333 0.05 0.081481
1 0.347222 0.606481 0.051852 0.074074
1 0.825926 0.114815 0.07963 0.051852
1 0.887037 0.175926 0.068519 0.05
1 0.811111 0.151852 0.081481 0.062963
1 0.8 0.191667 0.085185 0.057407
1 0.79537 0.233333 0.062963 0.053704
1 0.786111 0.269444 0.085185 0.066667
1 0.757407 0.333333 0.090741 0.068519
1 0.759259 0.372222 0.085185 0.057407
1 0.752778 0.405556 0.085185 0.059259
1 0.731481 0.476852 0.07037 0.062963
1 0.712963 0.531481 0.075926 0.074074
1 0.70463 0.574074 0.07963 0.062963
1 0.687963 0.612037 0.074074 0.075926
1 0.863889 0.232407 0.07963 0.074074
1 0.859259 0.284259 0.07963 0.077778
1 0.801852 0.455556 0.072222 0.061111
1 0.790741 0.544444 0.087037 0.061111
1 0.751852 0.678704 0.085185 0.075926
1 0.938889 0.607407 0.085185 0.061111
1 0.912963 0.649074 0.098148 0.059259
1 0.898148 0.700926 0.087037 0.059259
1 0.864815 0.868519 0.074074 0.072222
