0 0.365741 0.059259 0.268519 0.105556
0 0.415741 0.117593 0.259259 0.111111
0 0.422222 0.17037 0.262963 0.109259
0 0.47963 0.235185 0.257407 0.105556
0 0.541667 0.337963 0.27037 0.105556
0 0.568519 0.396296 0.266667 0.103704
0 0.587037 0.449074 0.255556 0.105556
0 0.658333 0.517593 0.255556 0.107407
0 0.051852 0.221296 0.090741 0.244444
0 0.086111 0.296296 0.105556 0.281481
0 0.121296 0.340741 0.103704 0.288889
0 0.189815 0.437037 0.105556 0.255556
0 0.227778 0.492593 0.107407 0.257407
0 0.256481 0.572222 0.101852 0.255556
0 0.301852 0.613889 0.096296 0.253704
0 0.17037 0.163889 0.17963 0.25
0 0.331481 0.422222 0.181481 0.222222
0 0.338889 0.687963 0.111111 0.262963
0 0.4 0.775 0.107407 0.264815
0 0.449074 0.812963 0.111111 0.264815
0 0.708333 0.671296 0.261111 0.105556
0 0.751852 0.737963 0.253704 0.107407
0 0.815741 0.800926 0.264815 0.105556
0 0.69537 0.837963 0.227778 0.194444
