0 0.823148 0.108333 0.25 0.098148
0 0.425926 0.151852 0.112963 0.244444
0 0.465741 0.206481 0.116667 0.246296
0 0.532407 0.253704 0.111111 0.244444
0 0.566667 0.335185 0.109259 0.244444
0 0.59537 0.414815 0.116667 0.255556
0 0.648148 0.406481 0.066667 0.142593
0 0.668519 0.510185 0.116667 0.255556
0 0.721296 0.609259 0.118519 0.238889
0 0.680556 0.285185 0.17963 0.224074
0 0.766667 0.644444 0.107407 0.251852
0 0.798148 0.737963 0.116667 0.253704
0 0.82963 0.79537 0.107407 0.248148
0 0.866667 0.837963 0.112963 0.261111
0 0.883333 0.615741 0.17037 0.225926
