1 0.921296 0.115741 0.062963 0.096296
1 0.817593 0.19537 0.053704 0.107407
1 0.898148 0.375926 0.122222 0.048148
1 0.709259 0.308333 0.062963 0.103704
1 0.688889 0.196296 0.074074 0.122222
1 0.641667 0.224074 0.066667 0.101852
1 0.684259 0.378704 0.07037 0.112963
1 0.605556 0.30463 0.062963 0.096296
1 0.641667 0.411111 0.07963 0.109259
1 0.568519 0.337037 0.074074 0.07963
1 0.601852 0.441667 0.055556 0.103704
1 0.55 0.485185 0.083333 0.131481
1 0.613889 0.59537 0.101852 0.105556
1 0.455556 0.657407 0.064815 0.105556
1 0.490741 0.403704 0.101852 0.094444
1 0.416667 0.512963 0.07963 0.118519
1 0.381481 0.533333 0.081481 0.116667
1 0.410185 0.658333 0.07037 0.15
1 0.224074 0.725 0.074074 0.118519
1 0.30463 0.862963 0.077778 0.112963
1 0.256481 0.868519 0.077778 0.116667
1 0.187963 0.79537 0.077778 0.122222
1 0.208333 0.918519 0.062963 0.112963
1 0.140741 0.831481 0.075926 0.122222
1 0.1 0.9 0.083333 0.107407
1 0.057407 0.943519 0.062963 0.105556
0 0.163889 0.209259 0.131481 0.27963
0 0.113889 0.309259 0.127778 0.335185
0 0.278704 0.427778 0.253704 0.240741
0 0.500926 0.174074 0.211111 0.327778
