1 0.907407 0.27963 0.072222 0.12963
1 0.851852 0.466667 0.068519 0.118519
1 0.805556 0.353704 0.083333 0.092593
1 0.628704 0.681481 0.075926 0.116667
1 0.636111 0.544444 0.064815 0.105556
1 0.784259 0.064815 0.125926 0.053704
1 0.694444 0.17037 0.103704 0.087037
1 0.631481 0.22037 0.092593 0.094444
1 0.399074 0.448148 0.101852 0.116667
1 0.528704 0.622222 0.075926 0.140741
1 0.474074 0.697222 0.077778 0.122222
1 0.278704 0.6 0.087037 0.096296
1 0.30463 0.862037 0.066667 0.135185
1 0.19537 0.935185 0.07037 0.12037
