0 0.587963 0.587963 0.148148 0.346296
1 0.763889 0.100926 0.101852 0.066667
1 0.860185 0.181481 0.105556 0.068519
1 0.657407 0.172222 0.118519 0.046296
1 0.700926 0.271296 0.116667 0.087037
1 0.826852 0.35463 0.05 0.111111
1 0.816667 0.467593 0.062963 0.111111
1 0.971296 0.515741 0.053704 0.098148
1 0.781481 0.383333 0.044444 0.122222
1 0.736111 0.519444 0.083333 0.105556
1 0.728704 0.418519 0.048148 0.098148
1 0.653704 0.590741 0.051852 0.094444
1 0.682407 0.460185 0.083333 0.155556
1 0.525926 0.57963 0.07037 0.098148
1 0.492593 0.337037 0.116667 0.062963
1 0.432407 0.378704 0.101852 0.066667
1 0.386111 0.425 0.107407 0.068519
1 0.344444 0.463889 0.124074 0.053704
1 0.301852 0.517593 0.103704 0.062963
1 0.240741 0.550926 0.112963 0.062963
1 0.212037 0.592593 0.111111 0.077778
1 0.12963 0.687037 0.140741 0.053704
1 0.417593 0.550926 0.088889 0.066667
1 0.425926 0.668519 0.062963 0.137037
1 0.483333 0.742593 0.053704 0.112963
1 0.427778 0.811111 0.053704 0.107407
1 0.281481 0.830556 0.07037 0.127778
1 0.232407 0.901852 0.05 0.112963
0 0.869444 0.637037 0.142593 0.133333
