0 0.373148 0.273148 0.17037 0.377778
0 0.140741 0.467593 0.159259 0.405556
1 0.426852 0.900926 0.064815 0.112963
1 0.424074 0.766667 0.07037 0.133333
1 0.480556 0.869444 0.075926 0.1
1 0.514815 0.793519 0.077778 0.140741
1 0.547222 0.601852 0.074074 0.111111
1 0.641667 0.637963 0.07963 0.12963
1 0.707407 0.405556 0.077778 0.101852
1 0.746296 0.552778 0.064815 0.122222
1 0.889815 0.193519 0.051852 0.133333
1 0.794444 0.915741 0.131481 0.066667
1 0.825 0.825 0.15 0.083333
1 0.919444 0.748148 0.12037 0.072222
