1 0.500926 0.321296 0.1 0.075926
1 0.443519 0.374074 0.083333 0.044444
1 0.394444 0.425 0.090741 0.055556
1 0.34537 0.458333 0.1 0.038889
1 0.307407 0.512963 0.131481 0.064815
1 0.251852 0.540741 0.088889 0.057407
1 0.196296 0.59537 0.103704 0.055556
1 0.127778 0.688889 0.142593 0.062963
1 0.280556 0.915741 0.055556 0.166667
1 0.478704 0.777778 0.064815 0.137037
1 0.483333 0.665741 0.062963 0.105556
1 0.587037 0.684259 0.066667 0.12037
1 0.533333 0.592593 0.042593 0.112963
1 0.586111 0.557407 0.057407 0.127778
1 0.631481 0.500926 0.064815 0.142593
1 0.687037 0.457407 0.037037 0.107407
1 0.726852 0.562037 0.072222 0.098148
1 0.725926 0.424074 0.062963 0.131481
1 0.780556 0.486111 0.07963 0.12963
1 0.781481 0.358333 0.059259 0.107407
