1 0.948148 0.302778 0.074074 0.109259
1 0.900926 0.336111 0.062963 0.137037
1 0.782407 0.519444 0.068519 0.101852
1 0.731481 0.565741 0.064815 0.112963
1 0.693519 0.635185 0.061111 0.103704
1 0.642593 0.653704 0.068519 0.127778
1 0.605556 0.724074 0.07037 0.127778
1 0.557407 0.752778 0.064815 0.131481
1 0.511111 0.808333 0.055556 0.135185
1 0.468519 0.860185 0.077778 0.12037
1 0.401852 0.79537 0.075926 0.101852
1 0.87963 0.79537 0.155556 0.062963
1 0.806481 0.84537 0.162963 0.087037
1 0.757407 0.898148 0.133333 0.061111
1 0.950926 0.137037 0.090741 0.125926
1 0.880556 0.19537 0.087037 0.137037
1 0.749074 0.405556 0.074074 0.103704
1 0.702778 0.434259 0.083333 0.122222
1 0.659259 0.47037 0.087037 0.138889
1 0.62037 0.525 0.088889 0.124074
1 0.583333 0.580556 0.090741 0.138889
1 0.538889 0.614815 0.094444 0.125926
1 0.498148 0.652778 0.094444 0.118519
1 0.452778 0.711111 0.109259 0.146296
1 0.336111 0.559259 0.142593 0.092593
1 0.080556 0.868519 0.116667 0.15
0 0.686111 0.141667 0.135185 0.174074
0 0.437963 0.225 0.148148 0.409259
0 0.372222 0.288889 0.148148 0.392593
0 0.198148 0.455556 0.138889 0.359259
0 0.12963 0.535185 0.138889 0.374074
