0 0.664815 0.189815 0.094444 0.259259
0 0.574074 0.32037 0.101852 0.362963
0 0.500926 0.394444 0.074074 0.377778
0 0.356481 0.278704 0.2 0.177778
0 0.419444 0.47037 0.085185 0.388889
0 0.706481 0.685185 0.318519 0.325926
0 0.222222 0.566667 0.094444 0.407407
0 0.142593 0.646296 0.085185 0.383333
0 0.062963 0.802778 0.1 0.348148
1 0.27037 0.117593 0.059259 0.105556
1 0.183333 0.091667 0.07037 0.124074
1 0.178704 0.194444 0.061111 0.101852
1 0.123148 0.112037 0.061111 0.105556
1 0.060185 0.331481 0.062963 0.094444
1 0.073148 0.186111 0.059259 0.122222
