1 0.789815 0.075926 0.116667 0.062963
1 0.741667 0.135185 0.081481 0.083333
1 0.637963 0.213889 0.101852 0.101852
1 0.580556 0.266667 0.092593 0.112963
1 0.52963 0.322222 0.101852 0.083333
1 0.628704 0.542593 0.061111 0.112963
1 0.608333 0.664815 0.07037 0.090741
1 0.562963 0.696296 0.051852 0.140741
1 0.569444 0.571296 0.064815 0.111111
1 0.415741 0.656481 0.083333 0.094444
1 0.505556 0.773148 0.064815 0.133333
1 0.351852 0.790741 0.046296 0.105556
1 0.30463 0.825926 0.05 0.111111
1 0.257407 0.851852 0.074074 0.140741
1 0.899074 0.514815 0.059259 0.112963
1 0.852778 0.308333 0.066667 0.098148
1 0.848148 0.439815 0.05 0.094444
1 0.942593 0.373148 0.081481 0.112963
1 0.903704 0.211111 0.05 0.112963
1 0.952778 0.193519 0.05 0.103704
1 0.8 0.373148 0.066667 0.125926
0 0.437963 0.753704 0.218519 0.37037
