1 0.833333 0.349074 0.05 0.111111
1 0.727778 0.278704 0.101852 0.085185
1 0.784259 0.388889 0.064815 0.103704
1 0.791667 0.515741 0.062963 0.103704
1 0.742593 0.410185 0.068519 0.094444
1 0.687037 0.475926 0.057407 0.090741
1 0.642593 0.523148 0.057407 0.096296
1 0.644444 0.646296 0.061111 0.096296
1 0.59537 0.581481 0.055556 0.111111
1 0.536111 0.627778 0.057407 0.1
1 0.477778 0.661111 0.07037 0.112963
1 0.289815 0.862037 0.053704 0.103704
1 0.169444 0.911111 0.072222 0.105556
1 0.494444 0.340741 0.111111 0.057407
1 0.418519 0.413889 0.12037 0.044444
1 0.360185 0.459259 0.105556 0.07037
1 0.273148 0.563889 0.122222 0.075926
1 0.211111 0.600926 0.114815 0.061111
1 0.172222 0.638889 0.109259 0.064815
1 0.122222 0.696296 0.105556 0.062963
