0 0.091667 0.756481 0.127778 0.257407
0 0.153704 0.74537 0.133333 0.27037
0 0.422222 0.853704 0.235185 0.164815
0 0.284259 0.664815 0.138889 0.261111
0 0.35463 0.625926 0.127778 0.246296
0 0.407407 0.607407 0.140741 0.253704
0 0.472222 0.575 0.124074 0.224074
0 0.533333 0.559259 0.125926 0.225926
0 0.602778 0.503704 0.125926 0.248148
0 0.659259 0.486111 0.135185 0.251852
0 0.726852 0.453704 0.12963 0.25
0 0.792593 0.416667 0.133333 0.261111
0 0.850926 0.397222 0.12037 0.25
0 0.755556 0.301852 0.201852 0.138889
0 0.513889 0.448148 0.153704 0.107407
0 0.118519 0.385185 0.22963 0.112963
0 0.140741 0.340741 0.148148 0.092593
0 0.218519 0.313889 0.240741 0.116667
0 0.137963 0.523148 0.155556 0.105556
0 0.339815 0.399074 0.2 0.137037
0 0.42963 0.232407 0.231481 0.122222
0 0.508333 0.20463 0.198148 0.116667
0 0.572222 0.176852 0.231481 0.109259
0 0.7 0.714815 0.227778 0.174074
0 0.118519 0.151852 0.233333 0.17963
0 0.696296 0.061111 0.137037 0.085185
0 0.578704 0.293519 0.244444 0.155556
