0 0.134259 0.749074 0.15 0.262963
0 0.262037 0.684259 0.140741 0.244444
0 0.464815 0.82963 0.240741 0.190741
0 0.339815 0.623148 0.138889 0.259259
0 0.401852 0.589815 0.138889 0.246296
0 0.464815 0.565741 0.133333 0.264815
0 0.521296 0.541667 0.137037 0.264815
0 0.573148 0.532407 0.137037 0.257407
0 0.632407 0.486111 0.159259 0.303704
0 0.815741 0.656481 0.244444 0.183333
0 0.774074 0.411111 0.142593 0.264815
0 0.835185 0.393519 0.142593 0.255556
0 0.161111 0.353704 0.237037 0.112963
0 0.223148 0.323148 0.237037 0.114815
0 0.283333 0.293519 0.240741 0.116667
0 0.349074 0.262963 0.235185 0.116667
0 0.409259 0.231481 0.237037 0.114815
0 0.477778 0.201852 0.242593 0.114815
0 0.525926 0.169444 0.244444 0.118519
0 0.67963 0.124074 0.277778 0.12963
0 0.712037 0.075926 0.25 0.105556
0 0.825926 0.067593 0.168519 0.107407
1 0.171296 0.860185 0.127778 0.083333
1 0.075 0.143519 0.046296 0.07963
1 0.118519 0.132407 0.068519 0.1
1 0.198148 0.086111 0.072222 0.092593
1 0.251852 0.073148 0.062963 0.090741
