1 0.161111 0.940741 0.074074 0.085185
1 0.37037 0.672222 0.068519 0.064815
1 0.458333 0.634259 0.085185 0.07037
1 0.492593 0.608333 0.064815 0.059259
1 0.544444 0.587963 0.077778 0.061111
1 0.57963 0.561111 0.074074 0.062963
1 0.737037 0.484259 0.05 0.07963
1 0.775926 0.498148 0.055556 0.07037
1 0.503704 0.762963 0.064815 0.085185
1 0.557407 0.743519 0.066667 0.085185
1 0.739815 0.666667 0.074074 0.051852
1 0.781481 0.682407 0.074074 0.055556
1 0.821296 0.702778 0.07963 0.068519
1 0.867593 0.717593 0.066667 0.07963
