0 0.517593 0.214815 0.253704 0.188889
0 0.823148 0.255556 0.261111 0.101852
0 0.728704 0.288889 0.288889 0.096296
1 0.912963 0.440741 0.064815 0.072222
1 0.873148 0.436111 0.077778 0.077778
1 0.803704 0.421296 0.077778 0.07963
1 0.761111 0.415741 0.072222 0.07963
1 0.724074 0.406481 0.074074 0.074074
1 0.690741 0.397222 0.061111 0.07037
1 0.652778 0.388889 0.07037 0.07037
1 0.616667 0.385185 0.074074 0.072222
1 0.578704 0.374074 0.062963 0.074074
1 0.785185 0.552778 0.051852 0.096296
1 0.834259 0.571296 0.055556 0.090741
1 0.906481 0.582407 0.059259 0.081481
1 0.402778 0.817593 0.072222 0.072222
1 0.484259 0.77037 0.066667 0.087037
