0 0.401852 0.142593 0.085185 0.224074
0 0.763889 0.266667 0.262963 0.105556
0 0.856481 0.228704 0.224074 0.098148
1 0.569444 0.548148 0.051852 0.077778
1 0.634259 0.553704 0.075926 0.085185
1 0.684259 0.562037 0.064815 0.087037
1 0.762963 0.576852 0.068519 0.101852
1 0.812037 0.597222 0.051852 0.096296
1 0.849074 0.60463 0.057407 0.077778
1 0.961111 0.619444 0.048148 0.103704
1 0.625926 0.402778 0.062963 0.062963
1 0.69537 0.425926 0.062963 0.061111
1 0.743519 0.431481 0.07037 0.074074
1 0.787963 0.432407 0.072222 0.081481
1 0.866667 0.447222 0.064815 0.064815
1 0.592593 0.078704 0.059259 0.088889
