0 0.892593 0.203704 0.185185 0.085185
0 0.780556 0.239815 0.264815 0.087037
0 0.75 0.287037 0.27037 0.1
1 0.712963 0.914815 0.066667 0.066667
1 0.601852 0.884259 0.068519 0.077778
1 0.562037 0.908333 0.081481 0.092593
1 0.502778 0.951852 0.062963 0.077778
1 0.394444 0.831481 0.057407 0.083333
1 0.423148 0.809259 0.055556 0.085185
1 0.452778 0.792593 0.062963 0.1
1 0.487037 0.757407 0.053704 0.07963
1 0.926852 0.584259 0.074074 0.090741
1 0.802778 0.560185 0.061111 0.096296
1 0.732407 0.550926 0.062963 0.1
1 0.578704 0.519444 0.074074 0.105556
1 0.581481 0.367593 0.064815 0.062963
1 0.618519 0.380556 0.07037 0.077778
1 0.663889 0.386111 0.075926 0.066667
1 0.732407 0.409259 0.07037 0.077778
1 0.814815 0.417593 0.074074 0.074074
1 0.850926 0.42963 0.062963 0.072222
