0 0.37963 0.158333 0.159259 0.140741
0 0.423148 0.372222 0.07963 0.218519
0 0.318519 0.447222 0.07037 0.225926
0 0.265741 0.489815 0.074074 0.174074
0 0.214815 0.537963 0.072222 0.2
0 0.17037 0.567593 0.07037 0.214815
0 0.124074 0.577778 0.077778 0.212963
0 0.074074 0.608333 0.066667 0.214815
0 0.152778 0.903704 0.148148 0.074074
0 0.253704 0.886111 0.231481 0.096296
0 0.300926 0.858333 0.242593 0.101852
0 0.340741 0.823148 0.240741 0.101852
0 0.380556 0.785185 0.231481 0.096296
0 0.434259 0.753704 0.246296 0.096296
0 0.509259 0.725926 0.235185 0.092593
