0 0.712037 0.931481 0.25 0.105556
0 0.825926 0.923148 0.168519 0.107407
0 0.835185 0.871296 0.22963 0.116667
1 0.198148 0.941667 0.072222 0.092593
1 0.251852 0.928704 0.062963 0.090741
1 0.135185 0.818519 0.122222 0.074074
1 0.198148 0.784259 0.1 0.075926
1 0.251852 0.758333 0.094444 0.075926
1 0.342593 0.723148 0.101852 0.074074
1 0.405556 0.682407 0.118519 0.072222
1 0.338889 0.862963 0.059259 0.074074
1 0.383333 0.856481 0.042593 0.074074
1 0.42037 0.838889 0.035185 0.07963
1 0.472222 0.817593 0.051852 0.090741
1 0.511111 0.802778 0.046296 0.088889
1 0.558333 0.778704 0.05 0.109259
1 0.610185 0.758333 0.057407 0.081481
