1 0.216667 0.1 0.068519 0.085185
1 0.333333 0.241667 0.057407 0.077778
0 0.475926 0.288889 0.172222 0.231481
0 0.414815 0.341667 0.064815 0.068519
1 0.203704 0.250926 0.094444 0.085185
1 0.52037 0.490741 0.077778 0.090741
1 0.17037 0.567593 0.081481 0.107407
1 0.652778 0.675926 0.081481 0.087037
1 0.769444 0.822222 0.077778 0.085185
1 0.333333 0.864815 0.085185 0.098148
0 0.333333 0.592593 0.162963 0.201852
0 0.516667 0.859259 0.157407 0.205556
0 0.626852 0.884259 0.133333 0.12963
0 0.477778 0.293519 0.201852 0.183333
0 0.736111 0.651852 0.222222 0.209259
