1 0.811111 0.125926 0.068519 0.055556
1 0.853704 0.062037 0.081481 0.064815
1 0.717593 0.237037 0.07037 0.068519
1 0.671296 0.287037 0.085185 0.055556
1 0.617593 0.332407 0.081481 0.061111
1 0.794444 0.315741 0.087037 0.035185
1 0.773148 0.340741 0.098148 0.057407
1 0.712037 0.391667 0.081481 0.055556
0 0.267593 0.82963 0.064815 0.116667
1 0.146296 0.494444 0.085185 0.057407
1 0.058333 0.236111 0.111111 0.057407
1 0.118519 0.308333 0.081481 0.044444
1 0.186111 0.372222 0.098148 0.055556
1 0.224074 0.414815 0.107407 0.074074
