0 0.14537 0.769444 0.218519 0.094444
0 0.185185 0.825 0.272222 0.087037
0 0.200926 0.87963 0.231481 0.085185
0 0.247222 0.930556 0.244444 0.087037
0 0.485185 0.830556 0.157407 0.17037
0 0.330556 0.64537 0.162963 0.17963
0 0.683333 0.887963 0.1 0.068519
0 0.719444 0.94537 0.081481 0.090741
0 0.838889 0.925 0.116667 0.077778
0 0.798148 0.877778 0.112963 0.061111
0 0.775 0.838889 0.112963 0.074074
0 0.742593 0.799074 0.133333 0.068519
0 0.714815 0.758333 0.103704 0.057407
0 0.676852 0.722222 0.094444 0.057407
0 0.632407 0.673148 0.124074 0.057407
0 0.566667 0.761111 0.142593 0.183333
1 0.608333 0.635185 0.087037 0.055556
0 0.450926 0.590741 0.112963 0.124074
0 0.155556 0.433333 0.17963 0.235185
0 0.307407 0.45463 0.157407 0.251852
0 0.400926 0.386111 0.185185 0.185185
0 0.217593 0.148148 0.238889 0.103704
0 0.432407 0.22037 0.077778 0.124074
0 0.550926 0.35 0.051852 0.107407
0 0.506481 0.307407 0.055556 0.133333
0 0.591667 0.407407 0.061111 0.111111
0 0.755556 0.599074 0.074074 0.094444
1 0.642593 0.481481 0.051852 0.107407
1 0.702778 0.513889 0.081481 0.068519
1 0.812963 0.661111 0.051852 0.112963
1 0.863889 0.712037 0.061111 0.090741
1 0.917593 0.781481 0.038889 0.116667
1 0.949074 0.824074 0.074074 0.111111
