0 0.319444 0.100926 0.205556 0.07037
0 0.142593 0.225926 0.17963 0.196296
0 0.255556 0.219444 0.17037 0.196296
0 0.37037 0.164815 0.268519 0.112963
0 0.44537 0.27037 0.235185 0.094444
0 0.300926 0.42963 0.235185 0.214815
0 0.5 0.34537 0.244444 0.081481
0 0.496296 0.378704 0.225926 0.1
0 0.557407 0.425926 0.261111 0.137037
0 0.602778 0.473148 0.281481 0.153704
0 0.544444 0.624074 0.235185 0.146296
0 0.80463 0.714815 0.244444 0.15
0 0.747222 0.265741 0.183333 0.196296
0 0.598148 0.098148 0.17963 0.188889
0 0.719444 0.049074 0.081481 0.090741
0 0.780556 0.122222 0.116667 0.068519
