1 0.762963 0.971296 0.098148 0.051852
0 0.572222 0.594444 0.111111 0.044444
0 0.208333 0.469444 0.162963 0.214815
0 0.288889 0.407407 0.17963 0.196296
0 0.47037 0.635185 0.162963 0.17963
0 0.418519 0.735185 0.188889 0.183333
0 0.142593 0.764815 0.235185 0.085185
0 0.216667 0.85 0.251852 0.111111
0 0.255556 0.922222 0.257407 0.085185
1 0.627778 0.661111 0.098148 0.061111
1 0.726852 0.796296 0.098148 0.068519
1 0.774074 0.828704 0.112963 0.042593
1 0.799074 0.860185 0.111111 0.038889
1 0.821296 0.899074 0.116667 0.077778
1 0.942593 0.813889 0.051852 0.064815
1 0.913889 0.790741 0.051852 0.090741
1 0.890741 0.760185 0.044444 0.081481
1 0.7 0.55 0.057407 0.087037
1 0.659259 0.469444 0.055556 0.085185
1 0.588889 0.380556 0.057407 0.077778
1 0.434259 0.203704 0.051852 0.085185
