0 0.093519 0.687963 0.17037 0.242593
0 0.074074 0.8 0.077778 0.124074
1 0.15463 0.901852 0.081481 0.090741
1 0.923148 0.302778 0.077778 0.048148
1 0.907407 0.263889 0.103704 0.048148
1 0.762963 0.075 0.098148 0.051852
0 0.797222 0.317593 0.166667 0.209259
0 0.333333 0.083333 0.268519 0.112963
0 0.369444 0.137037 0.248148 0.090741
0 0.393519 0.206481 0.238889 0.077778
0 0.490741 0.263889 0.162963 0.081481
0 0.493519 0.327778 0.235185 0.098148
0 0.550926 0.37037 0.231481 0.116667
0 0.582407 0.430556 0.242593 0.094444
0 0.626852 0.498148 0.238889 0.111111
