1 0.238889 0.915741 0.077778 0.057407
1 0.317593 0.892593 0.077778 0.064815
1 0.392593 0.867593 0.103704 0.061111
1 0.475926 0.85463 0.1 0.061111
1 0.533333 0.786111 0.090741 0.055556
1 0.471296 0.786111 0.07037 0.055556
1 0.413889 0.803704 0.061111 0.044444
1 0.362963 0.813889 0.064815 0.051852
1 0.282407 0.841667 0.087037 0.042593
0 0.361111 0.759259 0.277778 0.12037
0 0.418519 0.69537 0.32037 0.12963
0 0.424074 0.633333 0.311111 0.157407
0 0.422222 0.557407 0.314815 0.15
0 0.439815 0.471296 0.290741 0.140741
0 0.490741 0.385185 0.268519 0.146296
0 0.456481 0.318519 0.277778 0.15
0 0.469444 0.263889 0.277778 0.133333
0 0.841667 0.433333 0.3 0.12963
