1 0.489815 0.448148 0.127778 0.068519
1 0.163889 0.487963 0.111111 0.081481
1 0.343519 0.564815 0.090741 0.07037
1 0.427778 0.611111 0.087037 0.07037
1 0.337037 0.609259 0.12963 0.048148
1 0.317593 0.656481 0.090741 0.064815
1 0.30463 0.694444 0.098148 0.074074
1 0.289815 0.771296 0.087037 0.07037
1 0.27037 0.813889 0.087037 0.085185
1 0.309259 0.95 0.094444 0.061111
1 0.460185 0.798148 0.074074 0.12963
1 0.423148 0.647222 0.116667 0.077778
1 0.411111 0.686111 0.087037 0.07037
1 0.362037 0.794444 0.094444 0.064815
1 0.587037 0.848148 0.142593 0.107407
1 0.736111 0.371296 0.090741 0.064815
1 0.750926 0.322222 0.094444 0.090741
1 0.818519 0.153704 0.124074 0.068519
1 0.79537 0.243519 0.12963 0.064815
