1 0.760185 0.786111 0.068519 0.085185
1 0.712963 0.709259 0.057407 0.081481
1 0.640741 0.607407 0.085185 0.1
1 0.572222 0.513889 0.122222 0.103704
1 0.512963 0.438889 0.077778 0.085185
1 0.369444 0.114815 0.103704 0.122222
1 0.694444 0.774074 0.090741 0.077778
1 0.639815 0.686111 0.1 0.077778
1 0.57963 0.613889 0.085185 0.098148
1 0.524074 0.550926 0.111111 0.077778
1 0.481481 0.462963 0.090741 0.085185
1 0.438889 0.393519 0.090741 0.077778
1 0.387963 0.333333 0.068519 0.061111
1 0.090741 0.282407 0.137037 0.085185
1 0.387963 0.250926 0.074074 0.068519
1 0.590741 0.314815 0.068519 0.116667
1 0.566667 0.265741 0.098148 0.044444
1 0.560185 0.223148 0.07037 0.090741
1 0.532407 0.197222 0.12037 0.038889
1 0.503704 0.144444 0.098148 0.077778
1 0.47963 0.127778 0.094444 0.111111
