1 0.172222 0.062963 0.072222 0.103704
1 0.126852 0.592593 0.124074 0.074074
1 0.163889 0.512963 0.092593 0.074074
1 0.339815 0.582407 0.1 0.068519
1 0.427778 0.607407 0.081481 0.07037
1 0.305556 0.691667 0.085185 0.072222
1 0.389815 0.722222 0.096296 0.066667
1 0.284259 0.771296 0.105556 0.074074
1 0.351852 0.848148 0.1 0.085185
1 0.7 0.496296 0.088889 0.064815
1 0.708333 0.446296 0.092593 0.061111
1 0.723148 0.40463 0.087037 0.059259
1 0.761111 0.286111 0.085185 0.068519
1 0.776852 0.25 0.087037 0.072222
1 0.790741 0.213889 0.085185 0.066667
1 0.803704 0.168519 0.096296 0.07037
