1 0.161111 0.500926 0.127778 0.087037
1 0.137963 0.547222 0.12037 0.074074
1 0.118519 0.624074 0.127778 0.098148
1 0.105556 0.668519 0.127778 0.1
1 0.316667 0.65463 0.098148 0.074074
1 0.436111 0.60463 0.074074 0.057407
1 0.414815 0.65 0.111111 0.090741
0 0.305556 0.771296 0.159259 0.12963
1 0.259259 0.85 0.112963 0.064815
1 0.355556 0.876852 0.124074 0.085185
1 0.344444 0.922222 0.112963 0.077778
1 0.601852 0.815741 0.142593 0.081481
1 0.610185 0.776852 0.133333 0.094444
1 0.616667 0.722222 0.12037 0.090741
1 0.62963 0.675926 0.112963 0.07037
1 0.7 0.413889 0.090741 0.07037
1 0.728704 0.366667 0.1 0.074074
1 0.733333 0.324074 0.103704 0.087037
1 0.746296 0.290741 0.103704 0.094444
1 0.769444 0.218519 0.124074 0.087037
1 0.792593 0.171296 0.103704 0.085185
1 0.801852 0.146296 0.103704 0.1
