0 0.527778 0.273148 0.146296 0.112963
1 0.2 0.082407 0.087037 0.074074
1 0.053704 0.313889 0.103704 0.098148
1 0.415741 0.396296 0.087037 0.098148
1 0.509259 0.425926 0.085185 0.098148
1 0.465741 0.469444 0.074074 0.074074
1 0.624074 0.489815 0.103704 0.087037
1 0.560185 0.489815 0.1 0.074074
1 0.612963 0.564815 0.074074 0.087037
1 0.525926 0.547222 0.085185 0.090741
1 0.568519 0.602778 0.085185 0.085185
1 0.627778 0.677778 0.098148 0.124074
1 0.676852 0.760185 0.098148 0.111111
1 0.725926 0.74537 0.098148 0.087037
