0 0.625926 0.199074 0.1 0.207407
0 0.578704 0.27037 0.107407 0.12037
0 0.500926 0.34537 0.103704 0.22963
0 0.464815 0.425 0.092593 0.174074
0 0.425 0.512037 0.124074 0.240741
0 0.324074 0.563889 0.127778 0.262963
0 0.251852 0.675926 0.122222 0.25
0 0.37963 0.17037 0.101852 0.114815
0 0.133333 0.45 0.125926 0.142593
0 0.716667 0.455556 0.225926 0.255556
0 0.636111 0.835185 0.192593 0.244444
0 0.499074 0.749074 0.212963 0.251852
0 0.162963 0.777778 0.12037 0.248148
1 0.249074 0.34537 0.077778 0.083333
1 0.091667 0.069444 0.1 0.059259
