0 0.938889 0.142593 0.068519 0.246296
0 0.89537 0.197222 0.083333 0.244444
0 0.862963 0.261111 0.081481 0.264815
0 0.813889 0.313889 0.085185 0.238889
0 0.775 0.382407 0.077778 0.240741
0 0.723148 0.453704 0.083333 0.233333
0 0.676852 0.508333 0.087037 0.237037
0 0.874074 0.643519 0.198148 0.22963
0 0.615741 0.560185 0.103704 0.251852
0 0.455556 0.784259 0.088889 0.251852
0 0.410185 0.849074 0.085185 0.251852
0 0.701852 0.872222 0.22037 0.22963
0 0.67037 0.32963 0.203704 0.22037
0 0.316667 0.75463 0.203704 0.244444
0 0.664815 0.146296 0.196296 0.233333
0 0.487037 0.37963 0.222222 0.248148
0 0.287963 0.618519 0.214815 0.233333
0 0.190741 0.516667 0.144444 0.155556
0 0.185185 0.267593 0.172222 0.198148
1 0.925926 0.874074 0.077778 0.07963
1 0.527778 0.075 0.090741 0.118519
1 0.409259 0.214815 0.103704 0.12963
1 0.125 0.097222 0.131481 0.061111
1 0.082407 0.159259 0.12963 0.064815
1 0.040741 0.665741 0.07963 0.137037
1 0.090741 0.608333 0.085185 0.12963
0 0.511111 0.537963 0.22037 0.235185
0 0.312963 0.362037 0.12963 0.137037
