0 0.20463 0.150926 0.118519 0.22037
0 0.165741 0.22037 0.109259 0.225926
0 0.125 0.302778 0.103704 0.218519
0 0.078704 0.352778 0.107407 0.231481
0 0.160185 0.427778 0.166667 0.201852
0 0.334259 0.191667 0.183333 0.224074
0 0.367593 0.348148 0.166667 0.22037
0 0.208333 0.561111 0.192593 0.207407
0 0.447222 0.480556 0.144444 0.194444
0 0.257407 0.742593 0.066667 0.109259
0 0.314815 0.67037 0.064815 0.112963
1 0.640741 0.175 0.064815 0.096296
1 0.716667 0.335185 0.07963 0.053704
1 0.619444 0.284259 0.040741 0.07037
1 0.546296 0.558333 0.085185 0.046296
1 0.485185 0.637037 0.094444 0.059259
1 0.450926 0.717593 0.109259 0.042593
1 0.40463 0.787963 0.094444 0.046296
1 0.113889 0.908333 0.081481 0.090741
