0 0.47037 0.505556 0.174074 0.192593
0 0.325 0.643519 0.12037 0.12037
0 0.514815 0.636111 0.075926 0.101852
0 0.827778 0.626852 0.162963 0.2
0 0.925 0.70463 0.090741 0.227778
0 0.887963 0.75 0.088889 0.257407
0 0.847222 0.797222 0.085185 0.201852
0 0.80463 0.835185 0.092593 0.211111
0 0.765741 0.884259 0.074074 0.214815
0 0.394444 0.784259 0.062963 0.101852
0 0.665741 0.682407 0.17963 0.188889
0 0.507407 0.87037 0.201852 0.196296
1 0.194444 0.814815 0.101852 0.061111
1 0.307407 0.87963 0.072222 0.092593
1 0.106481 0.878704 0.098148 0.051852
1 0.087037 0.926852 0.062963 0.061111
1 0.453704 0.698148 0.077778 0.122222
