0 0.336111 0.393519 0.164815 0.214815
0 0.140741 0.52037 0.17963 0.233333
0 0.192593 0.600926 0.135185 0.140741
1 0.701852 0.062963 0.068519 0.088889
1 0.700926 0.206481 0.055556 0.062963
1 0.805556 0.194444 0.051852 0.05
1 0.79537 0.228704 0.07963 0.053704
1 0.763889 0.262963 0.07963 0.048148
1 0.732407 0.297222 0.072222 0.046296
1 0.711111 0.32963 0.101852 0.044444
1 0.505556 0.367593 0.059259 0.077778
1 0.525 0.591667 0.105556 0.062963
1 0.492593 0.640741 0.092593 0.061111
1 0.458333 0.717593 0.118519 0.046296
