0 0.534259 0.211111 0.127778 0.138889
0 0.719444 0.178704 0.094444 0.127778
0 0.609259 0.435185 0.135185 0.244444
0 0.512037 0.531481 0.124074 0.205556
0 0.466667 0.615741 0.118519 0.224074
0 0.362037 0.761111 0.116667 0.22963
0 0.332407 0.838889 0.090741 0.133333
0 0.737037 0.617593 0.174074 0.205556
0 0.238889 0.521296 0.2 0.203704
1 0.339815 0.10463 0.07037 0.053704
1 0.152778 0.276852 0.062963 0.057407
1 0.056481 0.402778 0.081481 0.068519
1 0.698148 0.927778 0.059259 0.064815
1 0.853704 0.971296 0.075926 0.044444
1 0.586111 0.855556 0.112963 0.087037
0 0.873148 0.435185 0.118519 0.12963
0 0.934259 0.363889 0.114815 0.125926
0 0.941667 0.582407 0.105556 0.131481
0 0.867593 0.675 0.07963 0.1
0 0.82037 0.734259 0.053704 0.109259
