0 0.208333 0.148148 0.105556 0.22037
0 0.175 0.224074 0.122222 0.257407
0 0.123148 0.278704 0.098148 0.222222
0 0.07963 0.332407 0.105556 0.22037
0 0.432407 0.243519 0.175926 0.203704
0 0.290741 0.45 0.15 0.196296
0 0.312963 0.253704 0.185185 0.262963
0 0.138889 0.658333 0.174074 0.205556
0 0.157407 0.462963 0.181481 0.218519
1 0.637963 0.187037 0.085185 0.112963
1 0.453704 0.716667 0.114815 0.075926
1 0.314815 0.90463 0.105556 0.061111
1 0.278704 0.959259 0.114815 0.061111
1 0.196296 0.836111 0.064815 0.101852
1 0.142593 0.905556 0.062963 0.118519
