0 0.673148 0.157407 0.105556 0.238889
0 0.511111 0.35 0.096296 0.240741
0 0.416667 0.139815 0.185185 0.211111
0 0.427778 0.491667 0.109259 0.237037
0 0.164815 0.819444 0.092593 0.238889
1 0.909259 0.653704 0.094444 0.094444
1 0.678704 0.899074 0.059259 0.083333
1 0.100926 0.294444 0.037037 0.064815
0 0.240741 0.35463 0.112963 0.112963
1 0.058333 0.144444 0.075926 0.051852
1 0.101852 0.072222 0.072222 0.044444
1 0.134259 0.036111 0.072222 0.040741
1 0.283333 0.078704 0.046296 0.062963
1 0.231481 0.152778 0.062963 0.07963
1 0.19537 0.184259 0.044444 0.066667
1 0.163889 0.230556 0.05 0.061111
