0 0.918519 0.702778 0.094444 0.142593
0 0.84537 0.844444 0.109259 0.211111
1 0.101852 0.927778 0.072222 0.044444
1 0.134259 0.891667 0.072222 0.040741
1 0.193519 0.813889 0.090741 0.059259
1 0.269444 0.75 0.083333 0.059259
1 0.284259 0.699074 0.081481 0.046296
1 0.344444 0.625926 0.088889 0.051852
1 0.366667 0.588889 0.066667 0.037037
1 0.425926 0.522222 0.094444 0.059259
1 0.501852 0.45 0.083333 0.061111
1 0.524074 0.628704 0.05 0.081481
1 0.490741 0.667593 0.046296 0.072222
1 0.456481 0.702778 0.055556 0.07037
1 0.407407 0.777778 0.044444 0.062963
1 0.283333 0.934259 0.046296 0.062963
