0 0.403704 0.234259 0.140741 0.218519
1 0.498148 0.087963 0.103704 0.072222
1 0.216667 0.280556 0.07963 0.077778
1 0.266667 0.217593 0.046296 0.061111
1 0.339815 0.1 0.042593 0.105556
1 0.608333 0.309259 0.072222 0.107407
1 0.578704 0.362037 0.094444 0.094444
1 0.50463 0.440741 0.1 0.12037
1 0.455556 0.482407 0.064815 0.094444
1 0.417593 0.534259 0.061111 0.051852
1 0.390741 0.565741 0.077778 0.088889
1 0.191667 0.566667 0.087037 0.057407
1 0.12037 0.557407 0.044444 0.068519
1 0.184259 0.612963 0.105556 0.061111
1 0.152778 0.646296 0.088889 0.07037
1 0.351852 0.614815 0.07963 0.07037
1 0.326852 0.644444 0.068519 0.077778
1 0.725926 0.362963 0.074074 0.057407
1 0.701852 0.400926 0.088889 0.062963
1 0.653704 0.437963 0.105556 0.061111
1 0.627778 0.472222 0.087037 0.062963
1 0.606481 0.501852 0.096296 0.061111
1 0.598148 0.531481 0.085185 0.062963
1 0.577778 0.555556 0.090741 0.074074
1 0.536111 0.612963 0.07963 0.07963
1 0.496296 0.650926 0.107407 0.094444
