0 0.088889 0.472222 0.174074 0.181481
0 0.773148 0.27037 0.114815 0.207407
0 0.719444 0.30463 0.112963 0.214815
0 0.681481 0.360185 0.125926 0.207407
0 0.644444 0.407407 0.118519 0.216667
0 0.585185 0.484259 0.118519 0.218519
0 0.535185 0.531481 0.116667 0.218519
0 0.502778 0.618519 0.118519 0.22037
0 0.449074 0.663889 0.109259 0.218519
0 0.405556 0.803704 0.114815 0.231481
0 0.361111 0.838889 0.096296 0.203704
0 0.302778 0.857407 0.064815 0.109259
0 0.463889 0.271296 0.12963 0.138889
0 0.27963 0.513889 0.174074 0.240741
0 0.735185 0.490741 0.148148 0.183333
0 0.550926 0.751852 0.148148 0.227778
0 0.782407 0.628704 0.196296 0.240741
0 0.875 0.717593 0.168519 0.211111
1 0.218519 0.217593 0.072222 0.07963
1 0.107407 0.293519 0.072222 0.085185
1 0.053704 0.397222 0.064815 0.085185
1 0.587037 0.893519 0.103704 0.090741
1 0.672222 0.77963 0.064815 0.081481
1 0.952778 0.817593 0.081481 0.048148
1 0.843519 0.852778 0.053704 0.081481
1 0.934259 0.860185 0.107407 0.048148
1 0.925 0.897222 0.07037 0.051852
1 0.891667 0.92037 0.064815 0.074074
1 0.765741 0.850926 0.025926 0.068519
1 0.736111 0.880556 0.051852 0.074074
1 0.712037 0.918519 0.07963 0.088889
