0 0.925 0.741667 0.087037 0.224074
0 0.878704 0.752778 0.088889 0.222222
0 0.834259 0.797222 0.094444 0.212963
0 0.648148 0.705556 0.166667 0.155556
1 0.300926 0.887037 0.055556 0.088889
1 0.102778 0.931481 0.081481 0.033333
1 0.122222 0.897222 0.081481 0.038889
1 0.196296 0.818519 0.096296 0.057407
1 0.27037 0.70463 0.077778 0.040741
1 0.338889 0.628704 0.088889 0.044444
1 0.376852 0.580556 0.101852 0.053704
1 0.493519 0.457407 0.105556 0.07037
1 0.524074 0.418519 0.062963 0.057407
1 0.398148 0.786111 0.048148 0.059259
1 0.434259 0.756481 0.053704 0.081481
1 0.45463 0.717593 0.046296 0.068519
1 0.486111 0.663889 0.048148 0.061111
1 0.551852 0.601852 0.038889 0.085185
1 0.510185 0.539815 0.072222 0.07963
