0 0.946296 0.171296 0.07963 0.251852
0 0.905556 0.219444 0.085185 0.25
0 0.862037 0.27963 0.081481 0.248148
0 0.818519 0.326852 0.064815 0.242593
0 0.771296 0.400926 0.085185 0.248148
0 0.716667 0.444444 0.094444 0.25
0 0.688889 0.499074 0.077778 0.159259
0 0.640741 0.514815 0.085185 0.259259
0 0.410185 0.853704 0.07963 0.262963
0 0.698148 0.286111 0.192593 0.209259
0 0.823148 0.717593 0.216667 0.237037
0 0.538889 0.086111 0.116667 0.124074
0 0.496296 0.365741 0.196296 0.237037
0 0.474074 0.55 0.198148 0.251852
0 0.310185 0.77963 0.201852 0.235185
0 0.209259 0.216667 0.196296 0.240741
0 0.321296 0.348148 0.198148 0.244444
0 0.314815 0.589815 0.212963 0.207407
0 0.143519 0.569444 0.201852 0.237037
0 0.087963 0.161111 0.12963 0.087037
