0 0.803704 0.378704 0.207407 0.224074
0 0.602778 0.618519 0.192593 0.205556
0 0.685185 0.175 0.077778 0.135185
0 0.635185 0.202778 0.062963 0.138889
0 0.59537 0.251852 0.085185 0.225926
0 0.505556 0.349074 0.075926 0.187037
0 0.472222 0.42037 0.094444 0.224074
0 0.433333 0.473148 0.085185 0.22963
0 0.388889 0.512037 0.083333 0.244444
0 0.353704 0.57037 0.074074 0.231481
0 0.299074 0.606481 0.083333 0.224074
0 0.263889 0.672222 0.081481 0.222222
0 0.216667 0.763889 0.07963 0.157407
0 0.165741 0.80463 0.064815 0.192593
0 0.435185 0.837037 0.194444 0.214815
0 0.442593 0.260185 0.174074 0.201852
0 0.386111 0.174074 0.105556 0.12037
0 0.242593 0.359259 0.194444 0.203704
0 0.162037 0.624074 0.205556 0.244444
0 0.192593 0.176852 0.194444 0.209259
1 0.087037 0.071296 0.062963 0.061111
