0 0.857407 0.841667 0.07037 0.177778
0 0.885185 0.774074 0.103704 0.22963
0 0.932407 0.713889 0.101852 0.231481
0 0.693519 0.769444 0.209259 0.231481
1 0.436111 0.75463 0.074074 0.122222
1 0.537963 0.850926 0.085185 0.12963
1 0.662037 0.430556 0.114815 0.088889
1 0.424074 0.52037 0.098148 0.051852
1 0.383333 0.591667 0.077778 0.051852
1 0.283333 0.707407 0.077778 0.051852
1 0.15 0.85463 0.088889 0.046296
1 0.105556 0.931481 0.081481 0.048148
1 0.553704 0.610185 0.048148 0.085185
1 0.512963 0.634259 0.057407 0.064815
1 0.481481 0.663889 0.061111 0.062963
