0 0.22037 0.146296 0.105556 0.224074
0 0.169444 0.188889 0.112963 0.266667
0 0.133333 0.285185 0.125926 0.262963
0 0.069444 0.283333 0.094444 0.146296
0 0.283333 0.264815 0.174074 0.235185
0 0.353704 0.334259 0.209259 0.22963
0 0.2 0.609259 0.161111 0.227778
0 0.050926 0.687963 0.077778 0.146296
1 0.925 0.041667 0.07037 0.051852
1 0.891667 0.064815 0.064815 0.074074
1 0.831481 0.143519 0.090741 0.074074
1 0.712037 0.062963 0.07963 0.088889
1 0.632407 0.174074 0.057407 0.07037
1 0.606481 0.209259 0.087037 0.085185
1 0.803704 0.216667 0.068519 0.055556
1 0.774074 0.264815 0.085185 0.057407
1 0.747222 0.293519 0.098148 0.068519
1 0.625926 0.449074 0.072222 0.046296
1 0.514815 0.366667 0.048148 0.081481
1 0.587963 0.501852 0.087037 0.038889
1 0.536111 0.599074 0.105556 0.048148
1 0.512037 0.638889 0.077778 0.048148
1 0.453704 0.674074 0.074074 0.042593
1 0.452778 0.722222 0.096296 0.057407
1 0.424074 0.756481 0.068519 0.046296
1 0.398148 0.79537 0.081481 0.057407
1 0.371296 0.831481 0.088889 0.068519
1 0.351852 0.871296 0.098148 0.048148
1 0.325926 0.90463 0.094444 0.057407
1 0.307407 0.952778 0.085185 0.051852
1 0.474074 0.393519 0.053704 0.081481
1 0.455556 0.438889 0.062963 0.094444
1 0.428704 0.475 0.048148 0.088889
1 0.407407 0.514815 0.072222 0.098148
1 0.375 0.553704 0.062963 0.090741
1 0.340741 0.705556 0.064815 0.081481
1 0.271296 0.840741 0.064815 0.077778
1 0.187963 0.827778 0.048148 0.061111
1 0.158333 0.867593 0.064815 0.074074
1 0.118519 0.893519 0.038889 0.046296
