0 0.35 0.115741 0.17963 0.207407
0 0.300926 0.846296 0.087037 0.205556
0 0.35 0.808333 0.122222 0.251852
0 0.384259 0.712037 0.114815 0.235185
0 0.443519 0.649074 0.114815 0.248148
0 0.5 0.636111 0.12037 0.235185
0 0.537963 0.537963 0.114815 0.233333
0 0.567593 0.481481 0.122222 0.233333
0 0.630556 0.421296 0.148148 0.255556
0 0.677778 0.362037 0.114815 0.222222
0 0.716667 0.303704 0.127778 0.22963
0 0.401852 0.315741 0.17037 0.233333
0 0.199074 0.614815 0.1 0.116667
0 0.716667 0.682407 0.174074 0.218519
0 0.490741 0.812963 0.1 0.12963
0 0.580556 0.868519 0.096296 0.103704
1 0.131481 0.332407 0.055556 0.074074
1 0.95 0.822222 0.074074 0.037037
1 0.930556 0.860185 0.077778 0.05
1 0.893519 0.934259 0.081481 0.042593
1 0.862037 0.963889 0.077778 0.035185
1 0.752778 0.864815 0.046296 0.066667
1 0.780556 0.825926 0.037037 0.059259
1 0.712963 0.949074 0.046296 0.075926
