0 0.75 0.262963 0.118519 0.218519
0 0.712037 0.32037 0.118519 0.216667
0 0.666667 0.364815 0.105556 0.216667
0 0.634259 0.424074 0.101852 0.22037
0 0.566667 0.501852 0.109259 0.203704
0 0.534259 0.551852 0.107407 0.225926
0 0.488889 0.611111 0.112963 0.225926
0 0.448148 0.664815 0.118519 0.212963
0 0.39537 0.753704 0.114815 0.246296
0 0.352778 0.835185 0.118519 0.214815
0 0.441667 0.281481 0.144444 0.192593
0 0.292593 0.477778 0.168519 0.198148
0 0.152778 0.67963 0.17037 0.203704
0 0.518519 0.769444 0.209259 0.212963
0 0.783333 0.42963 0.155556 0.2
0 0.925926 0.225926 0.146296 0.187037
0 0.838889 0.541667 0.151852 0.192593
0 0.694444 0.737963 0.15 0.194444
0 0.775 0.848148 0.161111 0.196296
