0 0.075 0.352778 0.111111 0.259259
0 0.127778 0.299074 0.105556 0.261111
0 0.162963 0.2 0.125926 0.262963
0 0.215741 0.159259 0.125926 0.227778
0 0.265741 0.086111 0.072222 0.094444
0 0.486111 0.175 0.174074 0.212963
1 0.739815 0.033333 0.059259 0.062963
1 0.710185 0.058333 0.062963 0.085185
1 0.635185 0.164815 0.059259 0.07963
1 0.587037 0.250926 0.059259 0.07037
1 0.515741 0.378704 0.061111 0.088889
1 0.456481 0.439815 0.055556 0.081481
1 0.431481 0.482407 0.055556 0.081481
1 0.37963 0.551852 0.062963 0.07037
1 0.350926 0.598148 0.061111 0.07037
1 0.323148 0.62037 0.053704 0.083333
1 0.293519 0.662037 0.062963 0.07037
1 0.271296 0.696296 0.055556 0.074074
0 0.135185 0.905556 0.074074 0.124074
1 0.913889 0.041667 0.081481 0.046296
1 0.899074 0.076852 0.07037 0.05
1 0.872222 0.107407 0.085185 0.037037
1 0.836111 0.15 0.094444 0.035185
1 0.82037 0.181481 0.066667 0.05
1 0.798148 0.22037 0.061111 0.05
1 0.777778 0.262963 0.074074 0.033333
1 0.742593 0.298148 0.075926 0.053704
1 0.713889 0.337963 0.083333 0.051852
1 0.556481 0.561111 0.083333 0.061111
1 0.535185 0.599074 0.090741 0.053704
1 0.505556 0.628704 0.094444 0.05
1 0.474074 0.673148 0.083333 0.051852
1 0.47037 0.716667 0.07037 0.042593
1 0.418519 0.767593 0.072222 0.053704
1 0.402778 0.789815 0.090741 0.055556
1 0.369444 0.831481 0.088889 0.05
1 0.349074 0.875926 0.083333 0.051852
1 0.280556 0.952778 0.088889 0.053704
