0 0.175926 0.112963 0.103704 0.15
0 0.1 0.275 0.12037 0.22037
0 0.153704 0.587963 0.17037 0.183333
1 0.698148 0.072222 0.059259 0.064815
1 0.797222 0.175926 0.087037 0.061111
1 0.853704 0.115741 0.075926 0.044444
1 0.719444 0.289815 0.092593 0.046296
1 0.69537 0.343519 0.087037 0.064815
1 0.50463 0.122222 0.081481 0.081481
1 0.555556 0.257407 0.055556 0.075926
1 0.607407 0.251852 0.064815 0.081481
1 0.621296 0.181481 0.057407 0.087037
1 0.488889 0.378704 0.064815 0.07037
1 0.541667 0.552778 0.096296 0.055556
1 0.522222 0.596296 0.077778 0.038889
1 0.485185 0.636111 0.085185 0.046296
1 0.452778 0.677778 0.090741 0.05
1 0.437037 0.72037 0.072222 0.048148
1 0.405556 0.757407 0.096296 0.055556
1 0.430556 0.437037 0.053704 0.064815
1 0.307407 0.636111 0.057407 0.072222
1 0.328704 0.582407 0.059259 0.055556
1 0.351852 0.556481 0.072222 0.07963
1 0.382407 0.528704 0.07963 0.090741
1 0.401852 0.484259 0.083333 0.077778
1 0.287963 0.705556 0.053704 0.075926
1 0.148148 0.87963 0.085185 0.074074
1 0.165741 0.842593 0.074074 0.085185
1 0.200926 0.790741 0.053704 0.087037
1 0.228704 0.747222 0.057407 0.087037
1 0.249074 0.706481 0.062963 0.088889
1 0.089815 0.934259 0.051852 0.083333
1 0.35463 0.832407 0.083333 0.055556
1 0.317593 0.910185 0.098148 0.044444
1 0.324074 0.349074 0.122222 0.107407
1 0.250926 0.442593 0.127778 0.118519
