0 0.510185 0.351852 0.085185 0.225926
0 0.468519 0.396296 0.090741 0.231481
0 0.418519 0.462037 0.096296 0.242593
0 0.15 0.786111 0.098148 0.238889
0 0.27037 0.328704 0.15 0.157407
1 0.89537 0.696296 0.07963 0.088889
1 0.733333 0.809259 0.1 0.07037
1 0.739815 0.912037 0.1 0.072222
1 0.360185 0.17963 0.046296 0.072222
1 0.096296 0.287963 0.057407 0.088889
1 0.15463 0.225 0.05 0.07037
1 0.190741 0.182407 0.05 0.061111
1 0.215741 0.148148 0.057407 0.07963
1 0.102778 0.075926 0.081481 0.033333
1 0.122222 0.041667 0.081481 0.038889
