0 0.265741 0.941667 0.072222 0.094444
0 0.306481 0.859259 0.122222 0.253704
0 0.335185 0.800926 0.111111 0.251852
0 0.4 0.734259 0.109259 0.231481
0 0.586111 0.516667 0.12037 0.22963
0 0.638889 0.430556 0.111111 0.212963
0 0.761111 0.252778 0.112963 0.222222
0 0.934259 0.194444 0.075926 0.211111
0 0.626852 0.697222 0.174074 0.212963
0 0.496296 0.213889 0.168519 0.194444
0 0.340741 0.446296 0.181481 0.212963
1 0.398148 0.063889 0.053704 0.066667
1 0.95 0.608333 0.062963 0.075926
1 0.812963 0.789815 0.062963 0.061111
1 0.786111 0.82037 0.062963 0.072222
1 0.767593 0.858333 0.062963 0.07963
1 0.739815 0.888889 0.059259 0.062963
1 0.710185 0.913889 0.062963 0.085185
1 0.869444 0.716667 0.061111 0.07963
1 0.9 0.67037 0.059259 0.066667
1 0.84537 0.735185 0.066667 0.083333
1 0.646296 0.789815 0.094444 0.092593
1 0.936111 0.855556 0.090741 0.046296
1 0.913889 0.897222 0.081481 0.046296
1 0.899074 0.932407 0.07037 0.05
1 0.872222 0.962963 0.085185 0.037037
