0 0.075926 0.356481 0.111111 0.231481
0 0.113889 0.273148 0.111111 0.235185
0 0.162963 0.226852 0.107407 0.248148
0 0.209259 0.162037 0.12963 0.231481
0 0.243519 0.501852 0.198148 0.233333
0 0.099074 0.692593 0.137037 0.174074
0 0.462037 0.177778 0.187037 0.218519
1 0.893519 0.078704 0.081481 0.042593
1 0.862037 0.108333 0.077778 0.035185
1 0.843519 0.148148 0.075926 0.048148
1 0.82037 0.185185 0.062963 0.037037
1 0.773148 0.224074 0.068519 0.044444
1 0.725 0.287963 0.131481 0.057407
1 0.712963 0.093519 0.046296 0.075926
1 0.62963 0.173148 0.053704 0.072222
1 0.607407 0.222222 0.061111 0.072222
1 0.567593 0.257407 0.059259 0.072222
1 0.500926 0.37037 0.066667 0.068519
1 0.402778 0.509259 0.053704 0.068519
1 0.365741 0.537037 0.042593 0.07963
1 0.346296 0.601852 0.057407 0.066667
1 0.555556 0.563889 0.092593 0.046296
1 0.52963 0.598148 0.068519 0.033333
1 0.506481 0.636111 0.064815 0.046296
1 0.476852 0.67963 0.077778 0.037037
1 0.453704 0.717593 0.092593 0.042593
1 0.333333 0.873148 0.094444 0.048148
1 0.310185 0.912963 0.087037 0.05
