0 0.688889 0.160185 0.072222 0.214815
0 0.649074 0.208333 0.07963 0.231481
0 0.600926 0.242593 0.087037 0.224074
0 0.507407 0.335185 0.074074 0.224074
0 0.47037 0.409259 0.077778 0.268519
0 0.434259 0.459259 0.074074 0.216667
0 0.393519 0.5 0.07963 0.259259
0 0.35 0.557407 0.090741 0.224074
0 0.303704 0.612037 0.07963 0.238889
0 0.266667 0.682407 0.081481 0.235185
0 0.221296 0.716667 0.07963 0.242593
0 0.172222 0.778704 0.077778 0.244444
0 0.571296 0.101852 0.201852 0.185185
0 0.419444 0.125 0.183333 0.201852
0 0.14537 0.263889 0.068519 0.098148
0 0.119444 0.088889 0.166667 0.175926
0 0.259259 0.311111 0.196296 0.227778
0 0.384259 0.321296 0.198148 0.209259
0 0.221296 0.531481 0.201852 0.198148
0 0.107407 0.525 0.181481 0.205556
0 0.781481 0.401852 0.172222 0.198148
0 0.6 0.626852 0.188889 0.211111
0 0.450926 0.836111 0.185185 0.222222
