0 0.459259 0.257407 0.161111 0.192593
0 0.322222 0.449074 0.153704 0.190741
0 0.759259 0.236111 0.081481 0.124074
0 0.714815 0.288889 0.116667 0.2
0 0.682407 0.375926 0.112963 0.222222
0 0.642593 0.432407 0.116667 0.198148
0 0.584259 0.475 0.112963 0.203704
0 0.551852 0.561111 0.12037 0.238889
0 0.50463 0.635185 0.098148 0.218519
0 0.881481 0.457407 0.151852 0.194444
0 0.137037 0.706481 0.185185 0.224074
0 0.452778 0.678704 0.096296 0.211111
0 0.391667 0.746296 0.105556 0.211111
0 0.349074 0.790741 0.101852 0.214815
0 0.725926 0.691667 0.15 0.190741
0 0.660185 0.667593 0.157407 0.198148
0 0.475926 0.847222 0.151852 0.183333
0 0.587037 0.886111 0.155556 0.198148
