0 0.180556 0.80463 0.085185 0.255556
0 0.263889 0.675926 0.107407 0.277778
0 0.352778 0.577778 0.103704 0.277778
0 0.436111 0.471296 0.081481 0.198148
0 0.52037 0.37037 0.096296 0.233333
0 0.646296 0.216667 0.101852 0.227778
0 0.088889 0.551852 0.166667 0.183333
0 0.653704 0.561111 0.138889 0.151852
1 0.762963 0.772222 0.094444 0.114815
1 0.765741 0.430556 0.098148 0.12037
1 0.927778 0.640741 0.081481 0.098148
1 0.10463 0.293519 0.064815 0.077778
1 0.162037 0.228704 0.064815 0.074074
1 0.210185 0.162037 0.053704 0.107407
1 0.244444 0.122222 0.051852 0.085185
1 0.105556 0.075926 0.081481 0.048148
