0 0.344444 0.573148 0.181481 0.216667
0 0.142593 0.85 0.207407 0.227778
1 0.373148 0.090741 0.085185 0.053704
1 0.37037 0.135185 0.088889 0.053704
1 0.358333 0.17037 0.105556 0.031481
1 0.341667 0.198148 0.1 0.046296
1 0.508333 0.401852 0.112963 0.055556
1 0.912963 0.251852 0.074074 0.07037
1 0.856481 0.32963 0.074074 0.059259
1 0.962037 0.362963 0.068519 0.072222
1 0.666667 0.573148 0.064815 0.066667
1 0.481481 0.743519 0.088889 0.094444
1 0.761111 0.807407 0.074074 0.085185
0 0.869444 0.157407 0.088889 0.090741
