0 0.144444 0.284259 0.211111 0.246296
0 0.15 0.867593 0.125926 0.133333
0 0.557407 0.567593 0.183333 0.22963
0 0.602778 0.212963 0.155556 0.227778
0 0.849074 0.163889 0.174074 0.22037
0 0.884259 0.503704 0.074074 0.35
0 0.737037 0.327778 0.068519 0.133333
0 0.816667 0.607407 0.125926 0.244444
0 0.756481 0.675926 0.127778 0.238889
0 0.728704 0.753704 0.118519 0.251852
0 0.672222 0.815741 0.114815 0.233333
0 0.625 0.884259 0.101852 0.17037
0 0.897222 0.755556 0.140741 0.22037
1 0.085185 0.776852 0.074074 0.087037
1 0.147222 0.607407 0.088889 0.103704
1 0.271296 0.552778 0.096296 0.094444
1 0.25 0.271296 0.081481 0.07963
1 0.637037 0.048148 0.064815 0.088889
