1 0.802093 0.023674 0.008648 0.012603
1 0.797336 0.024787 0.011242 0.013344
1 0.790634 0.021821 0.007351 0.017792
1 0.780257 0.020709 0.005621 0.011120
1 0.767069 0.027011 0.007783 0.010379
1 0.773339 0.032941 0.006486 0.014827
1 0.777230 0.035536 0.009080 0.015568
1 0.780041 0.038502 0.009513 0.014086
1 0.785878 0.040726 0.008216 0.015568
1 0.789337 0.043320 0.012539 0.014827
1 0.796039 0.043691 0.008648 0.020017
1 0.800147 0.045544 0.008216 0.014827
1 0.807282 0.048510 0.007783 0.019275
1 0.815281 0.046656 0.011675 0.020017
1 0.824361 0.044432 0.012539 0.012603
1 0.830631 0.043691 0.013837 0.014086
1 0.835387 0.032571 0.011242 0.012603
1 0.841657 0.027381 0.015134 0.008155
1 0.841008 0.024787 0.012107 0.019275
1 0.847710 0.020338 0.015999 0.007414
1 0.842522 0.007365 0.007351 0.008155
1 0.815065 0.083724 0.010377 0.021499
0 0.771177 0.131171 0.014269 0.033361
0 0.744368 0.175281 0.012539 0.020758
1 0.747179 0.048880 0.009513 0.017051
1 0.745017 0.009218 0.012107 0.017792
1 0.732477 0.014408 0.016431 0.013344
0 0.567518 0.043320 0.026376 0.050412
0 0.541575 0.124128 0.022917 0.044481
0 0.533575 0.121162 0.023349 0.042998
0 0.526225 0.163419 0.017296 0.044481
0 0.519955 0.156377 0.021187 0.043740
0 0.513902 0.156377 0.023782 0.046705
0 0.508497 0.151558 0.025944 0.047447
0 0.500713 0.153040 0.022485 0.038550
0 0.494228 0.150816 0.024214 0.040033
0 0.486661 0.148222 0.022917 0.039292
0 0.482769 0.141920 0.023782 0.040033
0 0.470446 0.137472 0.025079 0.044481
0 0.455961 0.133024 0.023782 0.042998
0 0.451420 0.129688 0.028538 0.046705
0 0.442773 0.128946 0.021620 0.042257
0 0.436935 0.127834 0.029835 0.041516
0 0.426342 0.122274 0.018161 0.022982
0 0.431530 0.072233 0.021620 0.028171
0 0.442340 0.051846 0.029403 0.036326
0 0.462014 0.019807 0.017728 0.039614
0 0.448826 0.017953 0.025079 0.035906
0 0.382237 0.105594 0.012972 0.032619
0 0.375103 0.103741 0.012539 0.033361
1 0.321270 0.138584 0.010377 0.014086
1 0.306568 0.150075 0.012107 0.016310
1 0.285813 0.147110 0.007783 0.020758
1 0.269382 0.176022 0.011242 0.019275
1 0.293164 0.187513 0.007783 0.018534
1 0.284732 0.219391 0.015134 0.015568
1 0.259653 0.211237 0.009080 0.017051
1 0.266139 0.207159 0.011675 0.017792
1 0.274355 0.201599 0.011675 0.015568
1 0.188957 0.147110 0.013837 0.014827
1 0.185497 0.121162 0.006918 0.016310
1 0.158257 0.119309 0.009513 0.018534
0 0.081867 0.134507 0.023349 0.051895
0 0.183696 0.323922 0.016863 0.027430
0 0.167913 0.324293 0.012107 0.022241
1 0.161644 0.328370 0.008216 0.012603
1 0.151050 0.319845 0.009513 0.016310
1 0.140240 0.322810 0.010377 0.017792
1 0.124674 0.322810 0.012107 0.019275
1 0.117756 0.321698 0.010377 0.015568
0 0.102838 0.323551 0.018593 0.023723
0 0.088785 0.321327 0.021620 0.023723
1 0.081651 0.352464 0.011675 0.019275
0 0.096568 0.356171 0.016431 0.011862
0 0.134835 0.353947 0.015134 0.022241
1 0.145645 0.342085 0.015999 0.016310
1 0.195587 0.340973 0.017296 0.014086
1 0.252879 0.337637 0.014269 0.010379
1 0.253311 0.356912 0.012539 0.019275
0 0.245961 0.356171 0.015134 0.023723
1 0.240556 0.356171 0.013837 0.011862
1 0.232773 0.358024 0.010377 0.018534
1 0.225854 0.356542 0.012972 0.014086
1 0.221963 0.356171 0.012972 0.017792
1 0.212882 0.358395 0.012107 0.013344
1 0.208126 0.358024 0.011242 0.018534
1 0.201208 0.356912 0.011242 0.017792
1 0.185642 0.356912 0.011242 0.019275
1 0.178939 0.357654 0.013404 0.017792
1 0.172886 0.356912 0.013404 0.016310
1 0.167481 0.354318 0.012972 0.015568
1 0.160130 0.357654 0.013837 0.016310
1 0.153428 0.357283 0.012539 0.017051
1 0.091812 0.373963 0.010377 0.017792
1 0.101325 0.373222 0.017296 0.016310
1 0.116891 0.375446 0.014701 0.017792
1 0.144780 0.374705 0.012539 0.019275
1 0.160346 0.375446 0.010810 0.017792
1 0.178291 0.377670 0.012972 0.022241
1 0.182831 0.376929 0.017728 0.014827
1 0.204018 0.378041 0.014269 0.021499
1 0.212882 0.374334 0.017296 0.024465
1 0.233637 0.377299 0.013837 0.021499
1 0.245961 0.380636 0.009945 0.022241
1 0.077759 0.406212 0.022917 0.024465
1 0.119701 0.407324 0.010810 0.019275
0 0.141321 0.408807 0.020323 0.029654
1 0.156671 0.409548 0.012107 0.023723
0 0.185858 0.409178 0.017728 0.027430
0 0.204235 0.411772 0.013837 0.028171
0 0.243583 0.413626 0.019890 0.024465
0 0.344763 0.380636 0.016431 0.025206
1 0.301307 0.392868 0.013404 0.017051
0 0.352546 0.444021 0.045834 0.017051
1 0.282714 0.415108 0.009945 0.022982
1 0.289416 0.414738 0.009513 0.019275
1 0.297200 0.415108 0.010377 0.021499
1 0.302821 0.414367 0.010377 0.022982
1 0.309523 0.415108 0.009080 0.018534
1 0.321197 0.413626 0.011675 0.020017
1 0.333305 0.411772 0.010810 0.019275
1 0.350168 0.413996 0.010810 0.020758
1 0.356870 0.413255 0.012107 0.019275
1 0.377193 0.418074 0.010377 0.017051
1 0.381517 0.415479 0.013837 0.017792
1 0.394705 0.415108 0.012539 0.015568
1 0.402920 0.416220 0.015999 0.022241
1 0.432107 0.407324 0.013837 0.019275
1 0.430377 0.473305 0.007783 0.017792
1 0.314928 0.379523 0.013837 0.018534
1 0.323143 0.376929 0.009513 0.014827
1 0.328116 0.379153 0.007351 0.017792
1 0.336980 0.378041 0.009513 0.020017
1 0.363788 0.377299 0.010377 0.017051
1 0.368977 0.378782 0.008648 0.018534
1 0.377409 0.377670 0.010810 0.013344
1 0.383679 0.379894 0.009513 0.016310
1 0.409190 0.345051 0.015566 0.013344
1 0.399245 0.362102 0.007783 0.014827
1 0.393840 0.360248 0.009080 0.020017
1 0.387138 0.360619 0.011242 0.019275
1 0.381949 0.361360 0.011242 0.016310
1 0.375031 0.360619 0.010377 0.014827
1 0.369193 0.359878 0.009945 0.016310
1 0.360978 0.361360 0.012539 0.016310
1 0.352978 0.360619 0.012107 0.014827
1 0.338061 0.360990 0.010810 0.017051
1 0.333737 0.358024 0.010810 0.017051
1 0.326602 0.358024 0.010377 0.018534
1 0.321414 0.356171 0.011242 0.017792
1 0.314928 0.357283 0.010377 0.018534
1 0.307793 0.357283 0.011675 0.017051
1 0.369626 0.343939 0.019458 0.011120
1 0.371355 0.329853 0.010810 0.020017
1 0.386489 0.329112 0.009080 0.024465
1 0.394272 0.330965 0.009080 0.020758
1 0.399029 0.326146 0.014269 0.021499
1 0.391245 0.571657 0.014269 0.014827
1 0.374814 0.572769 0.021187 0.012603
1 0.437728 0.583890 0.013837 0.012603
1 0.342817 0.592415 0.020323 0.014827
1 0.404001 0.640603 0.012107 0.014827
1 0.340223 0.624664 0.015999 0.012603
1 0.309307 0.638379 0.016431 0.020758
1 0.257203 0.650611 0.023782 0.021499
1 0.217206 0.621328 0.022485 0.019275
1 0.425188 0.653206 0.014701 0.017792
1 0.433620 0.625035 0.020323 0.017792
1 0.478373 0.656542 0.024214 0.021499
1 0.518802 0.646904 0.022917 0.021499
1 0.605065 0.467868 0.015566 0.014827
1 0.572851 0.498263 0.014269 0.013344
1 0.557501 0.504936 0.016431 0.020758
1 0.569176 0.530883 0.013837 0.010379
1 0.562041 0.452670 0.010810 0.022982
1 0.556637 0.455636 0.012972 0.021499
1 0.551664 0.455636 0.015999 0.021499
1 0.545178 0.458972 0.013404 0.019275
1 0.538908 0.460084 0.012107 0.014086
1 0.577608 0.387802 0.011675 0.020758
1 0.565717 0.391879 0.012107 0.024465
1 0.554691 0.390767 0.008216 0.017792
1 0.549934 0.390767 0.010810 0.023723
1 0.592093 0.311072 0.013837 0.022982
1 0.614361 0.346657 0.013404 0.018534
0 0.589499 0.342579 0.044104 0.028171
1 0.674248 0.372604 0.014701 0.020017
0 0.689166 0.383354 0.014269 0.017792
0 0.700192 0.400776 0.021620 0.025947
0 0.720947 0.429318 0.031997 0.060791
0 0.682680 0.425982 0.015999 0.018534
0 0.604849 0.520504 0.045401 0.022241
0 0.650034 0.520504 0.040645 0.026689
1 0.665816 0.465273 0.018593 0.014086
1 0.665600 0.478247 0.018161 0.008896
1 0.680950 0.484548 0.015134 0.015568
1 0.700624 0.453412 0.013837 0.021499
1 0.727000 0.467127 0.014701 0.013344
1 0.749269 0.477506 0.012539 0.016310
0 0.730027 0.493445 0.038051 0.030395
0 0.699327 0.498634 0.042375 0.021499
0 0.700624 0.519763 0.039780 0.017792
0 0.701273 0.531624 0.041078 0.023723
1 0.659979 0.579071 0.015566 0.019275
1 0.737161 0.595380 0.019458 0.014827
1 0.575230 0.629853 0.019025 0.018534
1 0.669492 0.636896 0.020755 0.023723
1 0.736513 0.641715 0.019025 0.017051
1 0.706894 0.668774 0.022052 0.016310
1 0.656520 0.648758 0.015566 0.016310
1 0.645710 0.661361 0.014701 0.025206
1 0.783860 0.405594 0.017728 0.020758
1 0.866231 0.331459 0.016431 0.014827
0 0.977141 0.312184 0.028106 0.028171
0 0.894769 0.322934 0.033727 0.018534
0 0.840288 0.338131 0.042375 0.022241
0 0.802669 0.341097 0.044969 0.028171
0 0.808074 0.415973 0.043672 0.014827
0 0.849584 0.414120 0.040213 0.021499
0 0.885257 0.376682 0.016431 0.025206
0 0.888284 0.405965 0.039780 0.018534
0 0.937360 0.399664 0.043672 0.020758
0 0.851746 0.368527 0.022917 0.053377
0 0.866448 0.358148 0.023782 0.048929
0 0.874879 0.359631 0.026808 0.050412
0 0.886986 0.353329 0.018161 0.033361
0 0.895850 0.352958 0.022917 0.047447
0 0.904931 0.357777 0.022052 0.046705
0 0.921146 0.353329 0.028538 0.048188
0 0.931523 0.351105 0.025944 0.048188
0 0.942117 0.346286 0.023782 0.056343
0 0.953359 0.345545 0.021187 0.048929
0 0.966115 0.338873 0.019025 0.032619
0 0.972601 0.344804 0.031997 0.053377
0 0.858016 0.533107 0.044969 0.028171
0 0.904715 0.532736 0.039780 0.040774
0 0.947522 0.533848 0.045834 0.026689
0 0.987525 0.536072 0.024949 0.029654
1 0.943270 0.594268 0.019458 0.021499
0 0.829550 0.445998 0.038483 0.042257
0 0.840576 0.445257 0.038916 0.046705
0 0.853764 0.445998 0.041078 0.048188
0 0.871925 0.435619 0.042807 0.052636
0 0.881870 0.438214 0.042807 0.051895
0 0.894193 0.437102 0.042375 0.049671
0 0.910624 0.432283 0.042375 0.050412
0 0.923596 0.428947 0.039780 0.052636
0 0.928785 0.425982 0.042375 0.049671
0 0.944783 0.431171 0.043240 0.045222
0 0.953863 0.430800 0.040645 0.044481
0 0.961430 0.421533 0.040213 0.048188
0 0.973970 0.425240 0.040213 0.051153
1 0.901111 0.681007 0.018161 0.020017
1 0.962728 0.653577 0.018593 0.021499
1 0.997903 0.677300 0.004194 0.021499
1 0.891599 0.779977 0.016431 0.031137
1 0.898517 0.872646 0.016431 0.026689
1 0.781122 0.958272 0.018593 0.018534
1 0.779608 0.976806 0.011242 0.020017
1 0.716479 0.974953 0.012972 0.028171
1 0.712587 0.952712 0.016431 0.014827
1 0.703939 0.971617 0.014701 0.021499
1 0.684265 0.974211 0.015999 0.026689
1 0.667834 0.976065 0.011675 0.025947
1 0.661132 0.978289 0.010377 0.022982
1 0.654646 0.973470 0.017296 0.032619
1 0.645133 0.977547 0.014701 0.030395
0 0.679509 0.856336 0.022052 0.031137
0 0.703291 0.921575 0.033294 0.041516
0 0.721019 0.916386 0.017728 0.031137
0 0.712371 0.894145 0.030700 0.038550
1 0.715181 0.864121 0.014701 0.022982
0 0.695940 0.857448 0.037618 0.065980
0 0.732910 0.918981 0.033727 0.060050
0 0.755610 0.923058 0.041078 0.065239
0 0.773122 0.923058 0.044104 0.063756
0 0.792580 0.926024 0.034592 0.059308
0 0.726640 0.852630 0.041942 0.051895
0 0.750638 0.854112 0.025079 0.042998
0 0.763826 0.855966 0.024647 0.042257
1 0.779608 0.864491 0.017296 0.028171
0 0.792364 0.853371 0.041942 0.062274
0 0.799498 0.849664 0.019025 0.034102
0 0.586111 0.967169 0.041078 0.031878
1 0.549574 0.971987 0.014701 0.026689
1 0.505470 0.949005 0.015566 0.019275
1 0.457690 0.946781 0.015134 0.014827
1 0.420288 0.944928 0.018161 0.018534
1 0.392398 0.943075 0.015134 0.017792
1 0.316297 0.943816 0.018593 0.020758
1 0.321918 0.963832 0.012539 0.023723
1 0.329053 0.965315 0.012972 0.022241
1 0.335322 0.964203 0.014269 0.024465
1 0.343105 0.965686 0.013404 0.020017
1 0.350456 0.967169 0.013404 0.027430
1 0.358239 0.964574 0.011675 0.038550
1 0.367536 0.966057 0.012972 0.023723
1 0.374454 0.966057 0.011242 0.023723
1 0.382886 0.966798 0.014269 0.022241
1 0.391318 0.966057 0.011242 0.020758
1 0.399749 0.967539 0.013404 0.023723
1 0.407100 0.966798 0.011675 0.022241
1 0.412721 0.964945 0.013404 0.024465
1 0.296407 0.921575 0.016863 0.026689
1 0.179012 0.929360 0.012972 0.021499
1 0.203874 0.910084 0.015134 0.015568
1 0.204955 0.877465 0.018161 0.024465
1 0.082371 0.784425 0.018593 0.019275
1 0.096856 0.771452 0.016431 0.020017
1 0.070480 0.705101 0.017296 0.017792
1 0.083236 0.834467 0.019458 0.037809
1 0.144852 0.789985 0.012972 0.021499
1 0.142474 0.813709 0.010810 0.031878
1 0.150041 0.817045 0.008648 0.028171
1 0.158040 0.815562 0.012539 0.028171
1 0.166256 0.813338 0.011675 0.031137
1 0.175336 0.817045 0.010810 0.031137
1 0.181606 0.817415 0.010377 0.027430
1 0.188740 0.821493 0.009945 0.037068
1 0.197605 0.796658 0.017296 0.015568
1 0.198037 0.789615 0.019890 0.014827
1 0.199118 0.777753 0.018593 0.017792
0 0.168202 0.741798 0.052752 0.043740
0 0.232196 0.782943 0.040645 0.054860
0 0.091452 0.694722 0.054049 0.029654
0 0.157176 0.698428 0.035024 0.023723
0 0.071129 0.734013 0.047996 0.022241
0 0.020034 0.860414 0.034592 0.054119
0 0.003315 0.823346 0.006630 0.018534
0 0.003171 0.789985 0.000000 0.000741
1 0.028034 0.708066 0.018593 0.020758
1 0.187587 0.648758 0.017728 0.017792
1 0.155806 0.618733 0.019025 0.024465
1 0.184561 0.560537 0.017728 0.020758
1 0.159265 0.528659 0.015566 0.014827
1 0.048572 0.559796 0.025079 0.019275
1 0.048140 0.616138 0.019890 0.020758
1 0.002666 0.570916 0.005332 0.016310
1 0.336980 0.919722 0.012107 0.021499
1 0.344331 0.917869 0.009513 0.017792
1 0.348871 0.921205 0.015134 0.027430
1 0.359464 0.914903 0.009513 0.019275
1 0.366167 0.917869 0.015134 0.022241
1 0.373301 0.917498 0.012972 0.022982
1 0.391678 0.920834 0.011675 0.022241
0 0.384327 0.916386 0.017728 0.037068
1 0.400326 0.918981 0.016863 0.028913
1 0.407460 0.921946 0.014701 0.022982
1 0.415892 0.920834 0.015134 0.025206
1 0.423026 0.918981 0.013837 0.022982
1 0.430377 0.918981 0.013837 0.022982
1 0.437079 0.922687 0.013404 0.021499
1 0.446376 0.920093 0.008648 0.017792
1 0.454591 0.921946 0.014701 0.025947
1 0.461077 0.923058 0.012107 0.020758
1 0.467563 0.927877 0.014701 0.027430
1 0.507560 0.926024 0.012539 0.020758
1 0.516424 0.924541 0.011242 0.023723
1 0.527450 0.925653 0.013404 0.027430
1 0.546259 0.927136 0.012972 0.022982
1 0.564420 0.926765 0.012972 0.028171
1 0.573500 0.928248 0.009513 0.019275
1 0.581499 0.923429 0.012539 0.025947
1 0.588418 0.925653 0.014269 0.022982
1 0.596633 0.927506 0.009945 0.020758
1 0.603768 0.926024 0.013837 0.028171
1 0.611118 0.927506 0.012972 0.028171
1 0.627766 0.927877 0.010810 0.022982
0 0.616739 0.864121 0.025079 0.031878
1 0.599660 0.862638 0.014269 0.028913
1 0.568527 0.863750 0.013404 0.029654
1 0.547989 0.861897 0.016431 0.025947
0 0.522045 0.858560 0.019890 0.025206
1 0.509506 0.858560 0.009513 0.011862
1 0.481400 0.859302 0.010377 0.023723
1 0.468644 0.859673 0.015134 0.021499
1 0.453294 0.860043 0.012972 0.025206
1 0.394921 0.852630 0.014701 0.019275
0 0.381517 0.858560 0.022485 0.031137
0 0.360762 0.859302 0.025944 0.019275
0 0.344763 0.857078 0.028538 0.028171
0 0.333305 0.851147 0.024647 0.031137
1 0.306712 0.850776 0.016431 0.027430
0 0.332656 0.795175 0.051023 0.027430
0 0.284228 0.786649 0.044104 0.041516
0 0.302821 0.705842 0.043240 0.029654
0 0.353195 0.702877 0.046266 0.028171
0 0.418486 0.702877 0.051455 0.025206
0 0.463455 0.708437 0.043672 0.034844
0 0.503236 0.708437 0.038483 0.027430
0 0.570257 0.703618 0.073075 0.020758
0 0.637494 0.706213 0.048428 0.017051
0 0.705380 0.712514 0.066589 0.032619
0 0.836829 0.777012 0.031997 0.057825
0 0.825370 0.775529 0.030700 0.057825
0 0.816074 0.772934 0.037186 0.055601
0 0.803967 0.771822 0.035456 0.059308
0 0.791643 0.771452 0.038483 0.065980
0 0.804183 0.810743 0.054049 0.015568
0 0.747035 0.811855 0.044969 0.029654
0 0.765844 0.775158 0.028106 0.052636
0 0.755250 0.769228 0.031132 0.058567
0 0.742927 0.774417 0.029835 0.060050
0 0.729306 0.766633 0.030268 0.060791
0 0.700768 0.810373 0.051023 0.032619
0 0.705308 0.779236 0.034159 0.056343
0 0.692337 0.775900 0.038483 0.058567
0 0.681094 0.772564 0.041078 0.054860
0 0.670284 0.770710 0.035889 0.052636
0 0.657313 0.809631 0.047131 0.025206
0 0.647800 0.775158 0.039348 0.054119
0 0.635909 0.769598 0.030268 0.069687
0 0.622072 0.769969 0.032862 0.058567
0 0.611695 0.764038 0.033727 0.052636
0 0.609965 0.804442 0.044969 0.026689
0 0.590507 0.766262 0.041510 0.060050
0 0.575374 0.769969 0.031997 0.057084
0 0.563699 0.771081 0.038051 0.057825
0 0.556348 0.765521 0.036321 0.057084
0 0.558726 0.801106 0.046266 0.030395
0 0.517649 0.765150 0.036754 0.062274
0 0.504677 0.768116 0.039348 0.056343
0 0.491921 0.763667 0.038051 0.057825
0 0.495381 0.799994 0.049293 0.022241
0 0.467275 0.767745 0.041510 0.063015
0 0.456681 0.767745 0.038483 0.057084
0 0.445007 0.764038 0.036754 0.052636
0 0.433764 0.765150 0.040213 0.059308
0 0.410847 0.769228 0.042807 0.052636
0 0.397011 0.768116 0.039348 0.057825
0 0.385552 0.768116 0.038051 0.057825
0 0.373013 0.766262 0.042375 0.061532
0 0.365013 0.757737 0.039348 0.045964
0 0.347501 0.764409 0.036321 0.059308
0 0.397659 0.798511 0.046699 0.032619
0 0.443493 0.803700 0.041510 0.031137
0 0.006126 0.504936 0.012251 0.020758
0 0.013981 0.498634 0.027673 0.027430
0 0.054410 0.510496 0.046266 0.028913
0 0.097217 0.504565 0.044537 0.024465
0 0.131808 0.511978 0.043672 0.021499
0 0.186074 0.510866 0.046699 0.023723
0 0.232773 0.515685 0.046699 0.025947
0 0.276012 0.519021 0.041510 0.025206
0 0.360978 0.512720 0.030700 0.030395
0 0.394272 0.515314 0.051455 0.031137
0 0.405731 0.491591 0.039780 0.056343
0 0.394705 0.491962 0.035024 0.051153
0 0.379571 0.484178 0.030700 0.044481
0 0.368545 0.484548 0.030268 0.046705
0 0.358600 0.482695 0.030268 0.044481
0 0.348222 0.486031 0.030268 0.048188
0 0.337628 0.484919 0.032430 0.051895
0 0.317954 0.491221 0.028538 0.052636
0 0.305847 0.485660 0.031997 0.050412
0 0.296335 0.486772 0.030268 0.049671
0 0.286822 0.487514 0.031132 0.052636
0 0.274931 0.482324 0.028970 0.055601
0 0.263257 0.480100 0.024647 0.048188
0 0.254176 0.484548 0.028970 0.049671
0 0.239907 0.481212 0.031565 0.056343
0 0.220666 0.477135 0.025944 0.054119
0 0.211802 0.482324 0.028970 0.048188
0 0.202721 0.488626 0.028106 0.045964
0 0.187371 0.477876 0.028538 0.054119
0 0.178723 0.479730 0.029403 0.044481
0 0.167265 0.478247 0.027241 0.053377
0 0.154725 0.476393 0.030700 0.058567
0 0.145861 0.475652 0.031997 0.058567
0 0.125971 0.483066 0.027673 0.057084
0 0.115594 0.478988 0.031997 0.054860
0 0.103919 0.477876 0.032862 0.054119
0 0.093758 0.476764 0.030700 0.053377
0 0.085110 0.475652 0.032430 0.049671
0 0.075597 0.482324 0.028106 0.048188
0 0.063490 0.478988 0.032430 0.051895
0 0.711866 0.339490 0.025944 0.025947
0 0.722460 0.340232 0.038483 0.040774
0 0.702570 0.329853 0.035024 0.040774
0 0.690463 0.329482 0.035024 0.037068
0 0.682680 0.325034 0.039348 0.038550
0 0.672951 0.320586 0.033727 0.032619
0 0.665168 0.318362 0.038916 0.037068
0 0.655655 0.311319 0.034592 0.037809
0 0.647223 0.306130 0.035889 0.034844
0 0.621063 0.326887 0.039780 0.028913
0 0.624523 0.300569 0.031997 0.040033
0 0.613064 0.292415 0.034159 0.038550
0 0.598579 0.292415 0.032862 0.032619
0 0.591228 0.287966 0.038916 0.035585
0 0.576959 0.284260 0.039780 0.038550
0 0.566149 0.279812 0.039780 0.037068
0 0.557069 0.276105 0.039780 0.041516
0 0.545394 0.270174 0.040645 0.041516
0 0.534152 0.265355 0.044104 0.045222
1 0.507560 0.266467 0.014269 0.019275
0 0.522477 0.264243 0.033727 0.038550
0 0.505614 0.251640 0.042375 0.042998