0 0.500065 0.550529 0.064427 0.026689
0 0.486228 0.507160 0.047131 0.067463
0 0.469365 0.507530 0.050590 0.074135
0 0.456609 0.513090 0.051023 0.077842
0 0.441043 0.508642 0.052752 0.074877
0 0.426990 0.510125 0.051455 0.071911
0 0.411424 0.509384 0.053185 0.082290
0 0.396939 0.516427 0.060535 0.083031
0 0.364077 0.512349 0.049293 0.082290
0 0.342457 0.524581 0.044969 0.063756
0 0.320189 0.519763 0.050590 0.080807
0 0.307217 0.525323 0.054049 0.080066
0 0.288840 0.519392 0.052752 0.080066
0 0.271112 0.513461 0.057076 0.080066
0 0.322999 0.589450 0.070913 0.031878
0 0.238466 0.594639 0.066156 0.031878
0 0.182255 0.597234 0.031565 0.023723
0 0.154581 0.597975 0.041078 0.035585
0 0.234358 0.511978 0.048428 0.074135
0 0.231764 0.534960 0.042375 0.069687
0 0.209063 0.519392 0.052320 0.074135
0 0.186146 0.530883 0.049725 0.068946
0 0.168634 0.528659 0.044104 0.073394
0 0.191983 0.406336 0.064859 0.033361
0 0.341376 0.401517 0.028970 0.019275
1 0.394993 0.339614 0.023782 0.018534
1 0.366455 0.231377 0.014269 0.025947
1 0.362563 0.284013 0.013404 0.018534
1 0.375967 0.282530 0.011675 0.022982
1 0.386129 0.232118 0.015566 0.022982
1 0.396939 0.281418 0.021620 0.028171
1 0.398452 0.231747 0.015134 0.020758
1 0.408613 0.228782 0.020755 0.026689
1 0.426342 0.229523 0.022485 0.028171
1 0.433260 0.226558 0.021620 0.025206
1 0.417261 0.275487 0.019890 0.031137
1 0.427422 0.280306 0.022917 0.027430
1 0.502443 0.266591 0.018161 0.028171
1 0.569680 0.204688 0.013404 0.018534
1 0.577464 0.206541 0.014269 0.022241
1 0.550006 0.262143 0.011242 0.031137
1 0.559087 0.257695 0.012107 0.025206
1 0.565357 0.258436 0.016863 0.026689
1 0.579842 0.401888 0.019890 0.027430
1 0.563627 0.404112 0.015134 0.028913
1 0.553466 0.403370 0.021620 0.028913
1 0.546115 0.409672 0.017296 0.029654
1 0.707831 0.417827 0.021620 0.020758
1 0.671293 0.498634 0.024647 0.038550
1 0.667402 0.453041 0.019458 0.024465
1 0.657889 0.453412 0.018593 0.034102
1 0.645133 0.455636 0.020755 0.029654
1 0.633026 0.453412 0.014701 0.031137
1 0.613569 0.457860 0.022485 0.025206
1 0.603191 0.457489 0.020755 0.024465
1 0.589787 0.457118 0.020755 0.026689
1 0.579626 0.457489 0.019458 0.028913
0 0.068030 0.145998 0.029403 0.040033
0 0.076678 0.224210 0.047563 0.061532
0 0.029979 0.224952 0.028538 0.030395
0 0.011170 0.271657 0.022052 0.034844
0 0.050086 0.282036 0.026376 0.039292
0 0.054194 0.390273 0.023349 0.051153
0 0.075165 0.650488 0.057509 0.079325
0 0.090298 0.650858 0.062697 0.077101
0 0.115594 0.641221 0.054482 0.075618
0 0.131592 0.643074 0.055347 0.077842
0 0.156887 0.646781 0.054914 0.080807
0 0.173102 0.647893 0.057076 0.077101
0 0.189101 0.647522 0.056211 0.080807
0 0.214828 0.642333 0.034159 0.068946
0 0.232556 0.641591 0.037618 0.080807
0 0.240988 0.638255 0.054482 0.083031
0 0.264554 0.645669 0.056644 0.084514
0 0.287038 0.640479 0.053185 0.075618
0 0.304766 0.637885 0.052320 0.076359
0 0.318171 0.637885 0.051455 0.080807
0 0.338061 0.632695 0.054049 0.086738
0 0.356005 0.631954 0.056211 0.083773
0 0.383030 0.634919 0.054049 0.080807
0 0.398596 0.636773 0.052320 0.078583
0 0.418486 0.631583 0.048861 0.078583
0 0.438593 0.625282 0.037186 0.055601
0 0.446808 0.636031 0.055347 0.080066
0 0.465617 0.633437 0.050590 0.089704
0 0.694138 0.728330 0.076102 0.039292
0 0.596849 0.730924 0.074372 0.032619
0 0.519451 0.735743 0.076966 0.031878
0 0.429080 0.739079 0.078696 0.037068
0 0.345844 0.733519 0.065292 0.034844
0 0.287471 0.747234 0.068751 0.034102
0 0.225638 0.746493 0.066156 0.031137
0 0.162941 0.746863 0.062697 0.051153
0 0.097433 0.753906 0.072642 0.037068
1 0.200559 0.830266 0.024647 0.020758
1 0.205316 0.856584 0.027241 0.022982
1 0.263473 0.943692 0.019890 0.028171
1 0.605281 0.837679 0.034159 0.026689
1 0.775645 0.811361 0.024647 0.021499
1 0.885257 0.826929 0.025079 0.024465
1 0.881581 0.874005 0.026376 0.028171
1 0.936351 0.891798 0.032430 0.022241
1 0.991417 0.917745 0.017166 0.026689
1 0.264770 0.234589 0.019025 0.022982
1 0.255473 0.284630 0.020323 0.026689
0 0.879924 0.518156 0.070048 0.031137
0 0.930298 0.444762 0.056644 0.080066
0 0.970878 0.514450 0.058244 0.074135
0 0.905868 0.616756 0.051887 0.078583
0 0.893112 0.613420 0.054914 0.082290
0 0.854629 0.624170 0.048861 0.077101
0 0.845332 0.618980 0.058806 0.078583
0 0.826956 0.620463 0.054049 0.078583
0 0.815065 0.621204 0.051887 0.078583
0 0.794310 0.621204 0.060535 0.085997
0 0.763682 0.619722 0.047996 0.081549
0 0.748764 0.614903 0.048428 0.080807
0 0.729306 0.623799 0.051023 0.080807
0 0.713740 0.617127 0.049293 0.080807
0 0.700336 0.621575 0.053617 0.073394
0 0.684770 0.620834 0.047563 0.082290
0 0.661204 0.628988 0.059238 0.085255