1 0.536602 0.407077 0.013837 0.020017
1 0.568599 0.406336 0.020755 0.028913
1 0.457042 0.375199 0.025944 0.028913
0 0.590219 0.457489 0.017296 0.025947
0 0.612488 0.456377 0.015999 0.025206
0 0.644917 0.454524 0.021187 0.030395
0 0.671726 0.454894 0.025511 0.034102
0 0.708479 0.554977 0.064427 0.029654
0 0.664159 0.628741 0.045834 0.076359
0 0.673239 0.640232 0.036321 0.057825
0 0.687292 0.646904 0.029835 0.050412
0 0.705236 0.641715 0.031132 0.053377
0 0.841873 0.500858 0.058806 0.042998
0 0.952782 0.507530 0.027241 0.041516
0 0.903057 0.623181 0.053185 0.081549
0 0.837333 0.598717 0.029835 0.045964
0 0.845548 0.616509 0.047131 0.075618
0 0.796472 0.625776 0.049293 0.074877
0 0.765772 0.623923 0.057076 0.080066
0 0.890950 0.384095 0.047996 0.079325
0 0.823496 0.379647 0.025511 0.015568
0 0.823929 0.365932 0.034159 0.016310
1 0.575734 0.259795 0.010810 0.030395
1 0.547412 0.260166 0.009513 0.025206
1 0.504821 0.274993 0.022052 0.025206
1 0.432395 0.349499 0.016431 0.018534
1 0.423315 0.281294 0.015566 0.022982
1 0.379210 0.283148 0.015566 0.032619
1 0.337484 0.281665 0.022917 0.026689
1 0.329053 0.345792 0.019890 0.018534
1 0.350672 0.348387 0.017296 0.022241
0 0.292731 0.350240 0.058806 0.036326
0 0.173174 0.405471 0.031565 0.022241
0 0.083596 0.357283 0.020755 0.032619
0 0.132673 0.159342 0.022917 0.031137
0 0.083380 0.641221 0.041942 0.051895
0 0.098298 0.647893 0.055347 0.077101
0 0.127052 0.648634 0.061832 0.078583
0 0.162292 0.644186 0.052752 0.072653
0 0.194073 0.642333 0.066156 0.094152
0 0.174399 0.749829 0.065724 0.039292
0 0.238826 0.739079 0.062265 0.037068
0 0.224773 0.638626 0.056644 0.074877
0 0.238394 0.644928 0.057941 0.077101
0 0.270823 0.648634 0.051887 0.078583
0 0.289849 0.643074 0.050158 0.074877
0 0.308874 0.739821 0.062265 0.029654
0 0.335899 0.594145 0.060968 0.021499
0 0.357519 0.629730 0.056644 0.083773
0 0.385192 0.641221 0.049725 0.081549
0 0.405298 0.637514 0.049293 0.080066
0 0.418703 0.635661 0.046699 0.079325
0 0.411352 0.736855 0.090803 0.029654
0 0.461726 0.635661 0.054914 0.094152
0 0.517505 0.733148 0.074804 0.032619
0 0.598146 0.727218 0.063130 0.032619
0 0.686571 0.725364 0.069616 0.030395
0 0.167697 0.530018 0.043672 0.078583
0 0.181750 0.525199 0.044969 0.070428
0 0.197965 0.526682 0.047131 0.076359
0 0.207910 0.521863 0.046266 0.068204
0 0.244231 0.524828 0.054049 0.074135
0 0.278174 0.523716 0.044969 0.071911
0 0.290497 0.519639 0.054049 0.074135
0 0.303037 0.511113 0.046266 0.061532
0 0.321846 0.517786 0.043240 0.067463
0 0.332224 0.515932 0.048428 0.075618
0 0.346276 0.512225 0.050590 0.075618
0 0.365734 0.516303 0.056644 0.080807
0 0.402704 0.515932 0.052752 0.083031
0 0.413514 0.513708 0.053617 0.081549
1 0.448105 0.495545 0.017296 0.031878
1 0.464320 0.522604 0.015999 0.028171
0 0.445079 0.510001 0.051023 0.077101
0 0.476643 0.507777 0.051887 0.078583
0 0.488751 0.504812 0.051887 0.072653
1 0.071706 0.906254 0.028970 0.025947
1 0.143699 0.905142 0.025944 0.025206
0 0.128565 0.956666 0.037186 0.034844
1 0.453510 0.918486 0.028106 0.029654
1 0.581715 0.934796 0.028538 0.025206
1 0.489832 0.801723 0.024647 0.022982
1 0.704083 0.928865 0.022485 0.022241
1 0.817659 0.894022 0.022485 0.017792
0 0.838630 0.915892 0.075669 0.027430
1 0.838198 0.812473 0.021187 0.026689