1 0.577031 0.460084 0.013404 0.026689
1 0.608380 0.458230 0.016431 0.027430
1 0.632378 0.456748 0.015999 0.025947
1 0.637350 0.461196 0.019890 0.022982
1 0.661781 0.457860 0.014269 0.022241
1 0.580274 0.256953 0.013837 0.029654
1 0.566005 0.259177 0.012972 0.025206
1 0.538116 0.261772 0.012539 0.022982
1 0.554979 0.208024 0.013404 0.031137
1 0.574004 0.208395 0.013404 0.031878
0 0.916894 0.436360 0.051455 0.085997
0 0.967051 0.510496 0.054914 0.074135
0 0.898084 0.615768 0.041510 0.083031
0 0.864790 0.620957 0.040645 0.080066
0 0.836468 0.619104 0.041942 0.073394
0 0.807498 0.617621 0.047996 0.070428
0 0.789986 0.617621 0.041510 0.077842
0 0.755827 0.623181 0.046699 0.075618
0 0.737450 0.626888 0.041078 0.078583
0 0.708263 0.621328 0.044969 0.077842
0 0.692048 0.625405 0.042807 0.081549
0 0.676266 0.623923 0.045834 0.078583
0 0.663078 0.615397 0.047996 0.074877
0 0.523630 0.688050 0.058806 0.025947
0 0.455312 0.639862 0.046699 0.074877
0 0.444070 0.630595 0.048428 0.084514
0 0.409262 0.639491 0.047996 0.077101
0 0.393912 0.636526 0.046699 0.077101
0 0.377265 0.640232 0.052320 0.072653
0 0.347429 0.633189 0.048861 0.073394
0 0.329485 0.639120 0.049293 0.073394
0 0.438881 0.558684 0.063130 0.028171
0 0.258140 0.650611 0.055347 0.078583
0 0.230899 0.645051 0.049293 0.073394
0 0.184633 0.648016 0.065724 0.092669
0 0.151554 0.650611 0.064427 0.088962
0 0.104640 0.649870 0.054482 0.074135
0 0.071345 0.650611 0.053617 0.077101
0 0.099379 0.750323 0.067021 0.021499
1 0.153428 0.742539 0.017728 0.022241
0 0.208559 0.742910 0.063130 0.031878
0 0.279688 0.741427 0.063562 0.033361
0 0.368761 0.740315 0.058373 0.025206
0 0.436431 0.734384 0.063994 0.026689
0 0.546043 0.729936 0.062697 0.029654
0 0.670789 0.724376 0.061400 0.025947
1 0.985796 0.800364 0.028408 0.028171
1 0.574437 0.818527 0.035024 0.024465
1 0.456609 0.823346 0.028538 0.026689
1 0.305487 0.808890 0.028106 0.017051
1 0.294245 0.830760 0.024647 0.023723
0 0.026736 0.818157 0.035889 0.035585
0 0.159482 0.533478 0.040213 0.065239
0 0.174616 0.532736 0.041942 0.068204
0 0.187155 0.521616 0.038483 0.056343
0 0.217639 0.519392 0.044104 0.068204
0 0.233205 0.518651 0.048428 0.069687
0 0.264121 0.524952 0.047996 0.068946
0 0.282282 0.523099 0.045401 0.078583
0 0.315793 0.525323 0.048428 0.068204
0 0.327683 0.520133 0.039348 0.066722
0 0.343250 0.520504 0.044537 0.070428
0 0.358167 0.518280 0.044969 0.073394
0 0.390164 0.516427 0.045834 0.083031
0 0.406163 0.516427 0.047563 0.074135
0 0.437728 0.517539 0.044969 0.070428
0 0.450916 0.517909 0.048861 0.071170
0 0.467563 0.516427 0.044104 0.068204
0 0.477508 0.505677 0.045834 0.068946
0 0.298785 0.400776 0.056211 0.032619
0 0.226791 0.361484 0.067886 0.037068
0 0.158257 0.362967 0.059671 0.028171
1 0.541935 0.913297 0.023349 0.025206
1 0.711218 0.927383 0.028970 0.031137
1 0.801372 0.924788 0.019890 0.025947
1 0.942405 0.881789 0.027241 0.028913
0 0.810380 0.429565 0.029835 0.021499
1 0.871780 0.344309 0.014269 0.024465