1 0.011170 0.595380 0.016863 0.021499
1 0.124241 0.617992 0.016431 0.019275
1 0.151050 0.610578 0.014701 0.016310
1 0.184128 0.628371 0.013404 0.022241
1 0.010017 0.645792 0.020034 0.020017
0 0.013476 0.708437 0.026952 0.022241
0 0.065220 0.723264 0.043672 0.031137
0 0.109108 0.727712 0.038916 0.028171
0 0.154942 0.733643 0.042375 0.034102
0 0.009152 0.772564 0.018304 0.043740
0 0.036033 0.806666 0.040645 0.052636
0 0.098946 0.767004 0.017728 0.029654
1 0.087272 0.817045 0.011675 0.018534
0 0.124890 0.826682 0.022917 0.022982
0 0.111270 0.874005 0.030268 0.023723
0 0.142618 0.876600 0.015134 0.030395
0 0.211369 0.888091 0.042807 0.029654
0 0.254392 0.893280 0.041510 0.028171
0 0.282066 0.931831 0.039780 0.025206
0 0.330926 0.935538 0.040645 0.019275
0 0.307145 0.901435 0.020755 0.020758
0 0.335034 0.901435 0.039348 0.031137
0 0.385408 0.909590 0.044104 0.026689
1 0.412865 0.960002 0.012539 0.019275
1 0.300659 0.973717 0.015566 0.012603
1 0.279688 0.970010 0.010810 0.021499
1 0.250068 0.949253 0.014701 0.014086
1 0.251582 0.967045 0.009945 0.021499
1 0.244015 0.967786 0.013837 0.021499
1 0.234718 0.966674 0.012539 0.020758
1 0.188668 0.961485 0.012107 0.023723
1 0.172021 0.958149 0.010810 0.018534
1 0.160995 0.955183 0.011242 0.021499
1 0.119918 0.952218 0.012972 0.021499
1 0.123377 0.925900 0.012972 0.016310
1 0.113864 0.902918 0.012972 0.023723
1 0.235151 0.920710 0.015134 0.020758
1 0.202073 0.917374 0.011242 0.022982
1 0.196235 0.917004 0.011675 0.017792
1 0.188668 0.916262 0.012972 0.020758
1 0.180237 0.914038 0.013404 0.016310
1 0.171589 0.912556 0.015999 0.026689
1 0.160346 0.911814 0.011675 0.019275
1 0.152347 0.908107 0.013837 0.029654
1 0.131808 0.906995 0.010810 0.018534
0 0.107162 0.771699 0.017728 0.034102
0 0.135268 0.776147 0.022052 0.031137
0 0.149537 0.793198 0.042807 0.059308
0 0.161211 0.796905 0.034159 0.048929
0 0.170292 0.802094 0.035024 0.047447
0 0.185858 0.804689 0.034159 0.049671
0 0.172237 0.834343 0.041510 0.025947
0 0.206397 0.806172 0.035456 0.051153
0 0.217423 0.809137 0.041078 0.058567
0 0.232773 0.811732 0.032862 0.048929
0 0.216774 0.844351 0.042375 0.028171
0 0.244664 0.816551 0.035024 0.048188
0 0.269094 0.853247 0.041510 0.028171
0 0.264121 0.822111 0.035889 0.051895
0 0.278390 0.819516 0.035889 0.052636
0 0.290065 0.826929 0.039348 0.055601
0 0.305631 0.822481 0.034159 0.048188
0 0.325305 0.832490 0.036321 0.051895
0 0.343898 0.824705 0.038916 0.051153
0 0.354276 0.828412 0.037186 0.054119
0 0.351249 0.863997 0.016431 0.017051
0 0.370923 0.828041 0.035024 0.051895
0 0.396002 0.829524 0.032430 0.047447
0 0.408974 0.832860 0.035024 0.049671
0 0.421945 0.831748 0.037618 0.051895
0 0.434485 0.835455 0.036754 0.051895
0 0.387786 0.863997 0.042807 0.024465
1 0.468212 0.883272 0.014269 0.018534
0 0.483129 0.888091 0.037186 0.044481
0 0.514262 0.840274 0.044104 0.048188
0 0.585607 0.793569 0.043240 0.030395
1 0.335466 0.653082 0.019458 0.019275
1 0.409838 0.662349 0.021187 0.018534
1 0.497398 0.653824 0.021620 0.026689
1 0.525720 0.669763 0.019458 0.021499
1 0.574365 0.675323 0.019890 0.019275
1 0.663654 0.679030 0.016863 0.020758
1 0.734351 0.738338 0.013837 0.014827
1 0.754673 0.681254 0.012972 0.016310
1 0.802453 0.686443 0.017728 0.017792
1 0.872501 0.681624 0.015134 0.017051
1 0.929433 0.685331 0.016863 0.022982
1 0.983915 0.681254 0.017728 0.016310
1 0.984347 0.664203 0.015134 0.014827
0 0.968565 0.588585 0.036321 0.020758
1 0.983050 0.521122 0.014269 0.025206
1 0.917326 0.474417 0.015999 0.017792
1 0.965971 0.468486 0.016431 0.022241
1 0.882518 0.473305 0.015566 0.018534
0 0.900895 0.497028 0.018593 0.015568
0 0.816794 0.489985 0.044969 0.016310
0 0.893761 0.530018 0.036321 0.051895
0 0.881437 0.530018 0.036754 0.051895
0 0.864574 0.542621 0.019458 0.028171
0 0.861547 0.534837 0.035024 0.048188
0 0.850089 0.535949 0.033727 0.053377
0 0.858088 0.501105 0.022917 0.016310
0 0.833009 0.530018 0.033294 0.060791
0 0.817010 0.533725 0.022052 0.040033
0 0.809876 0.524828 0.039780 0.056343
0 0.794093 0.527794 0.035024 0.054860
0 0.732045 0.480347 0.031132 0.022241
0 0.742206 0.496286 0.044537 0.017051
0 0.773555 0.525941 0.039780 0.052636
0 0.755610 0.531501 0.036754 0.054860
0 0.740476 0.536690 0.033294 0.056343
0 0.731396 0.532242 0.031565 0.056343
0 0.712155 0.525570 0.038051 0.057825
0 0.699831 0.523346 0.040213 0.059308
0 0.685779 0.528535 0.033727 0.050412
1 0.673888 0.521863 0.014269 0.020758
1 0.664375 0.540397 0.014269 0.022241
0 0.685562 0.493692 0.039348 0.026689
0 0.647295 0.497769 0.043240 0.022982
0 0.649890 0.528535 0.033727 0.054860
0 0.637350 0.528535 0.033727 0.056343
0 0.624595 0.527423 0.034159 0.051153
0 0.610326 0.529647 0.034159 0.054119
0 0.600813 0.495916 0.041942 0.020758
0 0.586760 0.532983 0.031132 0.044481
0 0.574437 0.531871 0.032430 0.051153
0 0.561249 0.533354 0.033727 0.058567
0 0.583517 0.453288 0.046266 0.020017
0 0.638215 0.454029 0.039780 0.021499
0 0.666321 0.450323 0.020755 0.015568
1 0.679293 0.451064 0.012107 0.015568
0 0.701993 0.453659 0.018593 0.029654
0 0.732477 0.450693 0.016431 0.032619
0 0.742855 0.450323 0.018161 0.025947
0 0.753232 0.451064 0.018161 0.030395
0 0.762312 0.452917 0.019025 0.031137
1 0.780257 0.454771 0.013404 0.020017
1 0.786959 0.452547 0.012972 0.020017
1 0.792796 0.451805 0.013404 0.021499
1 0.803390 0.452917 0.012972 0.020758
1 0.832360 0.453659 0.013837 0.020758
1 0.848791 0.452547 0.019025 0.021499
1 0.855710 0.449211 0.016431 0.025206
1 0.862628 0.448840 0.014701 0.018534
0 0.977148 0.372357 0.045704 0.051895
1 0.934838 0.384589 0.012107 0.028913
1 0.922515 0.383107 0.010810 0.024465
1 0.917110 0.386813 0.013837 0.021499
1 0.891599 0.379029 0.011242 0.023723
1 0.881221 0.381624 0.012972 0.024465
1 0.873654 0.378659 0.011675 0.020017
1 0.867817 0.379029 0.013837 0.023723
1 0.861331 0.377547 0.015566 0.023723
1 0.853115 0.377917 0.012972 0.020017
1 0.847062 0.380512 0.015566 0.023723
1 0.839711 0.376435 0.012972 0.022982
1 0.834306 0.377547 0.015134 0.020758
1 0.827388 0.377176 0.011675 0.018534
1 0.821334 0.379029 0.013404 0.020758
1 0.814848 0.378288 0.010810 0.019275
1 0.809876 0.379400 0.014701 0.021499
1 0.802741 0.381995 0.013404 0.020758
1 0.791715 0.378288 0.013837 0.019275
1 0.772906 0.380141 0.017728 0.027430
1 0.793877 0.398304 0.016431 0.020758
1 0.822199 0.399787 0.018593 0.011862
0 0.717776 0.357901 0.033727 0.051153
0 0.679725 0.369392 0.022485 0.034102
0 0.617244 0.416097 0.040213 0.023723
0 0.645782 0.420916 0.019458 0.020017
1 0.670429 0.402753 0.014269 0.013344
1 0.660916 0.420174 0.014269 0.017051
1 0.678644 0.420174 0.012539 0.017051
0 0.736585 0.416838 0.017728 0.031137
1 0.746098 0.420545 0.012539 0.014827
1 0.767934 0.422769 0.008648 0.019275
1 0.776149 0.417580 0.011242 0.017792
1 0.782203 0.419433 0.013837 0.015568
1 0.790202 0.418692 0.009945 0.017051
1 0.804687 0.423140 0.011242 0.021499
1 0.813767 0.416097 0.012972 0.020758
1 0.820686 0.415726 0.009513 0.022982
1 0.827172 0.420174 0.012107 0.018534
1 0.833658 0.418692 0.012107 0.021499
1 0.842954 0.422028 0.008216 0.017792
1 0.850521 0.417950 0.010377 0.018534
1 0.857872 0.412761 0.011242 0.021499
1 0.864790 0.417950 0.012972 0.018534
1 0.873438 0.422028 0.014701 0.023723
1 0.751503 0.152670 0.007783 0.029654
1 0.771609 0.153040 0.009945 0.018534
1 0.778311 0.152299 0.008648 0.020017
1 0.785013 0.151928 0.009080 0.023723
1 0.793877 0.151928 0.008648 0.020758
1 0.797985 0.154152 0.010810 0.020758
1 0.809227 0.153782 0.006486 0.020017
1 0.815281 0.153040 0.009080 0.025947