1 0.421153 0.583519 0.014701 0.020017
1 0.392182 0.586855 0.020755 0.019275
1 0.593030 0.675076 0.016863 0.017792
1 0.357807 0.654689 0.027241 0.017051
1 0.300082 0.695463 0.021620 0.022982
1 0.247762 0.642827 0.013837 0.015568
1 0.272193 0.626888 0.018593 0.019275
1 0.150041 0.673593 0.015566 0.017792
1 0.030412 0.588708 0.015566 0.017051
1 0.686571 0.719928 0.015134 0.018534
1 0.769159 0.669516 0.016863 0.014086
1 0.806993 0.683972 0.016431 0.020758
1 0.856286 0.667662 0.013837 0.020758
1 0.882014 0.676188 0.016863 0.020017
1 0.968997 0.465273 0.013837 0.019275
1 0.991417 0.467868 0.017166 0.018534
1 0.971159 0.370009 0.012972 0.020017
0 0.987742 0.404853 0.024516 0.018534
1 0.895418 0.488749 0.013116 0.018781
0 0.020178 0.724994 0.040356 0.029654
0 0.069111 0.732778 0.041942 0.031878
0 0.013909 0.776518 0.027817 0.058567
0 0.056572 0.825076 0.035889 0.031137
0 0.004396 0.907737 0.008792 0.028913
0 0.097433 0.820257 0.045834 0.021499
0 0.144132 0.830266 0.040645 0.026689
0 0.186506 0.838420 0.042375 0.028171
0 0.088785 0.780595 0.031132 0.034102
0 0.095055 0.785414 0.036754 0.046705
0 0.104351 0.791345 0.037186 0.049671
0 0.115377 0.790974 0.036754 0.051895
0 0.123809 0.792457 0.036321 0.048929
0 0.146077 0.797646 0.037618 0.050412
0 0.161211 0.799129 0.035024 0.048929
0 0.173751 0.800982 0.034159 0.052636
0 0.184128 0.803948 0.035024 0.048188
0 0.207045 0.805060 0.040213 0.053377
0 0.220233 0.808025 0.035456 0.050412
0 0.230611 0.813956 0.035456 0.050412
0 0.244015 0.813214 0.037186 0.050412
0 0.232124 0.846205 0.041942 0.025947
0 0.267148 0.817292 0.037618 0.048188
0 0.280120 0.818404 0.041942 0.051895
0 0.293092 0.817292 0.036754 0.048188
0 0.304766 0.825076 0.035024 0.048929
0 0.274931 0.855471 0.039348 0.026689
0 0.331575 0.822852 0.039348 0.054860
0 0.320333 0.861773 0.041078 0.022982
0 0.346493 0.820628 0.033727 0.050412
0 0.356221 0.827300 0.039348 0.056343
0 0.369842 0.826929 0.033727 0.046705
0 0.374814 0.864368 0.041942 0.020758
0 0.392326 0.830266 0.035456 0.047447
0 0.404433 0.837679 0.018161 0.026689
0 0.418270 0.817663 0.021620 0.037068
0 0.422594 0.830266 0.037186 0.050412
0 0.433188 0.835826 0.039348 0.057084
0 0.477076 0.896246 0.045834 0.051895
1 0.435134 0.898841 0.013837 0.014086
0 0.399029 0.904771 0.019458 0.022982
0 0.383246 0.908107 0.019025 0.025206
0 0.359897 0.906625 0.019025 0.028171
0 0.327683 0.903659 0.039348 0.020758
0 0.299794 0.899211 0.017296 0.028171
1 0.284228 0.896987 0.011242 0.020758
0 0.259365 0.891056 0.033294 0.029654
0 0.206397 0.879565 0.041510 0.028913
1 0.127701 0.874005 0.011242 0.019275
1 0.117972 0.868816 0.012539 0.020758
1 0.115377 0.903289 0.014269 0.020017
1 0.128565 0.904030 0.010377 0.018534
1 0.135268 0.908107 0.007351 0.019275
1 0.142186 0.907366 0.011675 0.017792
1 0.148888 0.908107 0.012107 0.025206
1 0.156023 0.909590 0.013404 0.022241
1 0.164022 0.908849 0.010377 0.017792
1 0.171156 0.909961 0.013404 0.022982
1 0.177642 0.911444 0.015999 0.021499
1 0.182831 0.917745 0.015134 0.022241
1 0.191911 0.913297 0.014269 0.023723
1 0.207694 0.918857 0.012107 0.024465
1 0.215044 0.918857 0.012972 0.021499
1 0.223044 0.917374 0.012539 0.020017
1 0.230611 0.922564 0.014701 0.018534
1 0.254176 0.926641 0.016863 0.023723
1 0.250285 0.945546 0.014269 0.017051
1 0.171373 0.955554 0.013837 0.022241
1 0.178723 0.956295 0.013837 0.020758
1 0.189749 0.956666 0.011675 0.025947
1 0.200127 0.959261 0.010810 0.026689
1 0.210504 0.963338 0.015134 0.025947
1 0.215909 0.962226 0.009513 0.023723
1 0.222179 0.962226 0.009945 0.026689
0 0.305847 0.934055 0.023349 0.020758
0 0.316873 0.936279 0.022917 0.025206
0 0.331143 0.937391 0.022917 0.021499
0 0.347141 0.938874 0.020323 0.018534
0 0.363140 0.939244 0.020323 0.019275
0 0.318819 0.978536 0.018161 0.029654
0 0.301956 0.976312 0.021620 0.031137
1 0.757412 0.378782 0.013837 0.028171
1 0.794814 0.379153 0.011675 0.021499
1 0.827244 0.379523 0.011675 0.023723
1 0.841080 0.378041 0.008216 0.023723
1 0.853836 0.376929 0.014701 0.028913
1 0.867457 0.376558 0.010810 0.023723
1 0.892103 0.376929 0.010810 0.021499
1 0.875240 0.398799 0.014269 0.014827
1 0.875888 0.416591 0.012107 0.023723
1 0.859890 0.414367 0.012972 0.022241
1 0.850809 0.417332 0.013837 0.023723
1 0.836973 0.415850 0.013837 0.022241
1 0.813623 0.417332 0.014701 0.020758
1 0.788977 0.421039 0.009513 0.026689
1 0.767141 0.415850 0.010810 0.022241
1 0.753088 0.418074 0.012107 0.022241
1 0.736225 0.416591 0.011242 0.020758
1 0.841513 0.449952 0.010810 0.020758
1 0.825514 0.451805 0.011675 0.022982
1 0.816866 0.449952 0.011675 0.022241
1 0.808867 0.452176 0.012972 0.020758
1 0.796976 0.452547 0.012539 0.020017
1 0.757412 0.461814 0.019025 0.013344
1 0.733630 0.450693 0.009513 0.020758
0 0.717199 0.451435 0.018161 0.016310
1 0.667041 0.452917 0.016431 0.013344
1 0.683905 0.451064 0.013837 0.014086
1 0.693850 0.452917 0.014701 0.016310
0 0.677419 0.454771 0.054482 0.027430
0 0.628558 0.451805 0.043240 0.020017
0 0.581427 0.450693 0.040645 0.023723
0 0.547484 0.528535 0.030700 0.057825
0 0.560456 0.528535 0.030700 0.051895
0 0.570185 0.533354 0.030268 0.060050
0 0.584454 0.526311 0.038051 0.071170
0 0.608019 0.528906 0.038483 0.054119
0 0.623370 0.525570 0.031132 0.054860
0 0.635693 0.528165 0.036754 0.058567
1 0.636125 0.551517 0.012539 0.022241
0 0.668339 0.530759 0.031132 0.057825
0 0.696660 0.526682 0.032430 0.052636
0 0.724334 0.497028 0.045401 0.020017
0 0.728442 0.533354 0.031997 0.058567
0 0.743143 0.531501 0.034592 0.054860
0 0.758061 0.527794 0.037618 0.060791
0 0.767357 0.533725 0.035456 0.053377
0 0.770816 0.496286 0.038916 0.020017
0 0.807354 0.499993 0.032430 0.027430
0 0.789842 0.530759 0.035456 0.057825
0 0.800651 0.534466 0.027673 0.051895
0 0.813191 0.533725 0.034592 0.056343
0 0.829622 0.529277 0.033727 0.053377
0 0.860106 0.498881 0.039348 0.019275
0 0.850377 0.530018 0.029403 0.057825
0 0.860106 0.532242 0.030700 0.059308
0 0.870051 0.530389 0.031565 0.057084
0 0.879996 0.530018 0.030700 0.048929
0 0.892103 0.527794 0.036754 0.051895
1 0.740909 0.159342 0.008216 0.019275
1 0.746746 0.154894 0.008648 0.028171
1 0.753448 0.156006 0.009080 0.025947
1 0.773122 0.152670 0.006054 0.020758
1 0.785662 0.157118 0.012107 0.019275
1 0.792580 0.153411 0.011242 0.026689
1 0.798850 0.156377 0.009080 0.028171
1 0.805552 0.153782 0.012107 0.028913