1 0.435560 0.492802 0.010774 0.027306
1 0.442586 0.513684 0.009837 0.024094
1 0.468350 0.560265 0.010774 0.020881
1 0.521751 0.586367 0.007963 0.023291
1 0.447973 0.446622 0.007495 0.020078
1 0.440947 0.437386 0.012179 0.019275
1 0.435794 0.423331 0.008432 0.023291
0 0.579367 0.367915 0.015458 0.036141
0 0.312363 0.252666 0.035132 0.041763
0 0.302058 0.218131 0.034195 0.040157
0 0.231794 0.117338 0.025764 0.047385
0 0.268331 0.083205 0.026700 0.049794
1 0.186356 0.057505 0.012648 0.030519
1 0.212120 0.153078 0.011711 0.025700
1 0.493177 0.964508 0.014521 0.033732
1 0.502545 0.987474 0.017332 0.025051
1 0.508635 0.993096 0.018269 0.013807
1 0.542596 0.986193 0.018737 0.025700
1 0.425255 0.721962 0.017332 0.025700
1 0.532056 0.766135 0.014521 0.022488
1 0.532993 0.746859 0.017332 0.019275
1 0.572341 0.763725 0.018269 0.017669
1 0.425957 0.615547 0.011242 0.020078
1 0.558756 0.678593 0.013584 0.024094
1 0.596231 0.657310 0.013584 0.015259
1 0.600681 0.619563 0.013116 0.024897
1 0.859097 0.575792 0.013116 0.025700
0 0.984870 0.688632 0.024827 0.034535
1 0.860736 0.385450 0.013584 0.022488
1 0.860736 0.365774 0.011711 0.018472
1 0.771267 0.302326 0.020142 0.020078
1 0.883455 0.312767 0.014053 0.016866
1 0.932172 0.207155 0.012179 0.022488
1 0.963556 0.392277 0.016863 0.018472
1 0.986978 0.293492 0.015927 0.016866
0 0.986743 0.319593 0.022953 0.025700
0 0.566642 0.233257 0.018737 0.028110
0 0.585847 0.244501 0.018737 0.026503
0 0.683749 0.477409 0.048717 0.036141
0 0.786100 0.494676 0.045438 0.027306
0 0.711386 0.660121 0.051527 0.041763
0 0.771813 0.622776 0.039348 0.034535
0 0.762288 0.672971 0.042159 0.032125
0 0.749172 0.705097 0.029043 0.030519
0 0.755965 0.720758 0.037943 0.021685
0 0.660405 0.873353 0.021079 0.021685
0 0.678674 0.876565 0.018269 0.016866
0 0.675161 0.844038 0.019674 0.024094
0 0.674692 0.860101 0.040285 0.020881
0 0.732075 0.847251 0.041690 0.025700
0 0.742380 0.812315 0.045438 0.026503
0 0.741443 0.794244 0.039816 0.030519
0 0.727391 0.882187 0.044501 0.028110
0 0.724580 0.897446 0.041690 0.031322
0 0.722238 0.923548 0.045438 0.032125
0 0.626210 0.807897 0.045438 0.028913
0 0.634876 0.778583 0.044032 0.037747
0 0.639092 0.732403 0.041222 0.035338
0 0.652676 0.690239 0.040285 0.028110
0 0.653145 0.676987 0.039348 0.032125
0 0.652208 0.662932 0.033727 0.032928
0 0.656424 0.643657 0.041222 0.036141
0 0.660640 0.628799 0.043095 0.033732
0 0.662279 0.604304 0.044501 0.036141
0 0.664387 0.590249 0.044032 0.040157
0 0.666261 0.577800 0.046843 0.040960
0 0.667198 0.560131 0.041222 0.029716
0 0.667900 0.539651 0.038880 0.032125
0 0.668369 0.525597 0.038880 0.037747