1 0.523630 0.571657 0.013837 0.025947
1 0.531413 0.594268 0.006918 0.028171
1 0.472392 0.564614 0.009080 0.019275
1 0.466122 0.547193 0.007783 0.018534
1 0.456609 0.524211 0.011242 0.022982
1 0.447601 0.503082 0.016287 0.023723
1 0.439746 0.486031 0.010377 0.019275
1 0.420792 0.412761 0.013693 0.027924
1 0.488390 0.826929 0.017728 0.031878
1 0.508064 0.925529 0.019025 0.033361
1 0.500713 0.936279 0.014701 0.028171
1 0.085326 0.488502 0.011242 0.016310
0 0.120782 0.450323 0.028538 0.031878
0 0.298064 0.238296 0.033727 0.042257
0 0.304550 0.216426 0.038051 0.041516
1 0.303253 0.240520 0.014701 0.020017
1 0.330494 0.237925 0.013837 0.016310
0 0.275364 0.154894 0.036754 0.040033
0 0.258284 0.214943 0.023349 0.056343
0 0.239475 0.158601 0.022917 0.048929
0 0.229746 0.115973 0.030268 0.051153
0 0.238826 0.111154 0.029403 0.041516
0 0.243150 0.104482 0.027673 0.045964
0 0.250717 0.095215 0.022917 0.054119
0 0.256122 0.089655 0.028538 0.042998
0 0.262392 0.084465 0.027241 0.041516
0 0.268661 0.076310 0.030268 0.047447
1 0.410271 0.337266 0.008216 0.022241
1 0.463672 0.561896 0.012107 0.017792
1 0.456537 0.541880 0.013404 0.017792
1 0.448538 0.525570 0.011242 0.022241
1 0.441187 0.511484 0.014701 0.017792
1 0.435566 0.491468 0.012107 0.019275
1 0.429945 0.475899 0.012107 0.017792
1 0.423243 0.462184 0.009080 0.014086
1 0.384111 0.450693 0.018161 0.019275
1 0.423243 0.443650 0.009945 0.015568
1 0.450051 0.458107 0.009080 0.026689
1 0.446808 0.446987 0.012972 0.010379
1 0.445943 0.437349 0.009513 0.020758
1 0.442268 0.431418 0.015999 0.008896
1 0.438593 0.419556 0.012972 0.017792
1 0.435350 0.415850 0.012539 0.025206
1 0.421513 0.386196 0.013404 0.016310
1 0.448322 0.600076 0.012539 0.025947
1 0.441403 0.604524 0.011675 0.020017
1 0.438593 0.610084 0.015566 0.031137
1 0.460645 0.636402 0.014701 0.022982
1 0.488751 0.625652 0.015566 0.019275
1 0.485291 0.636402 0.015566 0.020017
1 0.485940 0.644557 0.017728 0.030395
1 0.482481 0.657530 0.015134 0.022241
1 0.479670 0.683107 0.014701 0.021499
1 0.474049 0.687926 0.015566 0.020758
1 0.560744 0.681624 0.016863 0.015568
1 0.517721 0.690521 0.014701 0.018534
1 0.541503 0.707942 0.012107 0.016310
1 0.552529 0.718321 0.011675 0.016310
1 0.540638 0.717951 0.017296 0.011120
1 0.538044 0.728700 0.012107 0.014827
1 0.536314 0.737226 0.012972 0.017051
1 0.534368 0.754648 0.011675 0.016310
1 0.531774 0.764285 0.011675 0.019275
1 0.535882 0.804689 0.012972 0.017051
1 0.536963 0.795051 0.012539 0.014086
1 0.556853 0.760578 0.009945 0.029654
1 0.551880 0.726476 0.015566 0.017792
1 0.550367 0.735372 0.011675 0.016310
1 0.543881 0.759837 0.012539 0.014827
1 0.573500 0.772069 0.019025 0.024465
1 0.832721 0.822852 0.014269 0.032619
0 0.976997 0.692745 0.028106 0.040774
0 0.952999 0.640109 0.021620 0.039292
1 0.900030 0.424375 0.012539 0.030395
1 0.877546 0.373963 0.013404 0.022982
1 0.870411 0.397316 0.013837 0.023723
1 0.893544 0.389532 0.012539 0.027430
1 0.908678 0.273139 0.009945 0.031878
1 0.995525 0.411402 0.008950 0.028171
1 0.593246 0.664203 0.012107 0.014827
1 0.595192 0.653082 0.012539 0.020758
1 0.604056 0.614903 0.016431 0.015568
1 0.601029 0.635290 0.017296 0.014827
1 0.651619 0.593774 0.010377 0.013344
1 0.661997 0.588585 0.010377 0.014827
1 0.671942 0.583025 0.013837 0.014086
1 0.682968 0.580059 0.013404 0.014086
1 0.690535 0.564491 0.012107 0.012603
1 0.682319 0.564491 0.009513 0.012603
1 0.674752 0.568568 0.008216 0.010379
1 0.668050 0.570792 0.008648 0.011862
1 0.657457 0.577094 0.011675 0.009638
0 0.666105 0.599705 0.040213 0.028171
0 0.665456 0.616015 0.041510 0.037068
0 0.667834 0.558560 0.036754 0.027430
0 0.675401 0.544104 0.042375 0.029654
0 0.676050 0.530018 0.041078 0.035585
0 0.675833 0.512967 0.041510 0.034102
0 0.678212 0.493321 0.038483 0.031878
0 0.684914 0.474046 0.035456 0.033361
0 0.680374 0.458848 0.036754 0.034102
0 0.682103 0.446616 0.036754 0.030395
0 0.656808 0.644186 0.039780 0.029654
0 0.675833 0.878453 0.044969 0.028171
0 0.681887 0.855842 0.043240 0.022982
1 0.680590 0.764285 0.011242 0.013344
1 0.702210 0.754648 0.009513 0.014827
0 0.682103 0.799870 0.040213 0.045964
0 0.724478 0.922564 0.041078 0.021499
0 0.725126 0.907366 0.043240 0.023723
1 0.561249 0.828412 0.016431 0.018534
0 0.628919 0.811361 0.048861 0.028913
0 0.633243 0.775405 0.050590 0.023723
0 0.638215 0.756501 0.044104 0.031878
0 0.637999 0.742786 0.045401 0.040033
0 0.637566 0.724623 0.043672 0.037809
0 0.644052 0.709425 0.043672 0.037068
0 0.650106 0.688667 0.043672 0.031137
0 0.734207 0.802094 0.039780 0.032619
0 0.742855 0.766139 0.039780 0.031878
0 0.746098 0.744639 0.043672 0.030395
0 0.756259 0.717951 0.038051 0.034844
0 0.755610 0.687926 0.035889 0.035585
1 0.743936 0.663091 0.014269 0.011120
1 0.752151 0.658272 0.012539 0.017792
1 0.764474 0.650858 0.014701 0.014827
1 0.773555 0.645669 0.012107 0.016310
0 0.766853 0.617497 0.039348 0.028171
0 0.770960 0.601188 0.041510 0.034102
0 0.774203 0.582283 0.040213 0.031878
0 0.776798 0.554853 0.035889 0.034844
0 0.775717 0.536690 0.045834 0.029654
1 0.761664 0.543362 0.015134 0.016310
1 0.769663 0.539656 0.012107 0.017792
1 0.784365 0.532613 0.012972 0.015568
0 0.782635 0.507777 0.045834 0.035585
0 0.731180 0.484795 0.039780 0.029654
0 0.737882 0.458848 0.041942 0.026689
0 0.637999 0.389902 0.029835 0.056343
0 0.625243 0.386937 0.026808 0.054860
0 0.611623 0.379523 0.030700 0.053377
0 0.605353 0.372110 0.032862 0.053377